0,1.9999999999999998
1,1.9999999999999998
2,1.9999999999999998
3,1.9999999999999998
4,1.9999999999999998
5,1.9999999999999998
6,1.9999999999999998
7,1.9999999999999998
8,1.9999999999999998
9,1.9999999999999998
10,1.9999999999999998
11,1.9999999999999998
12,1.9999999999999998
13,1.9999999999999998
14,1.9999999999999998
15,1.9999999999999998
16,1.9999999999999998
17,1.9999999999999998
18,1.9999999999999998
19,1.9999999999999998
20,1.9999999999999998
21,1.9999999999999998
22,1.9999999999999998
23,1.9999999999999998
24,1.9999999999999998
25,1.9999999999999998
26,1.9999999999999998
27,1.9999999999999998
28,1.9999999999999998
29,1.9999999999999998
30,1.9999999999999998
31,1.9999999999999998
32,1.9999999999999998
33,1.9999999999999998
34,1.9999999999999998
35,2.0
36,2.000000000000001
37,2.000000000000008
38,2.0000000000000537
39,2.0000000000003473
40,2.0000000000021445
41,2.0000000000126676
42,2.000000000071624
43,2.000000000387669
44,2.000000002008678
45,2.000000009963423
46,2.0000000473103183
47,2.0000002150563443
48,2.0000009358316784
49,2.000003898453163
50,2.000015546620411
51,2.000059351098892
52,2.0002169055324144
53,2.0007588598745776
54,2.002541567483587
55,2.008148746300257
56,2.025010884095581
57,2.0734879928556356
58,2.20670587652215
59,2.5565937901655738
60,3.434739269324426
61,5.540435684011608
62,10.363528266191897
63,20.913480011254972
64,42.94514927104189
65,86.85600454916505
66,170.34950248093452
67,321.7351218241831
68,583.3242993652763
69,1013.80641218815
70,1687.895982478039
71,2691.234307873535
72,4108.936490719601
73,6007.73770355192
74,8414.64874190956
75,11299.11714510137
76,14569.699312509794
77,18097.442810208762
78,21772.080455685194
79,25579.34576377859
80,29659.63889258053
81,34285.078978633755
82,39447.68660095909
83,44667.49059418646
84,49636.79381860401
85,53564.45646516182
86,55307.29830066388
87,53847.03277266103
88,47521.38634136773
89,36587.09313310626
90,24376.648300152447
91,13995.62659694572
92,6910.135941691305
93,2932.016543527875
94,1069.8672760186753
95,336.81444517930674
96,92.54624861784431
97,23.229971075246517
98,6.357715374303235
99,2.7971282398427455
100,2.133952620808058
101,2.021611362653607
102,2.003505149481743
103,2.000584550679969
104,2.000098897418686
105,2.000016439171913
106,2.0000026106669972
107,2.0000003895888776
108,2.0000000542057457
109,2.000000007009471
110,2.000000000841445
111,2.0000000000937352
112,2.0000000000096887
113,2.000000000000929
114,2.0000000000000826
115,2.0000000000000067
116,2.0000000000000004
117,1.9999999999999998
118,1.9999999999999998
119,1.9999999999999998
120,1.9999999999999998
121,1.9999999999999998
122,1.9999999999999998
123,1.9999999999999998
124,1.9999999999999998
125,1.9999999999999998
126,1.9999999999999998
127,1.9999999999999998
128,1.9999999999999998
129,1.9999999999999998
130,1.9999999999999998
131,1.9999999999999998
132,1.9999999999999998
133,1.9999999999999998
134,1.9999999999999998
135,1.9999999999999998
136,1.9999999999999998
137,1.9999999999999998
138,1.9999999999999998
139,1.9999999999999998
140,1.9999999999999998
141,1.9999999999999998
142,1.9999999999999998
143,1.9999999999999998
144,1.9999999999999998
145,1.9999999999999998
146,1.9999999999999998
147,1.9999999999999998
148,1.9999999999999998
149,1.9999999999999998
150,1.9999999999999998
151,1.9999999999999998
152,1.9999999999999998
153,1.9999999999999998
154,1.9999999999999998
155,1.9999999999999998
156,1.9999999999999998
157,1.9999999999999998
158,1.9999999999999998
159,1.9999999999999998
160,1.9999999999999998
161,1.9999999999999998
162,1.9999999999999998
163,1.9999999999999998
164,1.9999999999999998
165,1.9999999999999998
166,1.9999999999999998
167,1.9999999999999998
168,1.9999999999999998
169,1.9999999999999998
170,1.9999999999999998
171,1.9999999999999998
172,1.9999999999999998
173,1.9999999999999998
174,1.9999999999999998
175,1.9999999999999998
176,1.9999999999999998
177,1.9999999999999998
178,1.9999999999999998
179,1.9999999999999998
180,1.9999999999999998
181,1.9999999999999998
182,1.9999999999999998
183,1.9999999999999998
184,1.9999999999999998
185,1.9999999999999998
186,1.9999999999999998
187,1.9999999999999998
188,1.9999999999999998
189,1.9999999999999998
190,1.9999999999999998
191,1.9999999999999998
192,1.9999999999999998
193,1.9999999999999998
194,1.9999999999999998
195,1.9999999999999998
196,1.9999999999999998
197,1.9999999999999998
198,1.9999999999999998
199,1.9999999999999998
200,1.9999999999999998
201,1.9999999999999998
202,1.9999999999999998
203,1.9999999999999998
204,1.9999999999999998
205,1.9999999999999998
206,1.9999999999999998
207,1.9999999999999998
208,1.9999999999999998
209,1.9999999999999998
210,1.9999999999999998
211,1.9999999999999998
212,1.9999999999999998
213,1.9999999999999998
214,1.9999999999999998
215,1.9999999999999998
216,1.9999999999999998
217,1.9999999999999998
218,1.9999999999999998
219,1.9999999999999998
220,1.9999999999999998
221,1.9999999999999998
222,1.9999999999999998
223,1.9999999999999998
224,1.9999999999999998
225,1.9999999999999998
226,1.9999999999999998
227,1.9999999999999998
228,1.9999999999999998
229,1.9999999999999998
230,1.9999999999999998
231,1.9999999999999998
232,1.9999999999999998
233,1.9999999999999998
234,1.9999999999999998
235,1.9999999999999998
236,1.9999999999999998
237,1.9999999999999998
238,1.9999999999999998
239,1.9999999999999998
240,1.9999999999999998
241,1.9999999999999998
242,1.9999999999999998
243,1.9999999999999998
244,1.9999999999999998
245,1.9999999999999998
246,1.9999999999999998
247,1.9999999999999998
248,1.9999999999999998
249,1.9999999999999998
250,1.9999999999999998
251,1.9999999999999998
252,1.9999999999999998
253,1.9999999999999998
254,1.9999999999999998
