497.5531730288699,0.010351639772224629
497.6531730288699,0.010461942470202934
497.7531730288699,0.010573156174899598
497.85317302886995,0.010685284980428334
497.95317302886997,0.010798332955377264
498.05317302887,0.010912304142129268
498.15317302887,0.011027202556178341
498.25317302887004,0.011143032185442154
498.35317302887006,0.011259796989570824
498.4531730288701,0.011377500899251932
498.5531730288701,0.011496147815511963
498.6531730288701,0.011615741609014062
498.75317302887015,0.011736286119352388
498.8531730288702,0.01185778515434291
498.9531730288702,0.011980242489310905
499.0531730288702,0.012103661866375123
499.15317302887024,0.012228046993728727
499.25317302887026,0.012353401544917077
499.3531730288703,0.012479729158112442
499.4531730288703,0.012607033435385684
499.55317302887033,0.012735317941975091
499.65317302887036,0.01286458620555228
499.7531730288704,0.012994841715485388
499.8531730288704,0.013126087922099633
499.9531730288704,0.01325832823593514
500.05317302887045,0.01339156602700244
500.15317302887047,0.01352580462403543
500.2531730288705,0.01366104731374202
500.3531730288705,0.013797297340052578
500.45317302887054,0.013934557903366196
500.55317302887056,0.014072832159794896
500.6531730288706,0.014212123220405876
500.7531730288706,0.014352434150461897
500.85317302887063,0.014493767968659872
500.95317302887065,0.014636127646367809
501.0531730288707,0.014779516106860133
501.1531730288707,0.014923936224551576
501.2531730288707,0.015069390824229659
501.35317302887074,0.015215882680285902
501.45317302887076,0.015363414515945863
501.5531730288708,0.015511989002498115
501.6531730288708,0.015661608758522263
501.75317302887083,0.01581227634911609
501.85317302887086,0.01596399428512198
501.9531730288709,0.01611676502235266
502.0531730288709,0.016270590960816494
502.1531730288709,0.016425474443942257
502.25317302887095,0.01658141775780371
502.35317302887097,0.016738423130343905
502.453173028871,0.01689649273059948
502.553173028871,0.017055628667924948
502.65317302887104,0.01721583299121717
502.75317302887106,0.017377107688140114
502.8531730288711,0.017539454684349986
502.9531730288711,0.017702875842720907
503.05317302887113,0.017867372962571224
503.15317302887115,0.018032947778890543
503.2531730288712,0.01819960196156774
503.3531730288712,0.018367337114619887
503.4531730288712,0.018536154775422357
503.55317302887124,0.018706056413940197
503.65317302887127,0.018877043431960897
503.7531730288713,0.019049117162328634
503.8531730288713,0.019222278868180235
503.95317302887133,0.01939652974218283
504.05317302887136,0.019571870905773506
504.1531730288714,0.01974830340840093
504.2531730288714,0.019925828226769207
504.3531730288714,0.020104446264083968
504.45317302887145,0.020284158349301005
504.55317302887147,0.020464965236377364
504.6531730288715,0.020646867603525274
504.7531730288715,0.020829866052468796
504.85317302887154,0.021013961107703587
504.95317302887156,0.021199153215759704
505.0531730288716,0.02138544274446769
505.1531730288716,0.0215728299822281
505.25317302887163,0.021761315137284493
505.35317302887165,0.021950898337000226
505.4531730288717,0.022141579627138943
505.5531730288717,0.022333358971149117
505.6531730288717,0.0225262362494527
505.75317302887174,0.022720211258737955
505.85317302887177,0.022915283711256788
505.9531730288718,0.023111453234126517
506.0531730288718,0.0233087193686364
506.15317302887183,0.023507081569558965
506.25317302887186,0.023706539204466283
506.3531730288719,0.02390709155305143
506.4531730288719,0.024108737806455144
506.5531730288719,0.024311477066597958
506.65317302887195,0.024515308345517798
506.75317302887197,0.024720230564713393
506.853173028872,0.024926242554493487
506.953173028872,0.025133343053332015
507.05317302887204,0.02534153070722946
507.15317302887206,0.02555080406908055
507.2531730288721,0.02576116159804826
507.3531730288721,0.025972601658944588
507.45317302887213,0.026185122521617865
507.55317302887215,0.02639872236034714
507.6531730288722,0.02661339925324343
507.7531730288722,0.02682915118165827
507.8531730288722,0.027045976029599548
507.95317302887224,0.02726387158315472
508.05317302887227,0.027482835529921906
508.1531730288723,0.027702865458448394
508.2531730288723,0.027923958857677393
508.35317302887233,0.028146113116402624
508.45317302887236,0.02836932552273124
508.5531730288724,0.028593593263555057
508.6531730288724,0.02881891342403027
508.7531730288724,0.029045282987065865
508.85317302887245,0.029272698832820812
508.95317302887247,0.029501157738210115
509.0531730288725,0.029730656376420105
509.1531730288725,0.02996119131643281
509.25317302887254,0.030192759022559745
509.35317302887256,0.03042535585398527
509.4531730288726,0.030658978064319505
509.5531730288726,0.03089362180116114
509.65317302887263,0.03112928310567011
509.75317302887265,0.031365957912150376
509.8531730288727,0.03160364204764295
509.9531730288727,0.03184233123152926
510.0531730288727,0.03208202107514497
510.15317302887274,0.03232270708140452
510.25317302887277,0.03256438464443638
510.3531730288728,0.032807049049229216
510.4531730288728,0.03305069547128911
510.55317302887283,0.03329531897630799
510.65317302887286,0.03354091451984328
510.7531730288729,0.03378747694700908
510.8531730288729,0.034035000992178904
510.9531730288729,0.034283481278700095
511.05317302887295,0.03453291231862006
511.15317302887297,0.03478328851242456
511.253173028873,0.03503460414878793
511.353173028873,0.035286853404335676
511.45317302887304,0.03554003034341929
511.55317302887306,0.03579412891790362
511.6531730288731,0.036049142966966714
511.7531730288731,0.03630506621691247
511.85317302887313,0.03656189228099605
511.95317302887315,0.036819614659262256
512.0531730288732,0.03707822673839693
512.1531730288732,0.03733772179159159
512.2531730288732,0.03759809297842125
512.3531730288732,0.037859333344735784
512.4531730288733,0.03812143582256455
512.5531730288733,0.03838439323003499
512.6531730288733,0.038648198271304536
512.7531730288733,0.03891284353650671
512.8531730288734,0.03917832150171088
512.9531730288734,0.03944462452889625
513.0531730288734,0.03971174486593979
513.1531730288734,0.0399796746466186
513.2531730288734,0.04024840589062641
513.3531730288735,0.04051793050360467
513.4531730288735,0.04078824027718798
513.5531730288735,0.04105932688906427
513.6531730288735,0.041331181903049616
513.7531730288736,0.041603796769177796
513.8531730288736,0.0418771628238048
513.9531730288736,0.04215127128972817
514.0531730288736,0.04242611327632151
514.1531730288737,0.04270167977968396
514.2531730288737,0.042977961682804953
514.3531730288737,0.043254949755744156
514.4531730288737,0.04353263465582681
514.5531730288737,0.043811006927854425
514.6531730288738,0.04409005700433094
514.7531730288738,0.04436977520570441
514.8531730288738,0.04465015174062433
514.9531730288738,0.04493117670621457
515.0531730288739,0.045212840088362
515.1531730288739,0.045495131762021
515.2531730288739,0.04577804149153362
515.3531730288739,0.04606155893096575
515.453173028874,0.04634567362445918
515.553173028874,0.04663037500659956
515.653173028874,0.046915652402800496
515.753173028874,0.04720149502970354
515.853173028874,0.04748789199559444
515.9531730288741,0.047774832300835346
516.0531730288741,0.04806230483831338
516.1531730288741,0.048350298393905124
516.2531730288741,0.04863880164695763
516.3531730288742,0.048927803170785426
516.4531730288742,0.0492172914331839
516.5531730288742,0.049507254796959
516.6531730288742,0.04979768152047313
516.7531730288742,0.05008855975820749
516.8531730288743,0.050379877561340596
516.9531730288743,0.0506716228783433
517.0531730288743,0.05096378355559001
517.1531730288743,0.051256347337986397
517.2531730288744,0.05154930186961323
517.3531730288744,0.05184263469438687
517.4531730288744,0.05213633325673583
517.5531730288744,0.05243038490229375
517.6531730288744,0.052724776878608756
517.7531730288745,0.05301949633586902
517.8531730288745,0.0533145303276447
517.9531730288745,0.05360986581164609
518.0531730288745,0.05390548965049803
518.1531730288746,0.05420138861253055
518.2531730288746,0.05449754937258561
518.3531730288746,0.0547939585128402
518.4531730288746,0.05509060252364532
518.5531730288747,0.05538746780438123
518.6531730288747,0.055684540664328624
518.7531730288747,0.05598180732355589
518.8531730288747,0.056279253913822255
518.9531730288747,0.056576866479496835
519.0531730288748,0.0568746309784936
519.1531730288748,0.05717253328322208
519.2531730288748,0.05747055918155371
519.3531730288748,0.05776869437780409
519.4531730288749,0.058066924493730576
519.5531730288749,0.05836523506954561
519.6531730288749,0.05866361156494532
519.7531730288749,0.058962039360153776
519.853173028875,0.05926050375698224
519.953173028875,0.059558989979903915
520.053173028875,0.05985748317714365
520.153173028875,0.06015596842178284
520.253173028875,0.060454430712879176
520.3531730288751,0.06075285497660138
520.4531730288751,0.06105122606737861
520.5531730288751,0.06134952876906464
520.6531730288751,0.061647747796116516
520.7531730288752,0.06194586779478782
520.8531730288752,0.06224387334433612
520.9531730288752,0.06254174895824482
521.0531730288752,0.06283947908545907
521.1531730288752,0.06313704811163569
521.2531730288753,0.063434440360407
521.3531730288753,0.06373164009465852
521.4531730288753,0.06402863151782007
521.5531730288753,0.06432539877517067
521.6531730288754,0.06462192595515664
521.7531730288754,0.064918197090723
521.8531730288754,0.06521419616065793
521.9531730288754,0.06550990709095036
522.0531730288754,0.06580531375616014
522.1531730288755,0.06610039998080108
522.2531730288755,0.06639514954073639
522.3531730288755,0.06668954616458656
522.4531730288755,0.06698357353514948
522.5531730288756,0.0672772152908325
522.6531730288756,0.06757045502709647
522.7531730288756,0.0678632762979115
522.8531730288756,0.06815566261722426
522.9531730288757,0.06844759746043672
523.0531730288757,0.06873906426589599
523.1531730288757,0.06903004643639536
523.2531730288757,0.06932052734068608
523.3531730288757,0.0696104903149999
523.4531730288758,0.069899918664582
523.5531730288758,0.07018879566523444
523.6531730288758,0.07047710456486947
523.7531730288758,0.070764828585073
523.8531730288759,0.0710519509226777
523.9531730288759,0.07133845475134559
524.0531730288759,0.07162432322316013
524.1531730288759,0.07190953947022732
524.253173028876,0.07219408660628579
524.353173028876,0.07247794772832561
524.453173028876,0.0727611059182156
524.553173028876,0.07304354424433908
524.653173028876,0.07332524576323746
524.7531730288761,0.07360619352126205
524.8531730288761,0.07388637055623322
524.9531730288761,0.07416575989910722
525.0531730288761,0.0744443445756501
525.1531730288762,0.0747221076081188
525.2531730288762,0.07499903201694874
525.3531730288762,0.07527510082244822
525.4531730288762,0.07555029704649899
525.5531730288762,0.07582460371426296
525.6531730288763,0.07609800385589473
525.7531730288763,0.07637048050825977
525.8531730288763,0.07664201671665795
525.9531730288763,0.07691259553655218
526.0531730288764,0.07718220003530202
526.1531730288764,0.07745081329390188
526.2531730288764,0.07771841840872364
526.3531730288764,0.07798499849326343
526.4531730288764,0.07825053667989239
526.5531730288765,0.07851501612161095
526.6531730288765,0.07877841999380668
526.7531730288765,0.07904073149601516
526.8531730288765,0.07930193385368388
526.9531730288766,0.07956201031993872
527.0531730288766,0.07982094417735279
527.1531730288766,0.08007871873971754
527.2531730288766,0.08033531735381559
527.3531730288767,0.08059072340119529
527.4531730288767,0.08084492029994658
527.5531730288767,0.08109789150647795
527.6531730288767,0.08134962051729423
527.7531730288767,0.08160009087077502
527.8531730288768,0.08184928614895326
527.9531730288768,0.082097189979294
528.0531730288768,0.08234378603647281
528.1531730288768,0.08258905804415378
528.2531730288769,0.08283298977676669
528.3531730288769,0.08307556506128319
528.4531730288769,0.08331676777899161
528.5531730288769,0.08355658186727023
528.653173028877,0.08379499132135873
528.753173028877,0.08403198019612744
528.853173028877,0.08426753260784427
528.953173028877,0.08450163273593889
529.053173028877,0.08473426482476405
529.1531730288771,0.08496541318535375
529.2531730288771,0.08519506219717767
529.3531730288771,0.0854231963098921
529.4531730288771,0.08564980004508682
529.5531730288772,0.08587485799802744
529.6531730288772,0.08609835483939345
529.7531730288772,0.08632027531701124
529.8531730288772,0.0865406042575821
529.9531730288772,0.08675932656840474
530.0531730288773,0.08697642723909219
530.1531730288773,0.08719189134328269
530.2531730288773,0.08740570404034453
530.3531730288773,0.08761785057707425
530.4531730288774,0.08782831628938806
530.5531730288774,0.0880370866040064
530.6531730288774,0.0882441470401311
530.7531730288774,0.0884494832111149
530.8531730288774,0.08865308082612332
530.9531730288775,0.08885492569178825
531.0531730288775,0.08905500371385329
531.1531730288775,0.0892533008988104
531.2531730288775,0.08944980335552757
531.3531730288776,0.08964449729686762
531.4531730288776,0.08983736904129709
531.5531730288776,0.09002840501448595
531.6531730288776,0.09021759175089694
531.7531730288777,0.09040491589536498
531.8531730288777,0.09059036420466596
531.9531730288777,0.09077392354907483
532.0531730288777,0.09095558091391273
532.1531730288777,0.09113532340108287
532.2531730288778,0.09131313823059488
532.3531730288778,0.09148901274207748
532.4531730288778,0.09166293439627904
532.5531730288778,0.09183489077655611
532.6531730288779,0.09200486959034916
532.7531730288779,0.09217285867064587
532.8531730288779,0.0923388459774312
532.9531730288779,0.09250281959912444
533.053173028878,0.09266476775400267
533.153173028878,0.09282467879161052
533.253173028878,0.09298254119415607
533.353173028878,0.0931383435778925
533.453173028878,0.09329207469448542
533.5531730288781,0.09344372343236547
533.6531730288781,0.09359327881806616
533.7531730288781,0.09374073001754651
533.8531730288781,0.09388606633749856
533.9531730288782,0.09402927722663908
534.0531730288782,0.09417035227698582
534.1531730288782,0.09430928122511763
534.2531730288782,0.09444605395341842
534.3531730288782,0.09458066049130476
534.4531730288783,0.09471309101643689
534.5531730288783,0.09484333585591292
534.6531730288783,0.09497138548744599
534.7531730288783,0.09509723054052426
534.8531730288784,0.0952208617975535
534.9531730288784,0.09534227019498207
535.0531730288784,0.09546144682440809
535.1531730288784,0.09557838293366867
535.2531730288785,0.09569306992791095
535.3531730288785,0.09580549937064478
535.4531730288785,0.09591566298477687
535.5531730288785,0.09602355265362629
535.6531730288785,0.09612916042192098
535.7531730288786,0.09623247849677531
535.8531730288786,0.09633349924864837
535.9531730288786,0.09643221521228286
536.0531730288786,0.09652861908762447
536.1531730288787,0.0966227037407215
536.2531730288787,0.09671446220460471
536.3531730288787,0.09680388768014705
536.4531730288787,0.09689097353690328
536.5531730288787,0.09697571331392925
536.6531730288788,0.09705810072058087
536.7531730288788,0.09713812963729221
536.8531730288788,0.09721579411633319
536.9531730288788,0.09729108838254619
537.0531730288789,0.0973640068340618
537.1531730288789,0.09743454404299338
537.2531730288789,0.09750269475611054
537.3531730288789,0.09756845389549103
537.453173028879,0.09763181655915144
537.553173028879,0.09769277802165614
537.653173028879,0.09775133373470468
537.753173028879,0.09780747932769732
537.853173028879,0.09786121060827865
537.9531730288791,0.09791252356285952
538.0531730288791,0.0979614143571165
538.1531730288791,0.09800787933646947
538.2531730288791,0.098051915026537
538.3531730288792,0.09809351813356915
538.4531730288792,0.09813268554485831
538.5531730288792,0.0981694143291271
538.6531730288792,0.09820370173689418
538.7531730288792,0.09823554520081719
538.8531730288793,0.0982649423360132
538.9531730288793,0.09829189094035631
539.0531730288793,0.09831638899475265
539.1531730288793,0.09833843466339251
539.2531730288794,0.09835802629397958
539.3531730288794,0.09837516241793737
539.4531730288794,0.0983898417505927
539.5531730288794,0.09840206319133617
539.6531730288795,0.0984118258237597
539.7531730288795,0.0984191289157711
539.8531730288795,0.09842397191968556
539.9531730288795,0.09842635447229403
540.0531730288795,0.0984252873609907
540.1531730288796,0.09841553104435555
540.2531730288796,0.09839632128842352
540.3531730288796,0.09836766362923646
540.4531730288796,0.09832956632427928
540.5531730288797,0.09828204034851455
540.6531730288797,0.0982250993891133
540.7531730288797,0.0981587598388855
540.8531730288797,0.09808304078841482
540.9531730288797,0.09799796401690263
541.0531730288798,0.09790355398172779
541.1531730288798,0.0977998378067289
541.2531730288798,0.09768684526921707
541.3531730288798,0.09756460878572784
541.4531730288799,0.09743316339652171
541.5531730288799,0.097292546748844
541.6531730288799,0.0971427990789546
541.7531730288799,0.09698396319294038
541.85317302888,0.09681608444632243
541.95317302888,0.0966392107224722
542.05317302888,0.09645339240985042
542.15317302888,0.09625868237808455
542.25317302888,0.09605513595290018
542.3531730288801,0.09584281088992323
542.4531730288801,0.09562176734737021
542.5531730288801,0.09539206785764473
542.6531730288801,0.095153777297859
542.7531730288802,0.09490696285929971
542.8531730288802,0.09465169401585843
542.9531730288802,0.09438804249144737
543.0531730288802,0.09411608222642177
543.1531730288802,0.09383588934303098
543.2531730288803,0.09354754210992083
543.3531730288803,0.0932511209057105
543.4531730288803,0.09294670818166748
543.5531730288803,0.09263438842350487
543.6531730288804,0.09231424811232614
543.7531730288804,0.091986375684742
543.8531730288804,0.09165086149218567
543.9531730288804,0.09130779775945246
544.0531730288805,0.09095727854249021
544.1531730288805,0.09059939968546785
544.2531730288805,0.09023425877714929
544.3531730288805,0.08986195510660047
544.4531730288805,0.08948258961825764
544.5531730288806,0.08909626486638542
544.6531730288806,0.08870308496895306
544.7531730288806,0.08830315556095827
544.8531730288806,0.08789658374722763
544.9531730288807,0.08748347805472297
545.0531730288807,0.08706394838438355
545.1531730288807,0.08663810596253384
545.2531730288807,0.08620606329188671
545.3531730288807,0.08576793410217244
545.4531730288808,0.08532383330042348
545.5531730288808,0.08487387692094545
545.6531730288808,0.08441818207500469
545.7531730288808,0.08395686690026273
545.8531730288809,0.08349005050998806
545.9531730288809,0.08301785294207568
546.0531730288809,0.08254039510790472
546.1531730288809,0.08205779874106442
546.253173028881,0.08157018634597876
546.353173028881,0.0810776811464598
546.453173028881,0.08058040703421966
546.553173028881,0.08007848851737101
546.653173028881,0.07957205066894596
546.7531730288811,0.07906121907546235
546.8531730288811,0.07854611978556712
546.9531730288811,0.0780268792587857
547.0531730288811,0.07750362431440584
547.1531730288812,0.07697648208052506
547.2531730288812,0.07644557994328909
547.3531730288812,0.07591104549634986
547.4531730288812,0.07537300649057029
547.5531730288812,0.07483159078400287
547.6531730288813,0.07428692629216943
547.7531730288813,0.07373914093866787
547.8531730288813,0.07318836260613228
547.9531730288813,0.07263471908757191
548.0531730288814,0.07207833803811423
548.1531730288814,0.07151934692717656
548.2531730288814,0.07095787299109074
548.3531730288814,0.07039404318620454
548.4531730288815,0.06982798414248277
548.5531730288815,0.06925982211763115
548.6531730288815,0.06868968295176502
548.7531730288815,0.06811769202264435
548.8531730288815,0.06754397420149649
548.9531730288816,0.0669686538094467
549.0531730288816,0.06639185457457705
549.1531730288816,0.06581369958963236
549.2531730288816,0.06523431127039246
549.3531730288817,0.06465381131472868
549.4531730288817,0.06407232066236211
549.5531730288817,0.06348995945534075
549.6531730288817,0.06290684699925148
549.7531730288817,0.06232310172518285
549.8531730288818,0.061738841152453525
549.9531730288818,0.06115418185212067
550.0531730288818,0.06056923941128216
550.1531730288818,0.05998412839818549
550.2531730288819,0.059398962328155926
550.3531730288819,0.05881385363035534
550.4531730288819,0.05822891361538307
550.5531730288819,0.05764425244372909
550.653173028882,0.057059979095088975
550.753173028882,0.05647620133855001
550.853173028882,0.05589302570365663
550.953173028882,0.055310557452362755
551.053173028882,0.0547289005518784
551.1531730288821,0.05414815764841644
551.2531730288821,0.05356843004184555
551.3531730288821,0.052989817661254164
551.4531730288821,0.052412419041429875
551.5531730288822,0.05183633130025784
551.6531730288822,0.05126165011704132
551.7531730288822,0.05068846971174684
551.8531730288822,0.0501168828251754
551.9531730288822,0.04954698070006116
552.0531730288823,0.048978853063097814
552.1531730288823,0.048412588107892666
552.2531730288823,0.047848272478847584
552.3531730288823,0.04728599125596538
552.4531730288824,0.04672582794057963
552.5531730288824,0.04616786444200553
552.6531730288824,0.045612181065108254
552.7531730288824,0.04505885649878553
552.8531730288825,0.044507967805359636
552.9531730288825,0.04395959041087438
553.0531730288825,0.04341379809629137
553.1531730288825,0.042870662989579596
553.2531730288825,0.04233025555869221
553.3531730288826,0.04179264460542297
553.4531730288826,0.041257897260135415
553.5531730288826,0.0407260789773563
553.6531730288826,0.040197253532225245
553.7531730288827,0.03967148301779138
553.8531730288827,0.03914882784314778
553.9531730288827,0.03862934673239384
554.0531730288827,0.03811309672441531
554.1531730288827,0.03760013317347147
554.2531730288828,0.03709050975057813
554.3531730288828,0.036584278445675474
554.4531730288828,0.036081489570568455
554.5531730288828,0.0355821917626279
554.6531730288829,0.03508643198923977
554.7531730288829,0.03459425555298963
554.8531730288829,0.03410570609756936
554.9531730288829,0.03362082561439249
555.053173028883,0.033139654449904576
555.153173028883,0.032662231313574555
555.253173028883,0.03218859328655281
555.353173028883,0.031718775830981455
555.453173028883,0.03125281279994215
555.5531730288831,0.03079073644802651
555.6531730288831,0.03033257744251391
555.7531730288831,0.0298783648751414
555.8531730288831,0.029428126274450316
555.9531730288832,0.028981887618693823
556.0531730288832,0.028539673349289637
556.1531730288832,0.028101506384802123
556.2531730288832,0.02766740813543761
556.3531730288832,0.02723739851803679
556.4531730288833,0.026811495971548166
556.5531730288833,0.026389717472966145
556.6531730288833,0.02597207855371729
556.7531730288833,0.025558593316478757
556.8531730288834,0.02514927445241208
556.9531730288834,0.024744133258796104
557.0531730288834,0.024343179657042607
557.1531730288834,0.023946422211078105
557.2531730288835,0.023553868146075504
557.3531730288835,0.023165523367519203
557.4531730288835,0.022781392480587255
557.5531730288835,0.022401478809834462
557.6531730288835,0.022025784419159963
557.7531730288836,0.021654310132043365
557.8531730288836,0.021287055552033383
557.9531730288836,0.020924019083472828
558.0531730288836,0.020565197952444388
558.1531730288837,0.020210588227921305
558.2531730288837,0.0198601848431074
558.3531730288837,0.019513981616951087
558.4531730288837,0.019171971275817948
558.5531730288837,0.018834145475306825
558.6531730288838,0.018500494822194506
558.7531730288838,0.018171008896494048
558.8531730288838,0.017845676273612318
558.9531730288838,0.017524484546592205
559.0531730288839,0.017207420348425352
559.1531730288839,0.016894469374421402
559.2531730288839,0.016585616404619898
559.3531730288839,0.016280845326231353
559.453173028884,0.01598013915609409
559.553173028884,0.01568348006313372
559.653173028884,0.01539084939081247
559.753173028884,0.015102227679555585
559.853173028884,0.014817594689142585
559.9531730288841,0.014536929421051108
560.0531730288841,0.014260210140741572
560.1531730288841,0.013987414399870985
560.2531730288841,0.01371851905842457
560.3531730288842,0.013453500306754167
560.4531730288842,0.013192333687512596
560.5531730288842,0.012934994117473416
560.6531730288842,0.012681455909225961
560.7531730288842,0.012431692792735472
560.8531730288843,0.012185677936758949
560.9531730288843,0.011943383970107033
561.0531730288843,0.011704783002743002
561.1531730288843,0.011469846646710028
561.2531730288844,0.011238546036878096
561.3531730288844,0.01101085185150245
561.4531730288844,0.010786734332585509
561.5531730288844,0.010566163306034732
561.6531730288845,0.010349108201608913
561.7531730288845,0.010135538072645963
561.8531730288845,0.009925421615565314
561.9531730288845,0.009718727189138463
562.0531730288845,0.009515422833521466
562.1531730288846,0.009315476289043485
562.2531730288846,0.009118855014745623
562.3531730288846,0.008925526206664912
562.4531730288846,0.008735456815858156
562.5531730288847,0.008548613566161
562.6531730288847,0.008364962971677626
562.7531730288847,0.008184471353996888
562.8531730288847,0.008007104859130873
562.9531730288847,0.007832829474172232
563.0531730288848,0.007661611043666838
563.1531730288848,0.007493415285698575
563.2531730288848,0.0073282078076834425
563.3531730288848,0.007165954121870166
563.4531730288849,0.007006619660545115
563.5531730288849,0.006850169790939237
563.6531730288849,0.006696569829835124
563.7531730288849,0.006545785057872651
563.853173028885,0.006397780733551621
563.953173028885,0.006252522106930346
564.053173028885,0.006109974433019164
564.153173028885,0.005970102984868104
564.253173028885,0.005832873066348285
564.3531730288851,0.00569825002462667
564.4531730288851,0.005566199262334114
564.5531730288851,0.00543668624942681
564.6531730288851,0.005309676534741497
564.7531730288852,0.005185135757244867
564.8531730288852,0.0050630296569779305
564.9531730288852,0.0049433240856962424
565.0531730288852,0.004825985017206993
565.1531730288852,0.004710978557404309
565.2531730288853,0.0045982709540040925
565.3531730288853,0.004487828605980043
565.4531730288853,0.004379618072702598
565.5531730288853,0.004273606082782672
565.6531730288854,0.004169759542622285
565.7531730288854,0.004068045544674229
565.8531730288854,0.003968431375413172
565.9531730288854,0.003870884523020622
566.0531730288855,0.003775372684786378
566.1531730288855,0.003681863774229194
566.2531730288855,0.003590325927939498
566.3531730288855,0.003500727512147139
566.4531730288855,0.0034130371290172225
566.5531730288856,0.0033272236226772113
566.6531730288856,0.0032432560849785822
566.7531730288856,0.003161103860996385
566.8531730288856,0.0030807365542701776
566.9531730288857,0.00300212403178988
567.0531730288857,0.002925236428730177
567.1531730288857,0.0028500441529371425
567.2531730288857,0.0027765178891708897
567.3531730288857,0.002704628603108043
567.4531730288858,0.0026343475451079804
567.5531730288858,0.0025656462537467285
567.6531730288858,0.00249849655912258
567.7531730288858,0.0024328705859374467
567.8531730288859,0.002368740756358052
567.9531730288859,0.002306079792661102
568.0531730288859,0.002244860719666602
568.1531730288859,0.002185056866963515
568.253173028886,0.0021266418709319987
568.353173028886,0.002069589676566454
568.453173028886,0.0020138745391036737
568.553173028886,0.0019594710254603642
568.653173028886,0.001906354015484336
568.7531730288861,0.0018544987030236733
568.8531730288861,0.0018038805968181935
568.9531730288861,0.0017544755212174866
569.0531730288861,0.0017062596167298856
569.1531730288862,0.0016592093404066092
569.2531730288862,0.0016133014660654442
569.3531730288862,0.0015685130843581807
569.4531730288862,0.0015248216026861215
569.5531730288862,0.0014822047449678931
569.6531730288863,0.0014406405512637883
569.7531730288863,0.001400107377260871
569.8531730288863,0.0013605838936229992
569.9531730288863,0.001322049085209944
570.0531730288864,0.0012844822501697185
570.1531730288864,0.0012478629989082363
570.2531730288864,0.001212171252940309
570.3531730288864,0.0011773872436260666
570.4531730288865,0.0011434915107967419
570.5531730288865,0.0011104649012737841
570.6531730288865,0.0010782885672851981
570.7531730288865,0.0010469439647829645
570.8531730288865,0.001016412851665365
570.9531730288866,0.0009866772859079597
571.0531730288866,0.0009577196236069523
571.1531730288866,0.0009295225169385968
571.2531730288866,0.0009020689120382607
571.3531730288867,0.0008753420468027217
571.4531730288867,0.0008493254486191827
571.5531730288867,0.0008240029320244792
571.6531730288867,0.0007993585962978682
571.7531730288867,0.0007753768229907374
571.8531730288868,0.0007520422733965213
571.9531730288868,0.0007293398859640499
572.0531730288868,0.0007072548736574926
572.1531730288868,0.000685772721266003
572.2531730288869,0.000664879182666117
572.3531730288869,0.0006445602780398727
572.4531730288869,0.0006248022910515988
572.5531730288869,0.0006055917659862118
572.653173028887,0.0005869155048518399
572.753173028887,0.0005687605644494942
572.853173028887,0.0005511142534124797
572.953173028887,0.0005339641292181452
573.053173028887,0.0005172979951745391
573.1531730288871,0.0005011038973844437
573.2531730288871,0.0004853701216892222
573.3531730288871,0.0004700851905948435
573.4531730288871,0.0004552378601823864
573.5531730288872,0.00044081711700525616
573.6531730288872,0.0004268121749753051
573.7531730288872,0.00041321247223996066
573.8531730288872,0.00040000766805242693
573.9531730288872,0.0003871876396369481
574.0531730288873,0.0003747424790510753
574.1531730288873,0.00036266249004680883
574.2531730288873,0.00035093818493242877
574.3531730288873,0.00033956028143678114
574.4531730288874,0.0003285196995777066
574.5531730288874,0.00031780755853626414
574.6531730288874,0.00030741517353832716
574.7531730288874,0.00029733405274508376
574.8531730288875,0.0002875558941539141
574.9531730288875,0.00027807258251105846
575.0531730288875,0.00026887618623744645
575.1531730288875,0.0002599589543689916
575.2531730288875,0.0002513133135126105
575.3531730288876,0.00024293186481917335
575.4531730288876,0.00023480738097453736
575.5531730288876,0.00022693280320977002
575.6531730288876,0.00021930123833161465
575.7531730288877,0.00021190595577420593
575.8531730288877,0.00020474038467299048
575.9531730288877,0.00019779811096176872
576.0531730288877,0.00019107287449371779
576.1531730288877,0.00018455856618722238
576.2531730288878,0.00017824922519728213
576.3531730288878,0.00017213903611323515
576.4531730288878,0.00016622232618348346
576.5531730288878,0.00016049356256787287
576.6531730288879,0.00015494734961833329
576.7531730288879,0.0001495784261883508
576.8531730288879,0.00014438166297179927
576.9531730288879,0.00013935205987162668
577.053173028888,0.00013448474339885103
577.153173028888,0.00012977496410228643
577.253173028888,0.00012521809402938272
577.353173028888,0.00012080962421853216
577.453173028888,0.00011654516222316137
577.5531730288881,0.00011242042966789065
577.6531730288881,0.00010843125983702144
577.7531730288881,0.00010457359529557003
577.8531730288881,0.00010084348554304817
577.9531730288882,9.723708470015267e-05
578.0531730288882,9.375064922850455e-05
578.1531730288882,9.03805356835507e-05
578.2531730288882,8.712319850071138e-05
578.3531730288882,8.397518781483848e-05
578.4531730288883,8.093314731301674e-05
578.5531730288883,7.799381212072631e-05
578.6531730288883,7.515400672135383e-05
578.7531730288883,7.241064290902328e-05
578.8531730288884,6.976071777469482e-05
578.9531730288884,6.720131172545954e-05
579.0531730288884,6.472958653693936e-05
579.1531730288884,6.23427834386827e-05
579.2531730288885,6.003822123242887e-05
579.3531730288885,5.78132944430958e-05
579.4531730288885,5.5665471502332434e-05
579.5531730288885,5.35922929644579e-05
579.6531730288885,5.1591369754597465e-05
579.7531730288886,4.96603814488097e-05
579.8531730288886,4.7797074585986696e-05
579.9531730288886,4.5999261011295156e-05
580.0531730288886,4.426481625091584e-05
580.1531730288887,4.259167791782489e-05
580.2531730288887,4.097784414835244e-05
580.3531730288887,3.942137206924092e-05
580.4531730288887,3.7920376294918086e-05
580.5531730288888,3.647302745468916e-05
580.6531730288888,3.507755074954426e-05
580.7531730288888,3.3732224538270154e-05
580.8531730288888,3.2435378952546755e-05
580.9531730288888,3.1185394540701996e-05
581.0531730288889,2.99807009397941e-05
581.1531730288889,2.8819775575680728e-05
581.2531730288889,2.7701142390733537e-05
581.3531730288889,2.662337059884776e-05
581.453173028889,2.558507346739409e-05
581.553173028889,2.4584907125756e-05
581.653173028889,2.362156940009049e-05
581.753173028889,2.269379867394938e-05
581.853173028889,2.1800372774393108e-05
581.9531730288891,2.09401078832278e-05
582.0531730288891,2.011185747299454e-05
582.1531730288891,1.9314511267336974e-05
582.2531730288891,1.854699422537308e-05
582.3531730288892,1.7808265549695287e-05
582.4531730288892,1.7097317717622782e-05
582.5531730288892,1.6413175535329172e-05
582.6531730288892,1.5754895214468485e-05
582.7531730288893,1.5121563470923678e-05
582.8531730288893,1.4512296645300529e-05
582.9531730288893,1.392623984479213e-05
583.0531730288893,1.3362566106039782e-05
583.1531730288893,1.2820475578616374e-05
583.2531730288894,1.229919472876126e-05
583.3531730288894,1.1797975562996247e-05
583.4531730288894,1.1316094871254874e-05
583.5531730288894,1.0852853489158438e-05
583.6531730288895,1.0407575579075726e-05
583.7531730288895,9.979607929604595e-06
583.8531730288895,9.568319273117153e-06
583.9531730288895,9.173099621012472e-06
584.0531730288895,8.7933596163241e-06
584.1531730288896,8.428529903332583e-06
584.2531730288896,8.07806051383633e-06
584.3531730288896,7.741420269737818e-06
584.4531730288896,7.418096201605302e-06
584.5531730288897,7.1075929828738615e-06
584.6531730288897,6.809432379353625e-06
584.7531730288897,6.52315271371619e-06
584.8531730288897,6.248308344634797e-06
584.9531730288898,5.9844691602572236e-06
585.0531730288898,5.7312200856948e-06
585.1531730288898,5.488160604214865e-06
585.2531730288898,5.254904291828139e-06
585.3531730288898,5.031078364966716e-06
585.4531730288899,4.816323240952857e-06
585.5531730288899,4.610292110962789e-06
585.6531730288899,4.412650525194068e-06
585.7531730288899,4.2230759899499766e-06
585.85317302889,4.041257576358019e-06
585.95317302889,3.866895540444693e-06
586.05317302889,3.6997009542929732e-06
586.15317302889,3.539395348013177e-06
586.25317302889,3.3857103622627608e-06
586.3531730288901,3.2383874110548276e-06
586.4531730288901,3.097177354599655e-06
586.5531730288901,2.9618401819281488e-06
586.6531730288901,2.8321447030504307e-06
586.7531730288902,2.7078682504074726e-06
586.8531730288902,2.5887963893779393e-06
586.9531730288902,2.474722637606898e-06
587.0531730288902,2.3654481929276423e-06
587.1531730288903,2.2607816696519912e-06
587.2531730288903,2.1605388430091135e-06
587.3531730288903,2.0645424015169746e-06
587.4531730288903,1.9726217070750836e-06
587.5531730288903,1.8846125625713618e-06
587.6531730288904,1.800356986800194e-06
587.7531730288904,1.7197029964930971e-06
587.8531730288904,1.6425043952673832e-06
587.9531730288904,1.5686205693025475e-06
588.0531730288905,1.497916289558106e-06
588.1531730288905,1.4302615203506336e-06
588.2531730288905,1.3655312341118567e-06
588.3531730288905,1.3036052321535159e-06
588.4531730288905,1.2443679712687312e-06
588.5531730288906,1.1877083960033096e-06
588.6531730288906,1.133519776434461e-06
588.7531730288906,1.0816995512979954e-06
588.8531730288906,1.0321491763087724e-06
588.9531730288907,9.847739775230187e-07
589.0531730288907,9.394830095944813e-07
589.1531730288907,8.961889187801669e-07
589.2531730288907,8.54807810554755e-07
589.3531730288908,8.152591216962971e-07
589.4531730288908,7.774654967091869e-07
589.5531730288908,7.413526684537049e-07
589.6531730288908,7.068493428547377e-07
589.7531730288908,6.738870875654722e-07
589.8531730288909,6.424002244650526e-07
589.9531730288909,6.123257258722694e-07
590.0531730288909,5.836031143604412e-07
590.1531730288909,5.561743660616067e-07
590.253173028891,5.299838173511063e-07
590.353173028891,5.049780748065133e-07
590.453173028891,4.811059283376983e-07
590.553173028891,4.583182673876116e-07
590.653173028891,4.365680001060162e-07
590.7531730288911,4.1580997540117257e-07
590.8531730288911,3.9600090777697703e-07
590.9531730288911,3.770993048656927e-07
591.0531730288911,3.590653975688572e-07
591.1531730288912,3.4186107272144146e-07
591.2531730288912,3.254498081966916e-07
591.3531730288912,3.097966103714509e-07
591.4531730288912,2.948679538740422e-07
591.5531730288913,2.8063172353903244e-07
591.6531730288913,2.67057158495383e-07
591.7531730288913,2.541147983166305e-07
591.8531730288913,2.417764311638417e-07
591.9531730288913,2.3001504385410468e-07
592.0531730288914,2.188047737893315e-07
592.1531730288914,2.0812086268207414e-07
592.2531730288914,1.9793961201696687e-07
592.3531730288914,1.882383401882445e-07
592.4531730288915,1.789953412556081e-07
592.5531730288915,1.701898452624494e-07
592.6531730288915,1.6180198006218137e-07
592.7531730288915,1.5381273460008067e-07
592.8531730288915,1.4620392359968637e-07
592.9531730288916,1.3895815360438172e-07
593.0531730288916,1.3205879032633327e-07
593.1531730288916,1.254899272564762e-07
593.2531730288916,1.1923635549068334e-07
593.3531730288917,1.1328353472870534e-07
593.4531730288917,1.0761756540383549e-07
593.5531730288917,1.0222516190262472e-07
593.6531730288917,9.709362683527133e-08
593.7531730288918,9.221082631859593e-08
593.8531730288918,8.75651662347561e-08
593.9531730288918,8.314556943005761e-08
594.0531730288918,7.894145381939995e-08
594.1531730288918,7.494271136302987e-08
594.2531730288919,7.113968788338985e-08
594.3531730288919,6.752316369092055e-08
594.4531730288919,6.408433498872659e-08
594.5531730288919,6.08147960270261e-08
594.653173028892,5.770652197929303e-08
594.753173028892,5.475185251295665e-08
594.853173028892,5.194347602844957e-08
594.953173028892,4.927441454129792e-08
595.053173028892,4.673800918281976e-08
595.1531730288921,4.432790629584345e-08
595.2531730288921,4.203804410268157e-08
595.3531730288921,3.986263992338847e-08
595.4531730288921,3.7796177923104516e-08
595.5531730288922,3.5833397368033815e-08
595.6531730288922,3.396928137033097e-08
595.7531730288922,3.2199046102868264e-08
595.8531730288922,3.051813046554013e-08
595.9531730288923,2.892218618541442e-08
596.0531730288923,2.7407068333679855e-08
596.1531730288923,2.5968826242954937e-08
596.2531730288923,2.4603694809118397e-08
596.3531730288923,2.330808616240223e-08
596.4531730288924,2.2078581693041548e-08
596.5531730288924,2.0911924417320495e-08
596.6531730288924,1.9805011670372627e-08
596.7531730288924,1.8754888112600635e-08
596.8531730288925,1.775873903706726e-08
596.9531730288925,1.681388396568314e-08
597.0531730288925,1.591777052247006e-08
597.1531730288925,1.5067968572622776e-08
597.2531730288925,1.426216461651397e-08
597.3531730288926,1.3498156428201598e-08
597.4531730288926,1.2773847928392e-08
597.5531730288926,1.2087244282197693e-08
597.6531730288926,1.1436447212397188e-08
597.7531730288927,1.0819650519262194e-08
597.8531730288927,1.0235135798362072e-08
597.9531730288927,9.681268348087656e-09
598.0531730288927,9.156493258958064e-09
598.1531730288928,8.659331677082673e-09
598.2531730288928,8.18837723445005e-09
598.3531730288928,7.742292639002002e-09
598.4531730288928,7.319806417729707e-09
598.5531730288928,6.919709806295759e-09
598.6531730288929,6.540853778943125e-09
598.7531730288929,6.18214621270167e-09
598.8531730288929,5.8425491801410834e-09
598.9531730288929,5.5210763651500054e-09
599.053173028893,5.216790596443372e-09
599.153173028893,4.92880149371336e-09
599.253173028893,4.656263221545402e-09
599.353173028893,4.398372346419119e-09
599.453173028893,4.1543657923043304e-09
599.5531730288931,3.923518890546279e-09
599.6531730288931,3.7051435199105837e-09
599.7531730288931,3.4985863328286425e-09
599.8531730288931,3.303227064047425e-09
599.9531730288932,3.1184769180449294e-09
600.0531730288932,2.9437770317239273e-09
600.1531730288932,2.778597009041717e-09
600.2531730288932,2.6224335243735326e-09
600.3531730288933,2.4748089915416247e-09
600.4531730288933,2.3352702955709744e-09
600.5531730288933,2.2033875843567145e-09
600.6531730288933,2.078753117547658e-09
600.7531730288933,1.9609801700644722e-09
600.8531730288934,1.8497019877813735e-09
600.9531730288934,1.744570793005604e-09
601.0531730288934,1.6452568374902616e-09
601.1531730288934,1.5514475008136464e-09
601.2531730288935,1.4628464320514356e-09
601.3531730288935,1.379172732757877e-09
601.4531730288935,1.3001601793580877e-09
601.5531730288935,1.2255564831361783e-09
601.6531730288935,1.1551225860830696e-09
601.7531730288936,1.0886319909438947e-09
601.8531730288936,1.0258701238776356e-09
601.9531730288936,9.666337282115487e-10
602.0531730288936,9.107302878399292e-10
602.1531730288937,8.579774788808919e-10
602.2531730288937,8.082026482664207e-10
602.3531730288937,7.612423179999228e-10
602.4531730288937,7.169417138719882e-10
602.5531730288938,6.751543174791622e-10
602.6531730288938,6.357414404425078e-10
602.7531730288938,5.985718197722472e-10
602.8531730288938,5.635212333724352e-10
602.9531730288938,5.304721347251077e-10
603.0531730288939,4.993133058369743e-10
603.1531730288939,4.699395275734208e-10
603.2531730288939,4.4225126654455687e-10
603.3531730288939,4.161543777462438e-10
603.453173028894,3.9155982219562667e-10
603.553173028894,3.683833988356774e-10
603.653173028894,3.4654549001669486e-10
603.753173028894,3.259708198947552e-10
603.853173028894,3.065882251176899e-10
603.9531730288941,2.883304371984475e-10
604.0531730288941,2.7113387600364685e-10
604.1531730288941,2.549384538119105e-10
604.2531730288941,2.396873894221098e-10
604.3531730288942,2.2532703181606432e-10
604.4531730288942,2.1180669290359821e-10
604.5531730288942,1.9907848890015827e-10
604.6531730288942,1.870971899084611e-10
604.7531730288943,1.758200772960137e-10
604.8531730288943,1.652068084797616e-10
604.9531730288943,1.552192887476673e-10
605.0531730288943,1.4582154976473037e-10
605.1531730288943,1.3697963442785352e-10
605.2531730288944,1.286614877501187e-10
605.3531730288944,1.2083685347039172e-10
605.4531730288944,1.134771760989054e-10
605.5531730288944,1.065555081234472e-10
605.6531730288945,1.0004642211418465e-10
605.7531730288945,9.392592747787249e-11
605.8531730288945,8.817139162438492e-11
605.9531730288945,8.27614653200761e-11
606.0531730288945,7.767601201355375e-11
606.1531730288946,7.289604092997395e-11
606.2531730288946,6.84036437400081e-11
606.3531730288946,6.418193461922416e-11
606.4531730288946,6.021499352271612e-11
606.5531730288947,5.648781250853469e-11
606.6531730288947,5.298624495173349e-11
606.7531730288947,4.9696957498736054e-11
606.8531730288947,4.660738461924354e-11
606.9531730288948,4.370568562004787e-11
607.0531730288948,4.0980703991927334e-11
607.1531730288948,3.8421928967287886e-11
607.2531730288948,3.60194591723786e-11
607.3531730288948,3.376396826378587e-11
607.4531730288949,3.164667244450065e-11
607.5531730288949,2.965929976016856e-11
607.6531730288949,2.7794061081194333e-11
607.7531730288949,2.6043622681183772e-11
607.853173028895,2.4401080326784817e-11
607.953173028895,2.285993479834314e-11
608.053173028895,2.141406876492486e-11
608.153173028895,2.0057724941198953e-11
608.253173028895,1.8785485457409516e-11
608.3531730288951,1.7592252377227387e-11
608.4531730288951,1.6473229301649203e-11
608.5531730288951,1.542390400032329e-11
608.6531730288951,1.444003201473681e-11
608.7531730288952,1.351762118059325e-11
608.8531730288952,1.2652917019467907e-11
608.9531730288952,1.1842388952441545e-11
609.0531730288952,1.1082717290899078e-11
609.1531730288953,1.0370780962036218e-11
609.2531730288953,9.703645928859891e-12
609.3531730288953,9.078554266590542e-12
609.4531730288953,8.492913859395463e-12
609.5531730288953,7.944288683295334e-12
609.6531730288954,7.43038964290459e-12
609.7531730288954,6.949065931389733e-12
609.8531730288954,6.498296884666755e-12
609.9531730288954,6.0761843024089035e-12
610.0531730288955,5.680945209909144e-12
610.1531730288955,5.3109050362368605e-12
610.2531730288955,4.964491185451649e-12
610.3531730288955,4.6402269788918e-12
610.4531730288955,4.336725947745245e-12
610.5531730288956,4.052686456236687e-12
610.6531730288956,3.786886636835038e-12
610.7531730288956,3.53817961989622e-12
610.8531730288956,3.3054890411166692e-12
610.9531730288957,3.0878048110818483e-12
611.0531730288957,2.8841791320542963e-12
611.1531730288957,2.6937227479622942e-12
611.2531730288957,2.5156014143216083e-12
611.3531730288958,2.349032575554461e-12
611.4531730288958,2.193282237862454e-12
611.5531730288958,2.0476620264651123e-12
611.6531730288958,1.911526416636679e-12
611.7531730288958,1.7842701285605332e-12
611.8531730288959,1.6653256765767002e-12
611.9531730288959,1.5541610639234166e-12
612.0531730288959,1.4502776145712483e-12
612.1531730288959,1.3532079342190183e-12
612.253173028896,1.2625139929654565e-12
612.353173028896,1.1777853225919976e-12
612.453173028896,1.0986373217896746e-12
612.553173028896,1.0247096630398198e-12
612.653173028896,9.556647952138364e-13
612.7531730288961,8.911865362938137e-13
612.8531730288961,8.30978750933543e-13
612.9531730288961,7.747641078799841e-13
613.0531730288961,7.222829125590747e-13
613.1531730288962,6.732920103980403e-13
613.2531730288962,6.275637567096679e-13
613.3531730288962,5.84885049203449e-13
613.4531730288962,5.450564194144274e-13
613.5531730288963,5.078911795541892e-13
613.6531730288963,4.732146214898842e-13
613.7531730288963,4.4086326474757253e-13
613.8531730288963,4.10684150615745e-13
613.9531730288963,3.825341795945274e-13
614.0531730288964,3.5627948959605904e-13
614.1531730288964,3.3179487245258303e-13
614.2531730288964,3.089632264312573e-13
614.3531730288964,2.8767504258919167e-13
614.4531730288965,2.678279229289664e-13
614.5531730288965,2.4932612843455194e-13
614.6531730288965,2.3208015518034515e-13
614.7531730288965,2.1600633681241345e-13
614.8531730288965,2.0102647180135004e-13
614.9531730288966,1.870674739607057e-13
615.0531730288966,1.7406104481406904e-13
615.1531730288966,1.6194336647793783e-13
615.2531730288966,1.5065481380664852e-13
615.3531730288967,1.4013968462026737e-13
615.4531730288967,1.303459469066414e-13
615.5531730288967,1.2122500195502332e-13
615.6531730288967,1.127314624410754e-13
615.7531730288968,1.0482294454180309e-13
615.8531730288968,9.745987321432056e-14
615.9531730288968,9.060529982441897e-14
616.0531730288968,8.42247313600046e-14
616.1531730288968,7.828597051062465e-14
616.2531730288969,7.275896593778102e-14
616.3531730288969,6.761567210164757e-14
616.4531730288969,6.282991804831081e-14
616.5531730288969,5.837728459787097e-14
616.653173028897,5.4234989407845585e-14
616.753173028897,5.038177941837413e-14
616.853173028897,4.6797830215884e-14
616.953173028897,4.34646518802549e-14
617.053173028897,4.036500090719229e-14
617.1531730288971,3.7482797822603304e-14
617.2531730288971,3.480305012936434e-14
