497.5531730288699,1.2855957601200183
497.6531730288699,1.2857060629486576
497.7531730288699,1.28581727679071
497.85317302886995,1.2859294057406214
497.95317302886997,1.2860424538673287
498.05317302887,1.2861564252135795
498.15317302887,1.2862713237952503
498.25317302887004,1.2863871536006595
498.35317302887006,1.2865039185898772
498.4531730288701,1.2866216226940308
498.5531730288701,1.2867402698146073
498.6531730288701,1.2868598638227522
498.75317302887015,1.2869804085585654
498.8531730288702,1.2871019078303916
498.9531730288702,1.2872243654141107
499.0531730288702,1.2873477850524213
499.15317302887024,1.2874721704541243
499.25317302887026,1.2875975252934009
499.3531730288703,1.287723853209089
499.4531730288703,1.2878511578039569
499.55317302887033,1.2879794426439715
499.65317302887036,1.2881087112575682
499.7531730288704,1.288238967134914
499.8531730288704,1.2883702137271698
499.9531730288704,1.2885024544457502
500.05317302887045,1.2886356926615812
500.15317302887047,1.2887699317043537
500.2531730288705,1.2889051748617772
500.3531730288705,1.2890414253788294
500.45317302887054,1.2891786864570047
500.55317302887056,1.289316961253561
500.6531730288706,1.289456252880764
500.7531730288706,1.289596564405129
500.85317302887063,1.2897378988466628
500.95317302887065,1.289880259178103
501.0531730288707,1.2900236483241554
501.1531730288707,1.290168069160732
501.2531730288707,1.2903135245141844
501.35317302887074,1.290460017160539
501.45317302887076,1.29060754982473
501.5531730288708,1.2907561251798316
501.6531730288708,1.2909057458462894
501.75317302887083,1.2910564143911503
501.85317302887086,1.2912081333272933
501.9531730288709,1.2913609051126589
502.0531730288709,1.2915147321494778
502.1531730288709,1.2916696167835
502.25317302887095,1.291825561303224
502.35317302887097,1.2919825679391241
502.453173028871,1.2921406388628818
502.553173028871,1.2922997761866115
502.65317302887104,1.292459981962093
502.75317302887106,1.2926212581799992
502.8531730288711,1.2927836067691276
502.9531730288711,1.2929470295956318
503.05317302887113,1.293111528462252
503.15317302887115,1.2932771051075502
503.2531730288712,1.2934437612051428
503.3531730288712,1.2936114983629368
503.4531730288712,1.2937803181223657
503.55317302887124,1.2939502219576293
503.65317302887127,1.2941212112749327
503.7531730288713,1.2942932874117283
503.8531730288713,1.2944664516359599
503.95317302887133,1.294640705145308
504.05317302887136,1.2948160490664384
504.1531730288714,1.2949924844542522
504.2531730288714,1.2951700122911391
504.3531730288714,1.2953486334862332
504.45317302887145,1.2955283488746705
504.55317302887147,1.2957091592168517
504.6531730288715,1.2958910651977054
504.7531730288715,1.2960740674259565
504.85317302887154,1.296258166433397
504.95317302887156,1.2964433626741614
505.0531730288716,1.296629656524004
505.1531730288716,1.2968170482795824
505.25317302887163,1.2970055381577432
505.35317302887165,1.297195126294812
505.4531730288717,1.2973858127458897
505.5531730288717,1.2975775974841501
505.6531730288717,1.2977704804001453
505.75317302887174,1.2979644613011139
505.85317302887177,1.2981595399102945
505.9531730288718,1.2983557158662462
506.0531730288718,1.2985529887221705
506.15317302887183,1.2987513579452432
506.25317302887186,1.2989508229159488
506.3531730288719,1.2991513829274217
506.4531730288719,1.2993530371847943
506.5531730288719,1.2995557848045494
506.65317302887195,1.2997596248138803
506.75317302887197,1.2999645561500575
506.853173028872,1.3001705776598003
506.953173028872,1.3003776880986586
507.05317302887204,1.3005858861303978
507.15317302887206,1.3007951703263938
507.2531730288721,1.3010055391650341
507.3531730288721,1.3012169910311269
507.45317302887213,1.3014295242153175
507.55317302887215,1.3016431369135135
507.6531730288722,1.3018578272263168
507.7531730288722,1.3020735931584646
507.8531730288722,1.3022904326182798
507.95317302887224,1.3025083434171285
508.05317302887227,1.3027273232688865
508.1531730288723,1.3029473697894163
508.2531730288723,1.3031684804960513
508.35317302887233,1.3033906528070913
508.45317302887236,1.303613884041306
508.5531730288724,1.3038381714174498
508.6531730288724,1.3040635120537845
508.7531730288724,1.3042899029676147
508.85317302887245,1.3045173410748314
508.95317302887247,1.3047458231894677
509.0531730288725,1.3049753460232643
509.1531730288725,1.3052059061852455
509.25317302887254,1.305437500181308
509.35317302887256,1.3056701244138205
509.4531730288726,1.3059037751812326
509.5531730288726,1.306138448677699
509.65317302887263,1.3063741409927134
509.75317302887265,1.3066108481107546
509.8531730288727,1.3068485659109457
509.9531730288727,1.3070872901667252
510.0531730288727,1.307327016545532
510.15317302887274,1.3075677406085016
510.25317302887277,1.3078094578101764
510.3531730288728,1.3080521634982298
510.4531730288728,1.3082958529132034
510.55317302887283,1.3085405211882573
510.65317302887286,1.3087861633489353
510.7531730288729,1.3090327743129444
510.8531730288729,1.3092803488899485
510.9531730288729,1.3095288817813753
511.05317302887295,1.3097783675802408
511.15317302887297,1.3100288007709864
511.253173028873,1.3102801757293328
511.353173028873,1.3105324867221482
511.45317302887304,1.3107857279073332
511.55317302887306,1.3110398933337206
511.6531730288731,1.3112949769409934
511.7531730288731,1.3115509725596153
511.85317302887313,1.3118078739107824
511.95317302887315,1.3120656746063881
512.0531730288732,1.3123243681490069
512.1531730288732,1.3125839479318944
512.2531730288732,1.3128444072390058
512.3531730288732,1.313105739245031
512.4531730288733,1.3133679370154485
512.5531730288733,1.3136309935065975
512.6531730288733,1.3138949015657668
512.7531730288733,1.3141596539313045
512.8531730288734,1.314425243232745
512.9531730288734,1.3146916619909554
513.0531730288734,1.3149589026183022
513.1531730288734,1.3152269574188358
513.2531730288734,1.3154958185884957
513.3531730288735,1.3157654782153365
513.4531730288735,1.3160359282797722
513.5531730288735,1.3163071606548427
513.6531730288735,1.3165791671065006
513.7531730288736,1.3168519392939175
513.8531730288736,1.3171254687698146
513.9531730288736,1.3173997469808112
514.0531730288736,1.3176747652677974
514.1531730288737,1.317950514866328
514.2531730288737,1.3182269869070378
514.3531730288737,1.3185041724160804
514.4531730288737,1.3187820623155895
514.5531730288737,1.319060647424162
514.6531730288738,1.3193399184573662
514.7531730288738,1.3196198660282716
514.8531730288738,1.3199004806480035
514.9531730288738,1.320181752726321
515.0531730288739,1.3204636725722192
515.1531730288739,1.3207462303945563
515.2531730288739,1.3210294163027048
515.3531730288739,1.321313220307228
515.453173028874,1.321597632320582
515.553173028874,1.3218826421578422
515.653173028874,1.3221682395374563
515.753173028874,1.3224544140820234
515.853173028874,1.3227411553190986
515.9531730288741,1.323028452682026
516.0531730288741,1.3233162955107947
516.1531730288741,1.3236046730529267
516.2531730288741,1.3238935744643883
516.3531730288742,1.3241829888105308
516.4531730288742,1.3244729050670592
516.5531730288742,1.3247633121210278
516.6531730288742,1.325054198771866
516.7531730288742,1.3253455537324308
516.8531730288743,1.32563736563009
516.9531730288743,1.3259296230078332
517.0531730288743,1.326222314325414
517.1531730288743,1.32651542796052
517.2531730288744,1.3268089522099744
517.3531730288744,1.3271028752909673
517.4531730288744,1.3273971853423168
517.5531730288744,1.3276918704257634
517.6531730288744,1.3279869185272932
517.7531730288745,1.3282823175584935
517.8531730288745,1.3285780553579396
517.9531730288745,1.3288741196926153
518.0531730288745,1.3291704982593628
518.1531730288746,1.3294671786863685
518.2531730288746,1.3297641485346787
518.3531730288746,1.3300613952997509
518.4531730288746,1.3303589064130357
518.5531730288747,1.3306566692435962
518.6531730288747,1.3309546710997573
518.7531730288747,1.3312528992307928
518.8531730288747,1.3315513408286448
518.9531730288747,1.3318499830296782
519.0531730288748,1.3321488129164716
519.1531730288748,1.3324478175196421
519.2531730288748,1.332746983819707
519.3531730288748,1.3330462987489806
519.4531730288749,1.3333457491935072
519.5531730288749,1.3336453219950313
519.6531730288749,1.3339450039530045
519.7531730288749,1.3342447818266285
519.853173028875,1.3345446423369363
519.953173028875,1.3348445721689115
520.053173028875,1.3351445579736436
520.153173028875,1.335444586370524
520.253173028875,1.3357446439494778
520.3531730288751,1.3360447172732361
520.4531730288751,1.3363447928796472
520.5531730288751,1.3366448572840253
520.6531730288751,1.336944896981541
520.7531730288752,1.3372448984496488
520.8531730288752,1.3375448481505583
520.9531730288752,1.337844732533741
521.0531730288752,1.338144538038482
521.1531730288752,1.3384442510964683
521.2531730288753,1.3387438581344218
521.3531730288753,1.3390433455767705
521.4531730288753,1.3393426998483633
521.5531730288753,1.3396419073772243
521.6531730288754,1.3399409545973504
521.7531730288754,1.3402398279515508
521.8531730288754,1.340538513894328
521.9531730288754,1.3408369988948023
522.0531730288754,1.3411352694396774
522.1531730288755,1.341433312036251
522.2531730288755,1.3417311132154657
522.3531730288755,1.3420286595350055
522.4531730288755,1.3423259375824346
522.5531730288756,1.3426229339783797
522.6531730288756,1.3429196353797554
522.7531730288756,1.3432160284830355
522.8531730288756,1.3435121000275652
522.9531730288757,1.3438078367989197
523.0531730288757,1.3441032256323064
523.1531730288757,1.3443982534160115
523.2531730288757,1.344692907094889
523.3531730288757,1.3449871736738983
523.4531730288758,1.345281040221682
523.5531730288758,1.3455744938741914
523.6531730288758,1.3458675218383551
523.7531730288758,1.3461601113957928
523.8531730288759,1.3464522499065736
523.9531730288759,1.3467439248130197
524.0531730288759,1.3470351236435536
524.1531730288759,1.3473258340165921
524.253173028876,1.3476160436444826
524.353173028876,1.3479057403374854
524.453173028876,1.3481949120078016
524.553173028876,1.348483546673643
524.653173028876,1.3487716324633483
524.7531730288761,1.3490591576195445
524.8531730288761,1.34934611050335
524.9531730288761,1.349632479598623
525.0531730288761,1.3499182535162548
525.1531730288762,1.3502034209985063
525.2531730288762,1.3504879709233866
525.3531730288762,1.3507718923090777
525.4531730288762,1.3510551743183998
525.5531730288762,1.3513378062633206
525.6531730288763,1.3516197776095082
525.7531730288763,1.351901077980924
525.8531730288763,1.3521816971644594
525.9531730288763,1.3524616251146135
526.0531730288764,1.3527408519582127
526.1531730288764,1.3530193679991696
526.2531730288764,1.353297163723284
526.3531730288764,1.3535742298030833
526.4531730288764,1.3538505571027026
526.5531730288765,1.3541261366828035
526.6531730288765,1.354400959805531
526.7531730288765,1.3546750179395113
526.8531730288765,1.3549483027648819
526.9531730288766,1.3552208061783628
527.0531730288766,1.3554925202983632
527.1531730288766,1.3557634374701213
527.2531730288766,1.3560335502708811
527.3531730288767,1.3563028515151039
527.4531730288767,1.3565713342597094
527.5531730288767,1.3568389918093546
527.6531730288767,1.3571058177217394
527.7531730288767,1.3573718058129463
527.8531730288768,1.357636950162809
527.9531730288768,1.357901245120309
528.0531730288768,1.3581646853090024
528.1531730288768,1.3584272656324718
528.2531730288769,1.358688981279805
528.3531730288769,1.3589498277310987
528.4531730288769,1.359209800762985
528.5531730288769,1.3594688964541821
528.653173028877,1.3597271111910663
528.753173028877,1.3599844416732618
528.853173028877,1.3602408849192524
528.953173028877,1.3604964382720097
529.053173028877,1.3607510994046372
529.1531730288771,1.3610048663260295
529.2531730288771,1.3612577373865447
529.3531730288771,1.36150971128369
529.4531730288771,1.3617607870678166
529.5531730288772,1.3620109641478217
529.6531730288772,1.3622602422968628
529.7531730288772,1.3625086216580717
529.8531730288772,1.3627561027502766
529.9531730288772,1.363002686473724
530.0531730288773,1.3632483741158017
530.1531730288773,1.3634931673567612
530.2531730288773,1.363737068275434
530.3531730288773,1.3639800793549461
530.4531730288774,1.3642222034884217
530.5531730288774,1.3644634439846801
530.6531730288774,1.36470380457392
530.7531730288774,1.3649432894133893
530.8531730288774,1.3651819030930419
530.9531730288775,1.3654196506411729
531.0531730288775,1.3656565375300365
531.1531730288775,1.3658925696814395
531.2531730288775,1.3661277534723106
531.3531730288776,1.3663620957402418
531.4531730288776,1.3665956037890001
531.5531730288776,1.366828285394007
531.6531730288776,1.3670601488077827
531.7531730288777,1.3672912027653517
531.8531730288777,1.3675214564896108
531.9531730288777,1.3677509196966504
532.0531730288777,1.3679796026010334
532.1531730288777,1.3682075159210223
532.2531730288778,1.3684346708837576
532.3531730288778,1.3686610792303793
532.4531730288778,1.3688867532210929
532.5531730288778,1.3691117056401738
532.6531730288779,1.3693359498009074
532.7531730288779,1.369559499550465
532.8531730288779,1.369782369274707
532.9531730288779,1.3700045739029159
533.053173028878,1.370226128912449
533.153173028878,1.3704470503333162
533.253173028878,1.3706673547526709
533.353173028878,1.3708870593192162
533.453173028878,1.3711061817475219
533.5531730288781,1.3713247403222462
533.6531730288781,1.3715427539022615
533.7531730288781,1.3717602419246806
533.8531730288781,1.3719772244087771
533.9531730288782,1.3721937219597988
534.0531730288782,1.3724097557726704
534.1531730288782,1.3726253476355796
534.2531730288782,1.3728405199334448
534.3531730288782,1.3730552956512607
534.4531730288783,1.3732696983773156
534.5531730288783,1.3734837523062795
534.6531730288783,1.3736974822421577
534.7531730288783,1.3739109136011054
534.8531730288784,1.3741240724140993
534.9531730288784,1.3743369853294642
535.0531730288784,1.374549679615249
535.1531730288784,1.3747621831614463
535.2531730288785,1.3749745244820557
535.3531730288785,1.3751867327169829
535.4531730288785,1.3753988376337725
535.5531730288785,1.3756108696291691
535.6531730288785,1.3758228597305047
535.7531730288786,1.3760348395969042
535.8531730288786,1.3762468415203106
535.9531730288786,1.3764588984263184
536.0531730288786,1.3766710438748184
536.1531730288787,1.3768833120604442
536.2531730288787,1.3770957378128195
536.3531730288787,1.377308356596598
536.4531730288787,1.3775212045112986
536.5531730288787,1.3777343182909225
536.6531730288788,1.377947735303356
536.7531730288788,1.3781614935495505
536.8531730288788,1.3783756316624765
536.9531730288788,1.3785901889058463
537.0531730288789,1.3788052051726043
537.1531730288789,1.3790207209831775
537.2531730288789,1.3792367774834822
537.3531730288789,1.379453416442685
537.453173028879,1.3796706802507137
537.553173028879,1.3798886119155085
537.653173028879,1.3801072550600202
537.753173028879,1.3803266539189392
537.853173028879,1.3805468533351604
537.9531730288791,1.3807678987559766
538.0531730288791,1.3809898362289943
538.1531730288791,1.3812127123977733
538.2531730288791,1.381436574497181
538.3531730288792,1.3816614703484604
538.4531730288792,1.3818874483540087
538.5531730288792,1.382114557491859
538.6531730288792,1.3823428473098673
538.7531730288792,1.382572367919596
538.8531730288793,1.3828031699898926
538.9531730288793,1.3830353047401602
539.0531730288793,1.3832688239333168
539.1531730288793,1.3835037798684395
539.2531730288794,1.383740225373089
539.3531730288794,1.3839782137953152
539.4531730288794,1.3842177989953366
539.5531730288794,1.3844590353368935
539.6531730288795,1.38470197767827
539.7531730288795,1.3849466813629854
539.8531730288795,1.3851932022101467
539.9531730288795,1.3854415965044666
540.0531730288795,1.385690931952021
540.1531730288796,1.3859360261901426
540.2531730288796,1.3861761724126793
540.3531730288796,1.386411433821212
540.4531730288796,1.3866418765648292
540.5531730288797,1.3868675697241744
540.6531730288797,1.387088585293859
540.7531730288797,1.3873049981632446
540.8531730288797,1.387516886095596
540.9531730288797,1.3877243297056125
541.0531730288798,1.387927412435337
541.1531730288798,1.3881262205284532
541.2531730288798,1.3883208430029785
541.3531730288798,1.3885113716223543
541.4531730288799,1.3886979008649516
541.5531730288799,1.3888805278919947
541.6531730288799,1.3890593525139179
541.7531730288799,1.3892344771551643
541.85317302888,1.3894060068174443
541.95317302888,1.389574049041461
542.05317302888,1.3897387138671233
542.15317302888,1.3899001137922598
542.25317302888,1.3900583637298503
542.3531730288801,1.3902135809637923
542.4531730288801,1.3903658851032232
542.5531730288801,1.3905153980354141
542.6531730288801,1.3906622438772591
542.7531730288802,1.3908065489253796
542.8531730288802,1.390948441604864
542.9531730288802,1.3910880524166718
543.0531730288802,1.391225513883716
543.1531730288802,1.3913609604956603
543.2531730288803,1.3914945286524454
543.3531730288803,1.3916263566065785
543.4531730288803,1.391756584404209
543.5531730288803,1.3918853538250193
543.6531730288804,1.3920128083209593
543.7531730288804,1.3921390929538533
543.8531730288804,1.392264354331909
543.9531730288804,1.3923887405451614
544.0531730288805,1.392512401099878
544.1531730288805,1.3926354868519628
544.2531730288805,1.3927581499393877
544.3531730288805,1.3928805437136857
544.4531730288805,1.3930028226705393
544.5531730288806,1.3931251423794984
544.6531730288806,1.3932476594128629
544.7531730288806,1.3933705312737639
544.8531730288806,1.393493916323481
544.9531730288807,1.3936179737080294
545.0531730288807,1.3937428632840572
545.1531730288807,1.3938687455440846
545.2531730288807,1.3939957815411286
545.3531730288807,1.3941241328127463
545.4531730288808,1.394253961304535
545.5531730288808,1.3943854292931326
545.6531730288808,1.3945186993087502
545.7531730288808,1.3946539340572803
545.8531730288809,1.39479129634202
545.9531730288809,1.3949309489850448
546.0531730288809,1.3950730547482775
546.1531730288809,1.3952177762542897
546.253173028881,1.3953652759068744
546.353173028881,1.3955157158114335
546.453173028881,1.395669257695217
546.553173028881,1.3958260628274566
546.653173028881,1.3959862919394328
546.7531730288811,1.3961501051445155
546.8531730288811,1.396317661858221
546.9531730288811,1.3964891207183217
547.0531730288811,1.3966646395050528
547.1531730288812,1.3968443750614543
547.2531730288812,1.3970284832138877
547.3531730288812,1.3972171186927698
547.4531730288812,1.3974104350535614
547.5531730288812,1.3976085845980515
547.6531730288813,1.3978117182959777
547.7531730288813,1.3980199857070192
547.8531730288813,1.3982335349032045
547.9531730288813,1.398452512391772
548.0531730288814,1.3986770630385197
548.1531730288814,1.3989073299916877
548.2531730288814,1.3991434546064045
548.3531730288814,1.3993855763697414
548.4531730288815,1.3996338328264066
548.5531730288815,1.399888359505123
548.6531730288815,1.4001492898457164
548.7531730288815,1.4004167551269615
548.8531730288815,1.4006908843952117
548.9531730288816,1.4009718043938553
549.0531730288816,1.4012596394936265
549.1531730288816,1.4015545116238128
549.2531730288816,1.4018565402043848
549.3531730288817,1.4021658420790886
549.4531730288817,1.4024825314495288
549.5531730288817,1.4028067198102778
549.6531730288817,1.4031385158850387
549.7531730288817,1.4034780255639001
549.8531730288818,1.4038253518417039
549.9531730288818,1.4041805947575656
550.0531730288818,1.4045438513355681
550.1531730288818,1.4049152155266642
550.2531730288819,1.4052947781518115
550.3531730288819,1.4056826268463694
550.4531730288819,1.4060788460057827
550.5531730288819,1.4064835167325813
550.653173028882,1.4068967167847186
550.753173028882,1.4073185205252723
550.853173028882,1.4077489988735348
550.953173028882,1.4081882192575148
551.053173028882,1.408636245567872
551.1531730288821,1.409093138113307
551.2531730288821,1.409558953577427
551.3531730288821,1.4100337449771112
551.4531730288821,1.4105175616223875
551.5531730288822,1.4110104490778481
551.6531730288822,1.4115124491256168
551.7531730288822,1.4120235997298853
551.8531730288822,1.4125439350030369
551.9531730288822,1.4130734851733728
552.0531730288823,1.4136122765544543
552.1531730288823,1.4141603315160765
552.2531730288823,1.414717668456886
552.3531730288823,1.415284301778657
552.4531730288824,1.4158602418622324
552.5531730288824,1.4164454950451486
552.6531730288824,1.4170400636009457
552.7531730288824,1.4176439457201788
552.8531730288825,1.4182571354931361
552.9531730288825,1.4188796228942708
553.0531730288825,1.4195113937683554
553.1531730288825,1.420152429818364
553.2531730288825,1.4208027085950872
553.3531730288826,1.4214622034884832
553.4531730288826,1.4221308837207733
553.5531730288826,1.4228087143412782
553.6531730288826,1.4234956562230008
553.7531730288827,1.4241916660609582
553.8531730288827,1.4248966963722594
553.9531730288827,1.4256106954979317
554.0531730288827,1.4263336076064934
554.1531730288827,1.4270653726992701
554.2531730288828,1.4278059266174548
554.3531730288828,1.4285552010509042
554.4531730288828,1.4293131235486725
554.5531730288828,1.4300796175312709
554.6531730288829,1.430854602304655
554.7531730288829,1.4316379930759262
554.8531730288829,1.4324297009707452
554.9531730288829,1.433229633052448
555.053173028883,1.4340376923428546
555.153173028883,1.4348537778447634
555.253173028883,1.4356777845661193
555.353173028883,1.4365096035458451
555.453173028883,1.4373491218813272
555.5531730288831,1.4381962227575378
555.6531730288831,1.4390507854777888
555.7531730288831,1.4399126854960953
555.8531730288831,1.4407817944511425
555.9531730288832,1.4416579802018343
556.0531730288832,1.4425411068644132
556.1531730288832,1.4434310348511328
556.2531730288832,1.4443276209104674
556.3531730288832,1.44523071816884
556.4531730288833,1.4461401761738522
556.5531730288833,1.4470558409389962
556.6531730288833,1.4479775549898313
556.7531730288833,1.448905157411603
556.8531730288834,1.4498384838982865
556.9531730288834,1.4507773668030322
557.0531730288834,1.4517216351899926
557.1531730288834,1.4526711148875096
557.2531730288835,1.4536256285426354
557.3531730288835,1.4545849956769712
557.4531730288835,1.4555490327437928
557.5531730288835,1.4565175531864438
557.6531730288835,1.4574903674979716
557.7531730288836,1.4584672832819765
557.8531730288836,1.4594481053146566
557.9531730288836,1.4604326356080153
558.0531730288836,1.461420673474207
558.1531730288837,1.462412015590999
558.2531730288837,1.4634064560683138
558.3531730288837,1.464403786515832
558.4531730288837,1.4654037961116235
558.5531730288837,1.4664062716717807
558.6531730288838,1.4674109977210226
558.7531730288838,1.4684177565642433
558.8531730288838,1.4694263283589755
558.9531730288838,1.4704364911887344
559.0531730288839,1.4714480211372205
559.1531730288839,1.4724606923633416
559.2531730288839,1.473474277177031
559.3531730288839,1.474488546115825
559.453173028884,1.4755032680221731
559.553173028884,1.4765182101214467
559.653173028884,1.4775331381006143
559.753173028884,1.4785478161875536
559.853173028884,1.4795620072309659
559.9531730288841,1.4805754727808604
560.0531730288841,1.4815879731695796
560.1531730288841,1.4825992675933264
560.2531730288841,1.483609114194166
560.3531730288842,1.4846172701424671
560.4531730288842,1.485623491719747
560.5531730288842,1.486627534401892
560.6531730288842,1.4876291529427148
560.7531730288842,1.488628101457819
560.8531730288843,1.4896241335087343
560.9531730288843,1.4906170021872902
561.0531730288843,1.491606460200193
561.1531730288843,1.4925922599537758
561.2531730288844,1.493574153638881
561.3531730288844,1.4945518933158477
561.4531730288844,1.4955252309995677
561.5531730288844,1.4964939187445752
561.6531730288845,1.4974577087301353
561.7531730288845,1.4984163533453043
561.8531730288845,1.4993696052739163
561.9531730288845,1.5003172175794741
562.0531730288845,1.5012589437899018
562.1531730288846,1.5021945379821313
562.2531730288846,1.5031237548664853
562.3531730288846,1.5040463498708254
562.4531730288846,1.504962079224432
562.5531730288847,1.505870700041581
562.6531730288847,1.5067719704047862
562.7531730288847,1.5076656494476743
562.8531730288847,1.5085514974374588
562.9531730288847,1.50942927585698
563.0531730288848,1.5102987474862817
563.1531730288848,1.5111596764836885
563.2531730288848,1.5120118284663548
563.3531730288848,1.5128549705902516
563.4531730288849,1.513688871629564
563.5531730288849,1.5145133020554606
563.6531730288849,1.5153280341142137
563.7531730288849,1.5161328419046307
563.853173028885,1.5169275014547732
563.953173028885,1.51771179079793
564.053173028885,1.5184854900478162
564.153173028885,1.5192483814729678
564.253173028885,1.5200002495703056
564.3531730288851,1.5207408811378365
564.4531730288851,1.5214700653464661
564.5531730288851,1.5221875938108953
564.6531730288851,1.5228932606595715
564.7531730288852,1.5235868626036702
564.8531730288852,1.5242681990050777
564.9531730288852,1.5249370719433515
565.0531730288852,1.5255932862816306
565.1531730288852,1.5262366497314732
565.2531730288853,1.5268669729165927
565.3531730288853,1.527484069435474
565.4531730288853,1.5280877559228407
565.5531730288853,1.5286778521099535
565.6531730288854,1.5292541808837155
565.7531730288854,1.529816568344564
565.8531730288854,1.5303648438631243
565.9531730288854,1.5308988401356083
566.0531730288855,1.5314183932379328
566.1531730288855,1.5319233426785432
566.2531730288855,1.5324135314499179
566.3531730288855,1.532888806078736
566.4531730288855,1.5333490166746955
566.5531730288856,1.5337940169779536
566.6531730288856,1.5342236644051837
566.7531730288856,1.5346378200942241
566.8531730288856,1.5350363489473091
566.9531730288857,1.5354191196728597
567.0531730288857,1.5357860048258285
567.1531730288857,1.5361368808465785
567.2531730288857,1.536471628098283
567.3531730288857,1.5367901309028396
567.4531730288858,1.5370922775752769
567.5531730288858,1.537377960456654
567.6531730288858,1.5376470759454317
567.7531730288858,1.537899524527313
567.8531730288859,1.5381352108035395
567.9531730288859,1.538354043517638
568.0531730288859,1.538555935580606
568.1531730288859,1.5387408040945338
568.253173028886,1.5389085703746526
568.353173028886,1.5390591599698025
568.453173028886,1.5391925026813216
568.553173028886,1.5393085325803433
568.653173028886,1.5394071880235045
568.7531730288861,1.5394884116670593
568.8531730288861,1.5395521504793954
568.9531730288861,1.5395983557519541
569.0531730288861,1.5396269831085498
569.1531730288862,1.5396379925130925
569.2531730288862,1.5396313482757107
569.3531730288862,1.539607019057279
569.4531730288862,1.5395646851417748
569.5531730288862,1.539501767154895
569.6531730288863,1.5394176533443593
569.7531730288863,1.5393123328740197
569.8531730288863,1.5391858008691282
569.9531730288863,1.5390380584085899
570.0531730288864,1.5388691125147067
570.1531730288864,1.538678976140416
570.2531730288864,1.538467668154039
570.3531730288864,1.538235213321549
570.4531730288865,1.537981642286377
570.5531730288865,1.5377069915467634
570.6531730288865,1.5374113034306782
570.7531730288865,1.5370946260683254
570.8531730288865,1.5367570133622483
570.9531730288866,1.5363985249550605
571.0531730288866,1.5360192261948193
571.1531730288866,1.5356191880980703
571.2531730288866,1.535198487310581
571.3531730288867,1.534757206065794
571.4531730288867,1.5342954321410225
571.5531730288867,1.53381325881142
571.6531730288867,1.533310784801749
571.7531730288867,1.532788114235983
571.8531730288868,1.5322453565847676
571.9531730288868,1.531682626610782
572.0531730288868,1.5311000443120233
572.1531730288868,1.530497734863058
572.2531730288869,1.5298758285542706
572.3531730288869,1.5292344607291493
572.4531730288869,1.5285737717196424
572.5531730288869,1.527893906779629
572.653173028887,1.5271950160165417
572.753173028887,1.5264772543211786
572.853173028887,1.5257407812957517
572.953173028887,1.5249857611802107
573.053173028887,1.524212362776884
573.1531730288871,1.5234207593734854
573.2531730288871,1.5226111286645265
573.3531730288871,1.5217836526711837
573.4531730288871,1.5209385176596621
573.5531730288872,1.5200759140581097
573.6531730288872,1.5191960363721206
573.7531730288872,1.5182990830988836
573.8531730288872,1.5173852566400186
573.9531730288872,1.5164547632131553
574.0531730288873,1.5155078127622983
574.1531730288873,1.5145446188670344
574.2531730288873,1.513565398650629
574.3531730288873,1.5125703726870636
574.4531730288874,1.5115597649070671
574.5531730288874,1.5105338025031905
574.6531730288874,1.5094927158339795
574.7531730288874,1.5084367383272956
574.8531730288875,1.5073661063828387
574.9531730288875,1.5062810592739246
575.0531730288875,1.5051818390485694
575.1531730288875,1.5040686904299356
575.2531730288875,1.5029418607161908
575.3531730288876,1.5018015996798337
575.4531730288876,1.5006481594665413
575.5531730288876,1.4994817944935879
575.6531730288876,1.4983027613478934
575.7531730288877,1.4971113186837497
575.8531730288877,1.4959077271202808
575.9531730288877,1.494692249138688
576.0531730288877,1.4934651489793362
576.1531730288877,1.4922266925387286
576.2531730288878,1.4909771472664257
576.3531730288878,1.489716782061961
576.4531730288878,1.4884458671718024
576.5531730288878,1.4871646740864122
576.6531730288879,1.4858734754374563
576.7531730288879,1.4845725448952152
576.8531730288879,1.4832621570662416
576.9531730288879,1.4819425873913212
577.053173028888,1.4806141120437797
577.153173028888,1.479277007828188
577.253173028888,1.4779315520795149
577.353173028888,1.4765780225627685
577.453173028888,1.4752166973731817
577.5531730288881,1.4738478548369818
577.6531730288881,1.472471773412791
577.7531730288881,1.471088731593706
577.8531730288881,1.4696990078100953
577.9531730288882,1.4683028803331628
578.0531730288882,1.4669006271793172
578.1531730288882,1.4654925260153917
578.2531730288882,1.4640788540647498
578.3531730288882,1.4626598880143262
578.4531730288883,1.461235903922633
578.5531730288883,1.4598071771287764
578.6531730288883,1.4583739821625175
578.7531730288883,1.4569365926554165
578.8531730288884,1.455495281253096
578.9531730288884,1.4540503195286545
579.0531730288884,1.4526019778972707
579.1531730288884,1.4511505255320256
579.2531730288885,1.4496962302809768
579.3531730288885,1.4482393585855171
579.4531730288885,1.446780175400045
579.5531730288885,1.445318944112979
579.6531730288885,1.4438559264691382
579.7531730288886,1.442391382493525
579.8531730288886,1.4409255704165262
579.9531730288886,1.4394587466005644
580.0531730288886,1.4379911654682185
580.1531730288887,1.4365230794318409
580.2531730288887,1.4350547388246873
580.3531730288887,1.4335863918335854
580.4531730288887,1.4321182844331561
580.5531730288888,1.430650660321612
580.6531730288888,1.4291837608581435
580.7531730288888,1.4277178250019147
580.8531730288888,1.426253089252681
580.9531730288888,1.4247897875930418
581.0531730288889,1.423328151432343
581.1531730288889,1.4218684095522427
581.2531730288889,1.4204107880539438
581.3531730288889,1.418955510307113
581.453173028889,1.4175027969004854
581.553173028889,1.4160528655941702
581.653173028889,1.4146059312736563
581.753173028889,1.4131622059055302
581.853173028889,1.4117218984949054
581.9531730288891,1.4102852150445688
582.0531730288891,1.4088523585158468
582.1531730288891,1.4074235287911903
582.2531730288891,1.4059989226384795
582.3531730288892,1.4045787336770503
582.4531730288892,1.4031631523454355
582.5531730288892,1.4017523658708226
582.6531730288892,1.4003465582402217
582.7531730288893,1.3989459101733386
582.8531730288893,1.3975505990971513
582.9531730288893,1.3961607991221765
583.0531730288893,1.3947766810204263
583.1531730288893,1.3933984122050385
583.2531730288894,1.39202615671158
583.3531730288894,1.3906600751810043
583.4531730288894,1.3893003248442604
583.5531730288894,1.3879470595085324
583.6531730288895,1.386600429545107
583.7531730288895,1.385260581878847
583.8531730288895,1.383927659979259
583.9531730288895,1.382601803853145
584.0531730288895,1.3812831500388143
584.1531730288896,1.3799718316018452
584.2531730288896,1.3786679781323765
584.3531730288896,1.377371715743912
584.4531730288896,1.3760831670736184
584.5531730288897,1.3748024512840993
584.6531730288897,1.3735296840666236
584.7531730288897,1.3722649776457878
584.8531730288897,1.3710084407855943
584.9531730288898,1.3697601787969196
585.0531730288898,1.368520293546354
585.1531730288898,1.3672888834663885
585.2531730288898,1.3660660435669258
585.3531730288898,1.3648518654480932
585.4531730288899,1.3636464373143315
585.5531730288899,1.3624498439897368
585.6531730288899,1.3612621669346305
585.7531730288899,1.3600834842633303
585.85317302889,1.3589138707631003
585.95317302889,1.3577533979142504
586.05317302889,1.356602133911361
586.15317302889,1.3554601436856064
586.25317302889,1.3543274889281491
586.3531730288901,1.3532042281145793
586.4531730288901,1.3520904165303704
586.5531730288901,1.3509861062973259
586.6531730288901,1.349891346400987
586.7531730288902,1.348806182718974
586.8531730288902,1.3477306580502364
586.9531730288902,1.346664812145179
587.0531730288902,1.3456086817366373
587.1531730288903,1.3445623005716776
587.2531730288903,1.3435256994441875
587.3531730288903,1.3424989062282326
587.4531730288903,1.3414819459121499
587.5531730288903,1.3404748406333482
587.6531730288904,1.3394776097137902
587.7531730288904,1.3384902696961234
587.8531730288904,1.3375128343804359
587.9531730288904,1.3365453148616064
588.0531730288905,1.3355877195672212
588.1531730288905,1.3346400542960282
588.2531730288905,1.3337023222569035
588.3531730288905,1.3327745241083004
588.4531730288905,1.3318566579981523
588.5531730288906,1.3309487196042051
588.6531730288906,1.3300507021747485
588.7531730288906,1.3291625965697227
588.8531730288906,1.328284391302169
588.9531730288907,1.3274160725800026
589.0531730288907,1.3265576243480788
589.1531730288907,1.3257090283305246
589.2531730288907,1.3248702640733143
589.3531730288908,1.3240413089870595
589.4531730288908,1.3232221383899911
589.5531730288908,1.322412725551107
589.6531730288908,1.3216130417334588
589.7531730288908,1.3208230562375596
589.8531730288909,1.320042736444881
589.9531730288909,1.3192720478614215
590.0531730288909,1.3185109541613198
590.1531730288909,1.3177594172304932
590.253173028891,1.3170173972102743
590.353173028891,1.3162848525410298
590.453173028891,1.315561740005732
590.553173028891,1.3148480147734705
590.653173028891,1.3141436304428753
590.7531730288911,1.3134485390854371
590.8531730288911,1.3127626912886994
590.9531730288911,1.3120860361993074
591.0531730288911,1.311418521565892
591.1531730288912,1.31076009378177
591.2531730288912,1.3101106979274442
591.3531730288912,1.3094702778128835
591.4531730288912,1.3088387760195668
591.5531730288913,1.308216133942274
591.6531730288913,1.307602291830605
591.7531730288913,1.3069971888302168
591.8531730288913,1.306400763023755
591.9531730288913,1.305812951471472
592.0531730288914,1.3052336902515127
592.1531730288914,1.304662914499855
592.2531730288914,1.3041005584498933
592.3531730288914,1.3035465554716474
592.4531730288915,1.30300083811059
592.5531730288915,1.3024633381260737
592.6531730288915,1.301933986529353
592.7531730288915,1.3014127136211842
592.8531730288915,1.3008994490289945
592.9531730288916,1.300394121743612
593.0531730288916,1.2998966601555422
593.1531730288916,1.2994069920907867
593.2531730288916,1.298925044846189
593.3531730288917,1.2984507452243073
593.4531730288917,1.2979840195677952
593.5531730288917,1.297524793793295
593.6531730288917,1.2970729934248253
593.7531730288918,1.2966285436266631
593.8531730288918,1.296191369235713
593.9531730288918,1.2957613947933535
594.0531730288918,1.2953385445767618
594.1531730288918,1.2949227426297052
594.2531730288919,1.294513912792799
594.3531730288919,1.2941119787332258
594.4531730288919,1.293716863973911
594.5531730288919,1.2933284919221508
594.653173028892,1.2929467858976949
594.753173028892,1.2925716691602716
594.853173028892,1.2922030649365632
594.953173028892,1.291840896446624
595.053173028892,1.291485086929738
595.1531730288921,1.2911355596697234
595.2531730288921,1.2907922380196708
595.3531730288921,1.2904550454261272
595.4531730288921,1.2901239054527163
595.5531730288922,1.2897987418031993
595.6531730288922,1.2894794783439787
595.7531730288922,1.2891660391260398
595.8531730288922,1.2888583484063378
595.9531730288923,1.288556330668628
596.0531730288923,1.288259910643741
596.1531730288923,1.2879690133293067
596.2531730288923,1.2876835640089295
596.3531730288923,1.2874034882708132
596.4531730288924,1.2871287120258454
596.5531730288924,1.2868591615251375
596.6531730288924,1.2865947633770285
596.7531730288924,1.2863354445635549
596.8531730288925,1.2860811324563883
596.9531730288925,1.2858317548322493
597.0531730288925,1.2855872398877963
597.1531730288925,1.2853475162539998
597.2531730288925,1.2851125130100012
597.3531730288926,1.2848821596964648
597.4531730288926,1.2846563863284275
597.5531730288926,1.284435123407649
597.6531730288926,1.2842183019344713
597.7531730288927,1.2840058534191903
597.8531730288927,1.2837977098929474
597.9531730288927,1.2835938039181451
598.0531730288927,1.2833940685983936
598.1531730288928,1.2831984375879955
598.2531730288928,1.2830068451009717
598.3531730288928,1.2828192259196394
598.4531730288928,1.2826355154027442
598.5531730288928,1.2824556494931558
598.6531730288929,1.2822795647251342
598.7531730288929,1.2821071982311698
598.8531730288929,1.281938487748409
598.9531730288929,1.281773371624669
599.053173028893,1.2816117888240488
599.153173028893,1.2814536789321456
599.253173028893,1.2812989821608824
599.353173028893,1.281147639352954
599.453173028893,1.2809995919858974
599.5531730288931,1.2808547821757985
599.6531730288931,1.2807131526806355
599.7531730288931,1.2805746469032726
599.8531730288931,1.280439208894107
599.9531730288932,1.2803067833533799
600.0531730288932,1.2801773156331562
600.1531730288932,1.2800507517389816
600.2531730288932,1.279927038331225
600.3531730288933,1.2798061227261115
600.4531730288933,1.2796879528964564
600.5531730288933,1.2795724774721051
600.6531730288933,1.2794596457400866
600.7531730288933,1.2793494076444898
600.8531730288934,1.279241713786067
600.9531730288934,1.2791365154215744
601.0531730288934,1.2790337644628558
601.1531730288934,1.278933413475676
601.2531730288935,1.2788354156783124
601.3531730288935,1.2787397249399108
601.4531730288935,1.278646295778614
601.5531730288935,1.2785550833594677
601.6531730288935,1.2784660434921122
601.7531730288936,1.2783791326282685
601.8531730288936,1.2782943078590212
601.9531730288936,1.2782115269119094
602.0531730288936,1.2781307481478297
602.1531730288937,1.2780519305577582
602.2531730288937,1.2779750337593
602.3531730288937,1.277900017993069
602.4531730288937,1.2778268441189087
602.5531730288938,1.2777554736119556
602.6531730288938,1.2776858685585577
602.7531730288938,1.2776179916520456
602.8531730288938,1.277551806188372
602.9531730288938,1.2774872760616174
603.0531730288939,1.2774243657593727
603.1531730288939,1.2773630403580019
603.2531730288939,1.2773032655177936
603.3531730288939,1.277245007478003
603.453173028894,1.2771882330517925
603.553173028894,1.2771329096210762
603.653173028894,1.2770790051312726
603.753173028894,1.2770264880859719
603.853173028894,1.2769753275415205
603.9531730288941,1.276925493101533
604.0531730288941,1.276876954911329
604.1531730288941,1.2768296836523072
604.2531730288941,1.2767836505362558
604.3531730288942,1.2767388272996076
604.4531730288942,1.2766951861976419
604.5531730288942,1.2766526999986387
604.6531730288942,1.2766113419779888
604.7531730288943,1.276571085912266
604.8531730288943,1.2765319060732625
604.9531730288943,1.2764937772219938
605.0531730288943,1.2764566746026764
605.1531730288943,1.2764205739366818
605.2531730288944,1.276385451416471
605.3531730288944,1.276351283699512
605.4531730288944,1.2763180479021856
605.5531730288944,1.2762857215936825
605.6531730288945,1.276254282789893
605.7531730288945,1.276223709947295
605.8531730288945,1.2761939819568429
605.9531730288945,1.2761650781378586
606.0531730288945,1.276136978231931
606.1531730288946,1.276109662396823
606.2531730288946,1.2760831112003928
606.3531730288946,1.2760573056145261
606.4531730288946,1.2760322270090911
606.5531730288947,1.2760078571459088
606.6531730288947,1.2759841781727475
606.7531730288947,1.2759611726173417
606.8531730288947,1.2759388233814384
606.9531730288948,1.2759171137348706
607.0531730288948,1.2758960273096642
607.1531730288948,1.2758755480941757
607.2531730288948,1.2758556604272662
607.3531730288948,1.2758363489925115
607.4531730288949,1.2758175988124516
607.5531730288949,1.2757993952428788
607.6531730288949,1.2757817239671687
607.7531730288949,1.2757645709906538
607.853173028895,1.2757479226350428
607.953173028895,1.2757317655328844
608.053173028895,1.2757160866220796
608.153173028895,1.2757008731404422
608.253173028895,1.2756861126203094
608.3531730288951,1.275671792883202
608.4531730288951,1.2756579020345382
608.5531730288951,1.2756444284583992
608.6531730288951,1.2756313608123482
608.7531730288952,1.2756186880223053
608.8531730288952,1.275606399277476
608.9531730288952,1.2755944840253375
609.0531730288952,1.275582931966681
609.1531730288953,1.2755717330507104
609.2531730288953,1.2755608774702005
609.3531730288953,1.275550355656714
609.4531730288953,1.2755401582758745
609.5531730288953,1.2755302762227019
609.6531730288954,1.2755207006170062
609.7531730288954,1.275511422798841
609.8531730288954,1.2755024343240189
609.9531730288954,1.2754937269596838
610.0531730288955,1.275485292679948
610.1531730288955,1.2754771236615885
610.2531730288955,1.2754692122798024
610.3531730288955,1.2754615511040257
610.4531730288955,1.275454132893813
610.5531730288956,1.2754469505947756
610.6531730288956,1.2754399973345842
610.7531730288956,1.2754332664190293
610.8531730288956,1.2754267513281443
610.9531730288957,1.2754204457123874
611.0531730288957,1.2754143433888867
611.1531730288957,1.2754084383377422
611.2531730288957,1.2754027246983906
611.3531730288958,1.275397196766027
611.4531730288958,1.275391848988089
611.5531730288958,1.2753866759607988
611.6531730288958,1.275381672425762
611.7531730288958,1.2753768332666278
611.8531730288959,1.2753721535058062
611.9531730288959,1.275367628301242
612.0531730288959,1.2753632529432473
612.1531730288959,1.2753590228513898
612.253173028896,1.275354933571438
612.353173028896,1.2753509807723624
612.453173028896,1.2753471602433912
612.553173028896,1.2753434678911217
612.653173028896,1.2753398997366865
612.7531730288961,1.2753364519129713
612.8531730288961,1.275333120661889
612.9531730288961,1.2753299023317046
613.0531730288961,1.2753267933744128
613.1531730288962,1.2753237903431667
613.2531730288962,1.2753208898897583
613.3531730288962,1.2753180887621494
613.4531730288962,1.2753153838020514
613.5531730288963,1.2753127719425557
613.6531730288963,1.2753102502058107
613.7531730288963,1.2753078157007491
613.8531730288963,1.2753054656208616
613.9531730288963,1.2753031972420157
614.0531730288964,1.275301007920324
614.1531730288964,1.2752988950900546
614.2531730288964,1.2752968562615885
614.3531730288964,1.2752948890194205
614.4531730288965,1.2752929910202027
614.5531730288965,1.275291159990833
614.6531730288965,1.275289393726584
614.7531730288965,1.2752876900892738
614.8531730288965,1.2752860470054785
614.9531730288966,1.2752844624647846
615.0531730288966,1.2752829345180807
615.1531730288966,1.2752814612758887
615.2531730288966,1.2752800409067333
615.3531730288967,1.2752786716355489
615.4531730288967,1.275277351742124
615.5531730288967,1.2752760795595817
615.6531730288967,1.2752748534728966
615.7531730288968,1.2752736719174458
615.8531730288968,1.2752725333775958
615.9531730288968,1.2752714363853226
616.0531730288968,1.275270379518865
616.1531730288968,1.2752693614014108
616.2531730288969,1.275268380699816
616.3531730288969,1.2752674361233534
616.4531730288969,1.275266526422494
616.5531730288969,1.2752656503877189
616.653173028897,1.2752648068483585
616.753173028897,1.2752639946714637
616.853173028897,1.2752632127607035
616.953173028897,1.275262460055293
617.053173028897,1.275261735528946
617.1531730288971,1.2752610381888554
617.2531730288971,1.2752603670747025
