497.5531730288699,2.477391142625321e-09
497.6531730288699,2.6080520829346197e-09
497.7531730288699,2.7454077456791216e-09
497.85317302886995,2.889790535405399e-09
497.95317302886997,3.0415488020197084e-09
498.05317302887,3.2010475770163837e-09
498.15317302887,3.36866934227093e-09
498.25317302887004,3.5448148327692167e-09
498.35317302887006,3.72990387469854e-09
498.4531730288701,3.924376260383176e-09
498.5531730288701,4.128692661605197e-09
498.6531730288701,4.343335582912613e-09
498.75317302887015,4.568810356579486e-09
498.8531730288702,4.805646180948503e-09
498.9531730288702,5.054397203953504e-09
499.0531730288702,5.3156436536904224e-09
499.15317302887024,5.589993017977215e-09
499.25317302887026,5.8780812749191104e-09
499.3531730288703,6.1805741765731325e-09
499.4531730288703,6.49816858788751e-09
499.55317302887033,6.831593883174151e-09
499.65317302887036,7.181613402460667e-09
499.7531730288704,7.549025970156854e-09
499.8531730288704,7.934667478564244e-09
499.9531730288704,8.339412538853822e-09
500.05317302887045,8.764176202236726e-09
500.15317302887047,9.209915754154784e-09
500.2531730288705,9.677632584426827e-09
500.3531730288705,1.0168374136395221e-08
500.45317302887054,1.0683235938232345e-08
500.55317302887056,1.1223363719685281e-08
500.6531730288706,1.1789955617658886e-08
500.7531730288706,1.2384264474164741e-08
500.85317302887063,1.3007600230293997e-08
500.95317302887065,1.3661332420007584e-08
501.0531730288707,1.4346892767677702e-08
501.1531730288707,1.5065777893459438e-08
501.2531730288707,1.58195521307208e-08
501.35317302887074,1.6609850459913787e-08
501.45317302887076,1.743838156343072e-08
501.5531730288708,1.8306931006153536e-08
501.6531730288708,1.9217364546575898e-08
501.75317302887083,2.0171631583553792e-08
501.85317302887086,2.117176874392318e-08
501.9531730288709,2.221990361641116e-08
502.0531730288709,2.3318258637462137e-08
502.1531730288709,2.4469155134800653e-08
502.25317302887095,2.567501753476181e-08
502.35317302887097,2.6938377739631023e-08
502.453173028871,2.8261879681460852e-08
502.553173028871,2.9648284059055157e-08
502.65317302887104,3.110047326505224e-08
502.75317302887106,3.262145651027707e-08
502.8531730288711,3.4214375152785826e-08
502.9531730288711,3.5882508239284663e-08
503.05317302887113,3.76292782668711e-08
503.15317302887115,3.9458257173322066e-08
503.2531730288712,4.1373172564435775e-08
503.3531730288712,4.3377914187228876e-08
503.4531730288712,4.547654065809255e-08
503.55317302887124,4.7673286455317913e-08
503.65317302887127,4.99725691857301e-08
503.7531730288713,5.23789971354935e-08
503.8531730288713,5.4897377115495076e-08
503.95317302887133,5.75327226120631e-08
504.05317302887136,6.029026225414227e-08
504.1531730288714,6.317544860841261e-08
504.2531730288714,6.619396731423446e-08
504.3531730288714,6.935174657068394e-08
504.45317302887145,7.265496698836188e-08
504.55317302887147,7.611007181907111e-08
504.6531730288715,7.972377757689151e-08
504.7531730288715,8.350308506462615e-08
504.85317302887154,8.745529082004644e-08
504.95317302887156,9.158799899684129e-08
505.0531730288716,9.590913369564882e-08
505.1531730288716,1.0042695176105647e-07
505.25317302887163,1.0515005606096381e-07
505.35317302887165,1.1008740926522789e-07
505.4531730288717,1.1524834814105443e-07
505.5531730288717,1.2064259838315628e-07
505.6531730288717,1.2628028999726682e-07
505.75317302887174,1.3217197325619743e-07
505.85317302887177,1.383286352482159e-07
505.9531730288718,1.4476171703816015e-07
506.0531730288718,1.5148313146233203e-07
506.15317302887183,1.5850528157887046e-07
506.25317302887186,1.6584107979598635e-07
506.3531730288719,1.7350396770112417e-07
506.4531730288719,1.8150793661483212e-07
506.5531730288719,1.898675488938505e-07
506.65317302887195,1.985979600086785e-07
506.75317302887197,2.0771494142164601e-07
506.853173028872,2.1723490429231228e-07
506.953173028872,2.2717492403781852e-07
507.05317302887204,2.3755276577665013e-07
507.15317302887206,2.483869106851285e-07
507.2531730288721,2.5969658329681334e-07
507.3531730288721,2.7150177977590183e-07
507.45317302887213,2.8382329719662896e-07
507.55317302887215,2.9668276386161467e-07
507.6531730288722,3.101026706930701e-07
507.7531730288722,3.241064037317702e-07
507.8531730288722,3.387182777797122e-07
507.95317302887224,3.5396357122341024e-07
508.05317302887227,3.6986856207586576e-07
508.1531730288723,3.864605652763176e-07
508.2531730288723,4.037679712880165e-07
508.35317302887233,4.2182028603538616e-07
508.45317302887236,4.406481722231467e-07
508.5531730288724,4.602834920811257e-07
508.6531730288724,4.807593515797448e-07
508.7531730288724,5.021101461624223e-07
508.85317302887245,5.243716080423917e-07
508.95317302887247,5.475808551127884e-07
509.0531730288725,5.717764415201678e-07
509.1531730288725,5.969984099530144e-07
509.25317302887254,6.232883456981957e-07
509.35317302887256,6.506894325197568e-07
509.4531730288726,6.79246510415917e-07
509.5531730288726,7.090061353116281e-07
509.65317302887263,7.400166407456051e-07
509.75317302887265,7.723282016122646e-07
509.8531730288727,8.059929000206588e-07
509.9531730288727,8.410647933340839e-07
510.0531730288727,8.775999844557253e-07
510.15317302887274,9.156566944274156e-07
510.25317302887277,9.552953374102703e-07
510.3531730288728,9.965785981178307e-07
510.4531730288728,1.0395715117740264e-06
510.55317302887283,1.0843415466702435e-06
510.65317302887286,1.1309586893975412e-06
510.7531730288729,1.179495532832098e-06
510.8531730288729,1.230027366953805e-06
510.9531730288729,1.2826322725800132e-06
511.05317302887295,1.3373912180984007e-06
511.15317302887297,1.3943881592850527e-06
511.253173028873,1.4537101422958808e-06
511.353173028873,1.5154474099217237e-06
511.45317302887304,1.5796935111996098e-06
511.55317302887306,1.6465454144748878e-06
511.6531730288731,1.716103624011218e-06
511.7531730288731,1.7884723002476826e-06
511.85317302887313,1.8637593838046425e-06
511.95317302887315,1.942076723342299e-06
512.0531730288732,2.023540207378424e-06
512.1531730288732,2.108269900174069e-06
512.2531730288732,2.196390181798688e-06
512.3531730288732,2.2880298924884813e-06
512.4531730288733,2.383322481414567e-06
512.5531730288733,2.482406159979962e-06
512.6531730288733,2.5854240597671916e-06
512.7531730288733,2.692524395260995e-06
512.8531730288734,2.8038606314732762e-06
512.9531730288734,2.9195916566002687e-06
513.0531730288734,3.0398819598447847e-06
513.1531730288734,3.1649018145390276e-06
513.2531730288734,3.2948274667066386e-06
513.3531730288735,3.4298413292053878e-06
513.4531730288735,3.570132181594959e-06
513.5531730288735,3.7158953758772e-06
513.6531730288735,3.867333048259431e-06
513.7531730288736,4.024654337094337e-06
513.8531730288736,4.1880756071530266e-06
513.9531730288736,4.357820680391311e-06
514.0531730288736,4.534121073372059e-06
514.1531730288737,4.717216241509862e-06
514.2531730288737,4.907353830307699e-06
514.3531730288737,5.104789933758259e-06
514.4531730288737,5.309789360086002e-06
514.5531730288737,5.5226259050096356e-06
514.6531730288738,5.743582632707616e-06
514.7531730288738,5.972952164673168e-06
514.8531730288738,6.211036976648372e-06
514.9531730288738,6.45814970383067e-06
515.0531730288739,6.714613454548286e-06
515.1531730288739,6.980762132604928e-06
515.2531730288739,7.256940768497356e-06
515.3531730288739,7.543505859713375e-06
515.453173028874,7.840825720320724e-06
515.553173028874,8.149280840061971e-06
515.653173028874,8.469264253172847e-06
515.753173028874,8.801181917146351e-06
515.853173028874,9.145453101667703e-06
515.9531730288741,9.502510787949387e-06
516.0531730288741,9.87280207869886e-06
516.1531730288741,1.0256788618955674e-05
516.2531730288741,1.0654947028037675e-05
516.3531730288742,1.1067769342840615e-05
516.4531730288742,1.1495763472738144e-05
516.5531730288742,1.1939453666333884e-05
516.6531730288742,1.2399380990320033e-05
516.7531730288742,1.2876103820701502e-05
516.8531730288743,1.3370198346647408e-05
516.9531730288743,1.388225908723613e-05
517.0531730288743,1.4412899421363403e-05
517.1531730288743,1.4962752131086528e-05
517.2531730288744,1.5532469958681738e-05
517.3531730288744,1.6122726177695053e-05
517.4531730288744,1.6734215178270126e-05
517.5531730288744,1.7367653067041636e-05
517.6531730288744,1.80237782818839e-05
517.7531730288745,1.8703352221810258e-05
517.8531730288745,1.9407159892320415e-05
517.9531730288745,2.01360105664976e-05
518.0531730288745,2.0890738462159337e-05
518.1531730288746,2.1672203435370724e-05
518.2531730288746,2.2481291690630214e-05
518.3531730288746,2.3318916508043133e-05
518.4531730288746,2.4186018987799646e-05
518.5531730288747,2.5083568812277912e-05
518.6531730288747,2.601256502609534e-05
518.7531730288747,2.6974036834435123e-05
518.8531730288747,2.796904441997558e-05
518.9531730288747,2.8998679778755332e-05
519.0531730288748,3.0064067575308063e-05
519.1531730288748,3.1166366017404034e-05
519.2531730288748,3.230676775073653e-05
519.3531730288748,3.348650077389697e-05
519.4531730288749,3.470682937397975e-05
519.5531730288749,3.5969055083164843e-05
519.6531730288749,3.727451765662441e-05
519.7531730288749,3.8624596072104315e-05
519.853173028875,4.0020709551529965e-05
519.953173028875,4.146431860499176e-05
520.053173028875,4.2956926097460986e-05
520.153173028875,4.450007833859487e-05
520.253173028875,4.609536619598491e-05
520.3531730288751,4.7744426232206575e-05
520.4531730288751,4.9448941866028446e-05
520.5531730288751,5.1210644558139006e-05
520.6531730288751,5.3031315021750345e-05
520.7531730288752,5.4912784458437084e-05
520.8531730288752,5.68569358195704e-05
520.9531730288752,5.886570509370551e-05
521.0531730288752,6.0941082620279546e-05
521.1531730288752,6.30851144299799e-05
521.2531730288753,6.529990361213636e-05
521.3531730288753,6.758761170949526e-05
521.4531730288753,6.995046014072716e-05
521.5531730288753,7.239073165102238e-05
521.6531730288754,7.491077179112187e-05
521.7531730288754,7.751299042513475e-05
521.8531730288754,8.019986326748467e-05
521.9531730288754,8.297393344932941e-05
522.0531730288754,8.58378131147933e-05
522.1531730288755,8.87941850473478e-05
522.2531730288755,9.184580432667324e-05
522.3531730288755,9.49955000163292e-05
522.4531730288755,9.824617688255802e-05
522.5531730288756,0.00010160081714454196
522.6531730288756,0.00010506248225642494
522.7531730288756,0.00010863431472141126
522.8531730288756,0.00011231953993824074
522.9531730288757,0.00011612146808034091
523.0531730288757,0.00012004349600794234
523.1531730288757,0.00012408910921344403
523.2531730288757,0.00012826188380030197
523.3531730288757,0.00013256548849571202
523.4531730288758,0.0001370036866973433
523.5531730288758,0.00014158033855437728
523.6531730288758,0.0001462994030830938
523.7531730288758,0.00015116494031723433
523.8531730288759,0.00015618111349337076
523.9531730288759,0.0001613521912714869
524.0531730288759,0.00016668254999097843
524.1531730288759,0.00017217667596226014
524.253173028876,0.00017783916779415848
524.353173028876,0.00018367473875725696
524.453173028876,0.00018968821918334775
524.553173028876,0.00019588455890112916
524.653173028876,0.0002022688297082753
524.7531730288761,0.0002088462278799906
524.8531730288761,0.00021562207671414426
524.9531730288761,0.00022260182911307066
525.0531730288761,0.00022979107020209403
525.1531730288762,0.00023719551998483464
525.2531730288762,0.0002448210360353223
525.3531730288762,0.0002526736162269325
525.4531730288762,0.00026075940149814506
525.5531730288762,0.0002690846786550955
525.6531730288763,0.0002776558832108823
525.7531730288763,0.00028647960226156513
525.8531730288763,0.000295562577398772
525.9531730288763,0.00030491170765880785
526.0531730288764,0.0003145340525081425
526.1531730288764,0.00032443683486512505
526.2531730288764,0.00033462744415775684
526.3531730288764,0.00034511343941732173
526.4531730288764,0.0003559025524076589
526.5531730288765,0.0003670026907898289
526.6531730288765,0.0003784219413219042
526.7531730288765,0.00039016857309358423
526.8531730288765,0.0004022510407953159
526.9531730288766,0.0004146779880215579
527.0531730288766,0.0004274582506078215
527.1531730288766,0.0004406008600010642
527.2531730288766,0.0004541150466630111
527.3531730288767,0.0004680102435059218
527.4531730288767,0.00048229608936031305
527.5531730288767,0.0004969824324740998
527.6531730288767,0.0005120793340425901
527.7531730288767,0.0005275970717687409
527.8531730288768,0.0005435461434530405
527.9531730288768,0.0005599372706123545
528.0531730288768,0.0005767814021270327
528.1531730288768,0.0005940897179155477
528.2531730288769,0.0006118736326358851
528.3531730288769,0.000630144799412886
528.4531730288769,0.0006489151135906871
528.5531730288769,0.0006681967165093842
528.653173028877,0.0006880019993049844
528.753173028877,0.0007083436067316992
528.853173028877,0.0007292344410055588
528.953173028877,0.0007506876656683263
529.053173028877,0.0007727167094706062
529.1531730288771,0.0007953352702730412
529.2531730288771,0.0008185573189644124
529.3531730288771,0.0008423971033954421
529.4531730288771,0.0008668691523270475
529.5531730288772,0.0008919882793917366
529.6531730288772,0.000917769587066808
529.7531730288772,0.0009442284706579733
529.8531730288772,0.0009713806222919601
529.9531730288772,0.0009992420349166145
530.0531730288773,0.0010278290063069923
530.1531730288773,0.0010571581430758423
530.2531730288773,0.0010872463646868845
530.3531730288773,0.0011181109074691984
530.4531730288774,0.001149769328631013
530.5531730288774,0.0011822395102711305
530.6531730288774,0.0012155396633861748
530.7531730288774,0.0012496883318717897
530.8531730288774,0.001284704396515888
530.9531730288775,0.0013206070789819758
531.0531730288775,0.0013574159457805561
531.1531730288775,0.0013951509122265165
531.2531730288775,0.0014338322463804329
531.3531730288776,0.0014734805729715815
531.4531730288776,0.0015141168773004621
531.5531730288776,0.0015557625091185696
531.6531730288776,0.0015984391864830951
531.7531730288777,0.001642168999584158
531.8531730288777,0.0016869744145422048
531.9531730288777,0.0017328782771730434
532.0531730288777,0.0017799038167180304
532.1531730288777,0.0018280746495368178
532.2531730288778,0.0018774147827600315
532.3531730288778,0.0019279486178992275
532.4531730288778,0.0019797009544113607
532.5531730288778,0.002032696993215023
532.6531730288779,0.002086962340155603
532.7531730288779,0.002142523009416495
532.8531730288779,0.0021994054268734188
532.9531730288779,0.0022576364333888933
533.053173028878,0.002317243288043814
533.153173028878,0.0023782536713030755
533.253173028878,0.0024406956881120956
533.353173028878,0.0025045978709211073
533.453173028878,0.002569989182633947
533.5531730288781,0.002636899019478121
533.6531730288781,0.0027053572137928266
533.7531730288781,0.002775394036731559
533.8531730288781,0.0028470402008759117
533.9531730288782,0.0029203268627571487
534.0531730288782,0.002995285625282033
534.1531730288782,0.0030719485400593966
534.2531730288782,0.0031503481096239083
534.3531730288782,0.003230517289553382
534.4531730288783,0.0033124894904760314
534.5531730288783,0.0033962985799639686
534.6531730288783,0.003481978884309221
534.7531730288783,0.003569565190178524
534.8531730288784,0.0036590927461430966
534.9531730288784,0.003750597264079584
535.0531730288784,0.003844114920438335
535.1531730288784,0.003939682357375102
535.2531730288785,0.004037336683742247
535.3531730288785,0.004137115475935625
535.4531730288785,0.0042390567785930075
535.5531730288785,0.004343199105140244
535.6531730288785,0.00444958143818105
535.7531730288786,0.004558243229726415
535.8531730288786,0.004669224401259647
535.9531730288786,0.004782565343632907
536.0531730288786,0.004898306916791282
536.1531730288787,0.005016490449320183
536.2531730288787,0.0051371577378120795
536.3531730288787,0.005260351046048446
536.4531730288787,0.005386113103992779
536.5531730288787,0.00551448710659065
536.6531730288788,0.005645516712372591
536.7531730288788,0.005779246041855841
536.8531730288788,0.0059157196757406785
536.9531730288788,0.006054982652897439
537.0531730288789,0.006197080468139954
537.1531730288789,0.006342059069781477
537.2531730288789,0.006489964856968925
537.3531730288789,0.006640844676791508
537.453173028879,0.006794745821159576
537.553173028879,0.00695171602344985
537.653173028879,0.007111803454912939
537.753173028879,0.007275056720839207
537.853173028879,0.00744152485647917
537.9531730288791,0.007611257322714411
538.0531730288791,0.0077843040014752484
538.1531730288791,0.007960715190901352
538.2531730288791,0.008140541600241497
538.3531730288792,0.008323834344488797
538.4531730288792,0.008510644938747699
538.5531730288792,0.008701025292329165
538.6531730288792,0.008895027702570495
538.7531730288792,0.009092704848376224
538.8531730288793,0.00929410978347674
538.9531730288793,0.009499295929401233
539.0531730288793,0.009708317068161644
539.1531730288793,0.009921227334644395
539.2531730288794,0.010138081208706852
539.3531730288794,0.010358933506975252
539.4531730288794,0.010583839374341356
539.5531730288794,0.010812854275154719
539.6531730288795,0.011046033984107872
539.7531730288795,0.011283434576811737
539.8531730288795,0.011525112420058574
539.9531730288795,0.01177112416177001
540.0531730288795,0.012021526720627706
540.1531730288796,0.012276377275384425
540.2531730288796,0.012535733253853253
540.3531730288796,0.0127996523215729
540.4531730288796,0.013068192370147282
540.5531730288797,0.013341411505257257
540.6531730288797,0.013619368034343177
540.7531730288797,0.013902120453956432
540.8531730288797,0.014189727436778671
540.9531730288797,0.014482247818307351
541.0531730288798,0.014779740583206524
541.1531730288798,0.015082264851321836
541.2531730288798,0.015389879863358795
541.3531730288798,0.015702644966223825
541.4531730288799,0.016020619598027253
541.5531730288799,0.01634386327274816
541.6531730288799,0.016672435564560613
541.7531730288799,0.01700639609182142
541.85317302888,0.01734580450071932
541.95317302888,0.017690720448586154
542.05317302888,0.018041203586870228
542.15317302888,0.018397313543772633
542.25317302888,0.018759109906547427
542.3531730288801,0.01912665220346646
542.4531730288801,0.019499999885450356
542.5531730288801,0.01987921230736676
542.6531730288801,0.020264348708997616
542.7531730288802,0.02065546819567725
542.8531730288802,0.021052629718603142
542.9531730288802,0.021455892054821766
543.0531730288802,0.021865313786891685
543.1531730288802,0.022280953282226745
543.2531730288803,0.022702868672121967
543.3531730288803,0.023131117830465394
543.4531730288803,0.023565758352138932
543.5531730288803,0.02400684753111186
543.6531730288804,0.0244544423382306
543.7531730288804,0.024908599398708625
543.8531730288804,0.02536937496932078
543.9531730288804,0.02583682491530632
544.0531730288805,0.02631100468698515
544.1531730288805,0.026791969296092354
544.2531730288805,0.027279773291835882
544.3531730288805,0.027774470736682697
544.4531730288805,0.028276115181879044
544.5531730288806,0.028784759642710354
544.6531730288806,0.029300456573507203
544.7531730288806,0.02982325784240307
544.8531730288806,0.030353214705850732
544.9531730288807,0.030890377782903884
545.0531730288807,0.03143479702927091
545.1531730288807,0.031986521711148054
545.2531730288807,0.03254560037883935
545.3531730288807,0.033112080840171164
545.4531730288808,0.03368601013370893
545.5531730288808,0.03426743450178459
545.6531730288808,0.03485639936334286
545.7531730288808,0.035452949286615014
545.8531730288809,0.03605712796162929
545.9531730288809,0.036668978172566376
546.0531730288809,0.0372885417699702
546.1531730288809,0.037915859642822736
546.253173028881,0.03855097169049316
546.353173028881,0.0391939167945712
546.453173028881,0.039844732790594854
546.553173028881,0.04050345643968309
546.653173028881,0.041170123400084205
546.7531730288811,0.04184476819865056
546.8531730288811,0.042527424202251175
546.9531730288811,0.04321812358913328
547.0531730288811,0.043916897320244355
547.1531730288812,0.04462377511052666
547.2531730288812,0.04533878540019608
547.3531730288812,0.04606195532601737
547.4531730288812,0.04679331069258845
547.5531730288812,0.04753287594364606
547.6531730288813,0.04828067413340572
547.7531730288813,0.049036726897948746
547.8531730288813,0.04980105442666968
547.9531730288813,0.05057367543379736
548.0531730288814,0.05135460713000288
548.1531730288814,0.052143865194108574
548.2531730288814,0.052941463744911266
548.3531730288814,0.053747415313134164
548.4531730288815,0.05456173081352137
548.5531730288815,0.05538441951708919
548.6531730288815,0.056215489023548774
548.7531730288815,0.057054945233914474
548.8531730288815,0.05790279232331269
548.9531730288816,0.05875903271400593
549.0531730288816,0.05962366704864688
549.1531730288816,0.0604966941637778
549.2531730288816,0.061378111063589744
549.3531730288817,0.06226791289395732
549.4531730288817,0.06316609291676423
549.5531730288817,0.0640726424845344
549.6531730288817,0.0649875510153847
549.7531730288817,0.0659108059683146
549.8531730288818,0.06684239281884781
549.9531730288818,0.06778229503504228
550.0531730288818,0.06873049405388329
550.1531730288818,0.06968696925807608
550.2531730288819,0.07065169795325306
550.3531730288819,0.07162465534561138
550.4531730288819,0.07260581451999691
550.5531730288819,0.07359514641844975
550.653173028882,0.07459261981922713
550.753173028882,0.07559820131631961
550.853173028882,0.07661185529947548
550.953173028882,0.07763354393474949
551.053173028882,0.0786632271455911
551.1531730288821,0.07970086259448791
551.2531730288821,0.08074640566517906
551.3531730288821,0.08179980944545451
551.4531730288821,0.08286102471055498
551.5531730288822,0.08392999990718773
551.6531730288822,0.08500668113817297
551.7531730288822,0.08609101214773586
551.8531730288822,0.08718293430745895
551.9531730288822,0.08828238660290916
552.0531730288823,0.08938930562095397
552.1531730288823,0.0905036255377812
552.2531730288823,0.09162527810763586
552.3531730288823,0.09275419265228892
552.4531730288824,0.09389029605125018
552.5531730288824,0.09503351273274045
552.6531730288824,0.0961837646654348
552.7531730288824,0.09734097135099073
552.8531730288825,0.09850504981737399
552.9531730288825,0.0996759146129939
553.0531730288825,0.10085347780166157
553.1531730288825,0.10203764895838194
553.2531730288825,0.10322833516599227
553.3531730288826,0.10442544101265759
553.4531730288826,0.10562886859023539
553.5531730288826,0.1068385174935193
553.6531730288826,0.10805428482037298
553.7531730288827,0.10927606517276421
553.8531730288827,0.11050375065870906
553.9531730288827,0.11173723089513539
554.0531730288827,0.11297639301167553
554.1531730288827,0.11422112165539612
554.2531730288828,0.11547129899647397
554.3531730288828,0.11672680473482615
554.4531730288828,0.11798751610770136
554.5531730288828,0.11925330789824044
554.6531730288829,0.1205240524450127
554.7531730288829,0.12179961965253397
554.8531730288829,0.12307987700277327
554.9531730288829,0.1243646895676529
555.053173028883,0.12565392002254744
555.153173028883,0.1269474286607863
555.253173028883,0.12824507340916383
555.353173028883,0.12954670984446115
555.453173028883,0.1308521912109824
555.5531730288831,0.13216136843910872
555.6531730288831,0.13347409016487224
555.7531730288831,0.1347902027505514
555.8531730288831,0.1361095503062897
555.9531730288832,0.13743197471273794
556.0531730288832,0.1387573156447209
556.1531730288832,0.14008541059592802
556.2531730288832,0.14141609490462712
556.3531730288832,0.1427492017804006
556.4531730288833,0.14408456233190137
556.5531730288833,0.14542200559562748
556.6531730288833,0.14676135856571149
556.7531730288833,0.1481024462247217
556.8531730288834,0.14944509157547187
556.9531730288834,0.1507891156738334
557.0531730288834,0.15213433766254747
557.1531730288834,0.15348057480602886
557.2531730288835,0.1548276425261573
557.3531730288835,0.1561753544390494
557.4531730288835,0.15752352239280287
557.5531730288835,0.15887195650620686
557.6531730288835,0.16022046520840896
557.7531730288836,0.16156885527953052
557.8531730288836,0.16291693189222073
557.9531730288836,0.16426449865413978
558.0531730288836,0.1656113576513601
558.1531730288837,0.16695730949267515
558.2531730288837,0.16830215335480378
558.3531730288837,0.16964568702847824
558.4531730288837,0.170987706965403
558.5531730288837,0.17232800832607123
558.6531730288838,0.17366638502842538
558.7531730288838,0.17500262979734676
558.8531730288838,0.17633653421496054
558.9531730288838,0.17766788877173972
559.0531730288839,0.17899648291839262
559.1531730288839,0.18032210511851776
559.2531730288839,0.18164454290200852
559.3531730288839,0.18296358291919096
559.453173028884,0.18427901099567637
559.553173028884,0.1855906121879103
559.653173028884,0.18689817083939922
559.753173028884,0.1882014706375955
559.853173028884,0.18950029467142063
559.9531730288841,0.1907944254894067
560.0531730288841,0.19208364515843537
560.1531730288841,0.19336773532305274
560.2531730288841,0.1946464772653389
560.3531730288842,0.19591965196531036
560.4531730288842,0.19718704016183186
560.5531730288842,0.19844842241401597
560.6531730288842,0.19970357916308631
560.7531730288842,0.20095229079468108
560.8531730288843,0.2021943377015729
560.9531730288843,0.2034295003467805
561.0531730288843,0.20465755932704752
561.1531730288843,0.2058782954366632
561.2531730288844,0.2070914897316002
561.3531730288844,0.20829692359394258
561.4531730288844,0.2094943787965797
561.5531730288844,0.21068363756813774
561.6531730288845,0.21186448265812388
561.7531730288845,0.21303669740225573
561.8531730288845,0.21420006578794842
561.9531730288845,0.215354372519933
562.0531730288845,0.2164994030859777
562.1531730288846,0.21763494382268517
562.2531730288846,0.21876078198133697
562.3531730288846,0.21987670579375798
562.4531730288846,0.22098250453817134
562.5531730288847,0.22207796860501738
562.6531730288847,0.223162889562706
562.7531730288847,0.2242370602232749
562.8531730288847,0.2253002747079253
562.9531730288847,0.22635232851240517
563.0531730288848,0.22739301857221234
563.1531730288848,0.22842214332758745
563.2531730288848,0.22943950278826875
563.3531730288848,0.23044489859797898
563.4531730288849,0.23143813409861624
563.5531730288849,0.23241901439411883
563.6531730288849,0.23338734641397596
563.7531730288849,0.23434293897635544
563.853173028885,0.235285602850819
563.953173028885,0.23621515082059713
564.053173028885,0.23713139774439435
564.153173028885,0.23803416061769705
564.253173028885,0.2389232586335547
564.3531730288851,0.2397985132428072
564.4531730288851,0.24065974821372943
564.5531730288851,0.24150678969106593
564.6531730288851,0.2423394662544275
564.7531730288852,0.24315760897602282
564.8531730288852,0.2439610514776972
564.9531730288852,0.24474962998725258
565.0531730288852,0.2455231833940211
565.1531730288852,0.24628155330366627
565.2531730288853,0.24702458409218603
565.3531730288853,0.2477521229590914
565.4531730288853,0.24846401997973558
565.5531730288853,0.24916012815676825
565.6531730288854,0.2498403034706907
565.7531730288854,0.25050440492948717
565.8531730288854,0.2511522946173086
565.9531730288854,0.25178383774218493
566.0531730288855,0.25239890268274373
566.1531730288855,0.2529973610339115
566.2531730288855,0.25357908765157566
566.3531730288855,0.2541439606961864
566.4531730288855,0.2546918616752757
566.5531730288856,0.2552226754848737
566.6531730288856,0.25573629044980234
566.7531730288856,0.2562325983628252
566.8531730288856,0.2567114945226363
566.9531730288857,0.25717287777066716
567.0531730288857,0.2576166505266958
567.1531730288857,0.2580427188232387
567.2531730288857,0.25845099233870966
567.3531730288857,0.2588413844293288
567.4531730288858,0.2592138121597663
567.5531730288858,0.2595681963325046
567.6531730288858,0.25990446151590646
567.7531730288858,0.2602225360709729
567.8531730288859,0.2605223521767789
567.9531730288859,0.2608038458545741
568.0531730288859,0.2610669569905367
568.1531730288859,0.26131162935716784
568.253173028886,0.26153781063331794
568.353173028886,0.2617454524228334
568.453173028886,0.26193451027181525
568.553173028886,0.2621049436844803
568.653173028886,0.2622567161376176
568.7531730288861,0.262389795093633
568.8531730288861,0.2625041520121747
568.9531730288861,0.262599762360334
569.0531730288861,0.26267660562141726
569.1531730288862,0.26273466530228323
569.2531730288862,0.26277392893924273
569.3531730288862,0.2627943881025182
569.4531730288862,0.262795745668686
569.5531730288862,0.2627754445395244
569.6531730288863,0.26273289492269286
569.7531730288863,0.2626681076263563
569.8531730288863,0.26258109910510247
569.9531730288863,0.2624718914529773
570.0531730288864,0.2623405123941344
570.1531730288864,0.2621869952711053
570.2531730288864,0.262011379030696
570.3531730288864,0.26181370820752037
570.4531730288865,0.2615940329051777
570.5531730288865,0.2613524087750869
570.6531730288865,0.2610888969929905
570.7531730288865,0.26080356423313994
570.8531730288865,0.2604964826401805
570.9531730288866,0.26016772979874986
571.0531730288866,0.2598173887008097
571.1531730288866,0.2594455477107291
571.2531730288866,0.2590523005281402
571.3531730288867,0.25863774614858864
571.4531730288867,0.2582019888220007
571.5531730288867,0.25774513800899285
571.6531730288867,0.25726730833504863
571.7531730288867,0.2567686195425895
571.8531730288868,0.25624919644096855
571.9531730288868,0.25570916885441536
572.0531730288868,0.25514867156796317
572.1531730288868,0.25456784427138934
572.2531730288869,0.25396683150120203
572.3531730288869,0.2533457825807069
572.4531730288869,0.2527048515581881
572.5531730288869,0.2520441971432403
572.653173028887,0.25136398264128723
572.753173028887,0.25066437588632645
572.853173028887,0.2499455491719367
572.953173028887,0.24920767918058992
573.053173028887,0.24845094691130684
573.1531730288871,0.24767553760569835
573.2531730288871,0.2468816406724348
573.3531730288871,0.24606944961018615
573.4531730288871,0.24523916192907716
573.5531730288872,0.2443909790707018
573.6531730288872,0.24352510632674274
573.7531730288872,0.24264175275624095
573.8531730288872,0.24174113110156364
573.9531730288872,0.24082345770311575
574.0531730288873,0.23988895241284466
574.1531730288873,0.2389378385065851
574.2531730288873,0.23797034259529407
574.3531730288873,0.23698669453522433
574.4531730288874,0.23598712733708682
574.5531730288874,0.2349718770742516
574.6531730288874,0.23394118279003856
574.7531730288874,0.23289528640414794
574.8531730288875,0.23183443261828224
574.9531730288875,0.2307588688210109
575.0531730288875,0.2296688449919294
575.1531730288875,0.22856461360516414
575.2531730288875,0.22744642953227567
575.3531730288876,0.22631454994461203
575.4531730288876,0.22516923421516405
575.5531730288876,0.22401074381997543
575.6531730288876,0.22283934223915922
575.7531730288877,0.221655294857573
575.8531730288877,0.2204588688652052
575.9531730288877,0.2192503331573237
576.0531730288877,0.21802995823444002
576.1531730288877,0.21679801610213878
576.2531730288878,0.21555478017082583
576.3531730288878,0.21430052515544526
576.4531730288878,0.2130355269752164
576.5531730288878,0.2117600626534417
576.6531730288879,0.21047441021743546
576.7531730288879,0.20917884859862432
576.8531730288879,0.20787365753286735
576.9531730288879,0.2065591174610471
577.053173028888,0.20523550942997817
577.153173028888,0.20390311499368322
577.253173028888,0.20256221611508282
577.353173028888,0.20121309506814725
577.453173028888,0.1998560343405559
577.5531730288881,0.1984913165369112
577.6531730288881,0.1971192242825514
577.7531730288881,0.19574004012800786
577.8531730288881,0.1943540464541496
577.9531730288882,0.19296152537805994
578.0531730288882,0.19156275865968622
578.1531730288882,0.19015802760930547
578.2531730288882,0.1887476129958465
578.3531730288882,0.1873317949561088
578.4531730288883,0.1859108529049175
578.5531730288883,0.1844850654462531
578.6531730288883,0.18305471028539344
578.7531730288883,0.18162006414210494
578.8531730288884,0.1801814026649186
578.9531730288884,0.17873900034652643
579.0531730288884,0.1772931304403312
579.1531730288884,0.17584406487818427
579.2531730288885,0.17439207418934172
579.3531730288885,0.17293742742067136
579.4531730288885,0.17148039205814028
579.5531730288885,0.17002123394961197
579.6531730288885,0.16856021722898107
579.7531730288886,0.16709760424167364
579.8531730288886,0.16563365547153772
579.9531730288886,0.16416862946915045
580.0531730288886,0.162702782781565
580.1531730288887,0.16123636988352044
580.2531730288887,0.15976964311013642
580.3531730288887,0.15830285259111349
580.4531730288887,0.1568362461864586
580.5531730288888,0.15537006942375467
580.6531730288888,0.1539045654369913
580.7531730288888,0.15243997490697395
580.8531730288888,0.15097653600332592
580.9531730288888,0.1495144843280984
581.0531730288889,0.14805405286100065
581.1531730288889,0.14659547190626435
581.2531730288889,0.14513896904115045
581.3531730288889,0.1436847690661115
581.453173028889,0.14223309395661551
581.553173028889,0.14078416281664194
581.653173028889,0.1393381918338537
581.753173028889,0.1378953942364537
581.853173028889,0.13645598025172834
581.9531730288891,0.13502015706628295
582.0531730288891,0.13358812878797127
582.1531730288891,0.13216009640952026
582.2531730288891,0.1307362577738515
582.3531730288892,0.12931680754109798
582.4531730288892,0.12790193715731535
582.5531730288892,0.12649183482488482
582.6531730288892,0.12508668547460455
582.7531730288893,0.12368667073946507
582.8531730288893,0.1222919689301033
582.9531730288893,0.1209027550119292
583.0531730288893,0.11951920058391759
583.1531730288893,0.11814147385905731
583.2531730288894,0.11676973964644856
583.3531730288894,0.11540415933503878
583.4531730288894,0.1140448908789864
583.5531730288894,0.11269208878464058
583.6531730288895,0.1113459040991255
583.7531730288895,0.11000648440051475
583.8531730288895,0.1086739737895833
583.9531730288895,0.10734851288312139
584.0531730288895,0.10603023880879542
584.1531730288896,0.10471928520153934
584.2531730288896,0.10341578220146018
584.3531730288896,0.10211985645323965
584.4531730288896,0.10083163110701421
584.5531730288897,0.0995512258207139
584.6531730288897,0.0982787567638416
584.7531730288897,0.09701433662267149
584.8531730288897,0.09575807460684711
584.9531730288898,0.09451007645735682
585.0531730288898,0.09327044445586578
585.1531730288898,0.09203927743538168
585.2531730288898,0.09081667079223135
585.3531730288898,0.08960271649932561
585.4531730288899,0.08839750312068793
585.5531730288899,0.08720111582722327
585.6531730288899,0.08601363641370263
585.7531730288899,0.08483514331693773
585.85317302889,0.08366571163512135
585.95317302889,0.08250541314830735
586.05317302889,0.0813543163400041
586.15317302889,0.08021248641985575
586.25317302889,0.07907998534738425
586.3531730288901,0.07795687185676559
586.4531730288901,0.07684320148261321
586.5531730288901,0.07573902658674142
586.6531730288901,0.07464439638588122
586.7531730288902,0.07355935698032093
586.8531730288902,0.07248395138344453
586.9531730288902,0.07141821955213877
587.0531730288902,0.07036219841804182
587.1531730288903,0.06931592191960545
587.2531730288903,0.06827942103494199
587.3531730288903,0.06725272381542859
587.4531730288903,0.06623585542004021
587.5531730288903,0.0652288381503831
587.6531730288904,0.06423169148640082
587.7531730288904,0.06324443212272421
587.8531730288904,0.062267074005637954
587.9531730288904,0.061299628370634594
588.0531730288905,0.060342103780529045
588.1531730288905,0.05939450616410521
588.2531730288905,0.058456838855266875
588.3531730288905,0.05752910263266575
588.4531730288905,0.056611295759778545
588.5531730288906,0.0557034140254065
588.6531730288906,0.05480545078456953
588.7531730288906,0.05391739699976872
588.8531730288906,0.05303924128258991
588.9531730288907,0.052170969935622515
589.0531730288907,0.051312566994666686
589.1531730288907,0.05046401427120332
589.2531730288907,0.04962529139510115
589.3531730288908,0.0487963758575352
589.4531730288908,0.04797724305409193
589.5531730288908,0.04716786632803585
589.6531730288908,0.04636821701371333
589.7531730288908,0.04557826448006949
589.8531730288909,0.044797976174254066
589.9531730288909,0.04402731766529306
590.0531730288909,0.04326625268780289
590.1531730288909,0.04251474318572445
590.253173028891,0.041772749356054455
590.353173028891,0.04104022969255231
590.453173028891,0.04031714102940102
590.553173028891,0.03960343858480041
590.653173028891,0.03889907600447265
590.7531730288911,0.03820400540505915
590.8531730288911,0.03751817741738907
590.9531730288911,0.03684154122960004
591.0531730288911,0.03617404463009183
591.1531730288912,0.03551563405029463
591.2531730288912,0.03486625460723333
591.3531730288912,0.03422585014587047
591.4531730288912,0.033594363281210404
591.5531730288913,0.03297173544014775
591.6531730288913,0.03235790690304393
591.7531730288913,0.03175281684501591
591.8531730288913,0.031156403376921323
591.9531730288913,0.030568603586025662
592.0531730288914,0.029989353576336288
592.1531730288914,0.029418588508589753
592.2531730288914,0.028856242639878637
592.3531730288914,0.028302249362904743
592.4531730288915,0.027756541244846174
592.5531730288915,0.027219050065825916
592.6531730288915,0.026689706856970474
592.7531730288915,0.02616844193804697
592.8531730288915,0.025655184954668273
592.9531730288916,0.02514986491505571
593.0531730288916,0.02465241022634934
593.1531730288916,0.02416274873045675
593.2531730288916,0.023680807739431053
593.3531730288917,0.023206514070369888
593.4531730288917,0.022739794079827232
593.5531730288917,0.022280573697730514
593.6531730288917,0.02182877846079576
593.7531730288918,0.021384333545434224
593.8531730288918,0.020947163800144098
593.9531730288918,0.020517193777381534
594.0531730288918,0.020094347764905447
594.1531730288918,0.01967854981659119
594.2531730288919,0.01926972378270854
594.3531730288919,0.018867793339659624
594.4531730288919,0.018472682019173306
594.5531730288919,0.018084313236952285
594.653173028892,0.01770261032077028
594.753173028892,0.01732749653801639
594.853173028892,0.016958895122684652
594.953173028892,0.016596729301806723
595.053173028892,0.01624092232132637
595.1531730288921,0.015891397471414513
595.2531730288921,0.015548078111224188
595.3531730288921,0.015210887693084787
595.4531730288921,0.01487974978613568
595.5531730288922,0.014554588099399371
595.6531730288922,0.014235326504294689
595.7531730288922,0.013921889056591058
595.8531730288922,0.013614200017804815
595.9531730288923,0.013312183876039238
596.0531730288923,0.013015765366269966
596.1531730288923,0.01272486949007793
596.2531730288923,0.012439421534832063
596.3531730288923,0.012159347092324515
596.4531730288924,0.011884572076861118
596.5531730288924,0.011615022742810368
596.6531730288924,0.011350625701614167
596.7531730288924,0.011091307938264053
596.8531730288925,0.010836996827246684
596.9531730288925,0.01058762014796271
597.0531730288925,0.010343106099623285
597.1531730288925,0.010103383315628702
597.2531730288925,0.00986838087743394
597.3531730288926,0.009638028327905794
597.4531730288926,0.009412255684176984
597.5531730288926,0.009190993450002176
597.6531730288926,0.008974172627621525
597.7531730288927,0.008761724729137263
597.8531730288927,0.008553581787409078
597.9531730288927,0.008349676366474136
598.0531730288927,0.008149941571497798
598.1531730288928,0.007954311058261204
598.2531730288928,0.007762719042191936
598.3531730288928,0.007575100306944214
598.4531730288928,0.00739139021253511
598.5531730288928,0.007211524703043389
598.6531730288929,0.007035440313877708
598.7531730288929,0.006863074178620906
598.8531730288929,0.006694364035457333
598.9531730288929,0.006529248233190168
599.053173028893,0.006367665736855673
599.153173028893,0.0062095561329415854
599.253173028893,0.006054859634216712
599.353173028893,0.005903517084178956
599.453173028893,0.0057554699611290045
599.5531730288931,0.005610660381876992
599.6531730288931,0.005469031105089403
599.7531730288931,0.005330525534283585
599.8531730288931,0.005195087720477254
599.9531730288932,0.0050626623645003265
600.0531730288932,0.004933194818976503
600.1531730288932,0.004806631089981996
600.2531730288932,0.004682917838388787
600.3531730288933,0.00456200238089982
600.4531730288933,0.004443832690783502
600.5531730288933,0.004328357398314892
600.6531730288933,0.004215525790930938
600.7531730288933,0.004105287813107057
600.8531730288934,0.003997594065962401
600.9531730288934,0.0038923958066010484
601.0531730288934,0.0037896449471963942
601.1531730288934,0.0036892940538258796
601.2531730288935,0.0035912963450632487
601.3531730288935,0.0034956056903354764
601.4531730288935,0.0034021766080513127
601.5531730288935,0.00331096426350858
601.6531730288935,0.0032219244665870617
601.7531730288936,0.003135013669233925
601.8531730288936,0.0030501889627484948
601.9531730288936,0.00296740807487311
602.0531730288936,0.0028866293666967645
602.1531730288937,0.0028078118293781867
602.2531730288937,0.0027309150806948137
602.3531730288937,0.002655899361424227
602.4531730288937,0.0025827255315643543
602.5531730288938,0.0025113550663988207
602.6531730288938,0.002441750052413607
602.7531730288938,0.002373873183071182
602.8531730288938,0.002307687754448215
602.9531730288938,0.002243157660742734
603.0531730288939,0.0021802473896567125
603.1531730288939,0.00211892201765978
603.2531730288939,0.0020591472051398243
603.3531730288939,0.0020008891914460643
603.453173028894,0.001944114789830063
603.553173028894,0.0018887913822901537
603.653173028894,0.0018348869143245562
603.753173028894,0.0017823698895984058
603.853173028894,0.0017312093645298317
603.9531730288941,0.0016813749428000776
604.0531730288941,0.0016328367697926252
604.1531730288941,0.0015855655269661059
604.2531730288941,0.0015395324261657543
604.3531730288942,0.00149470920387799
604.4531730288942,0.001451068115432704
604.5531730288942,0.001408581929157615
604.6531730288942,0.0013672239204890468
604.7531730288943,0.0013269678660433465
604.8531730288943,0.0012877880376530634
604.9531730288943,0.0012496591963718836
605.0531730288943,0.0012125565864522924
605.1531730288943,0.0011764559292997225
605.2531730288944,0.0011413334174069662
605.3531730288944,0.0011071657082724286
605.4531730288944,0.0010739299183057795
605.5531730288944,0.0010416036167244052
605.6531730288945,0.0010101648194440116
605.7531730288945,0.0009795919829665924
605.8531730288945,0.0009498639982689077
605.9531730288945,0.0009209601846945259
606.0531730288945,0.0008928602838523556
606.1531730288946,0.0008655444535245395
606.2531730288946,0.0008389932615864689
606.3531730288946,0.0008131876799415882
606.4531730288946,0.0007881090784735747
606.5531730288947,0.0007637392190183802
606.6531730288947,0.0007400602493585521
606.7531730288947,0.0007170546972421261
606.8531730288947,0.0006947054644283511
606.9531730288948,0.0006729958207623731
607.0531730288948,0.0006519093982809461
607.1531730288948,0.0006314301853511527
607.2531730288948,0.0006115425208440356
607.3531730288948,0.0005922310883449487
607.4531730288949,0.0005734809104023898
607.5531730288949,0.0005552773428169513
607.6531730288949,0.0005376060689720082
607.7531730288949,0.0005204530942076282
607.853173028895,0.0005038047402391638
607.953173028895,0.00048764763962188645
608.053173028895,0.00047196873026296427
608.153173028895,0.00045675524998200763
608.253173028895,0.00044199473112135397
608.3531730288951,0.00042767499520716967
608.4531730288951,0.00041378414766242156
608.5531730288951,0.0004003105725726644
608.6531730288951,0.00038724292750555954
608.7531730288952,0.00037457013838496957
608.8531730288952,0.00036228139442040687
608.9531730288952,0.0003503661430925693
609.0531730288952,0.0003388140851956292
609.1531730288953,0.0003276151699368931
609.2531730288953,0.00031675959009439355
609.3531730288953,0.00030623777723292337
609.4531730288953,0.0002960403969789661
609.5531730288953,0.00028615834435494013
609.6531730288954,0.0002765827391731094
609.7531730288954,0.000267304921489478
609.8531730288954,0.00025831644711793856
609.9531730288954,0.0002496090832048985
610.0531730288955,0.00024117480386456108
610.1531730288955,0.00023300578587501168
610.2531730288955,0.00022509440443519883
610.3531730288955,0.00021743322898287723
610.4531730288955,0.0002100150190735381
610.5531730288956,0.00020283272032030724
610.6531730288956,0.0001958794603947705
610.7531730288956,0.00018914854508864136
610.8531730288956,0.00018263345443615662
610.9531730288957,0.00017632783889705503
611.0531730288957,0.00017022551559996404
611.1531730288957,0.00016432046464598678
611.2531730288957,0.00015860682547225912
611.3531730288958,0.00015307889327521485
611.4531730288958,0.00014773111549327438
611.5531730288958,0.00014255808834864707
611.6531730288958,0.0001375545534479093
611.7531730288958,0.00013271539444100874
611.8531730288959,0.00012803563373830972
611.9531730288959,0.00012351042928528396
612.0531730288959,0.00011913507139443103
612.1531730288959,0.00011490497963398547
612.253173028896,0.00011081569977296255
612.353173028896,0.00010686290078206654
612.453173028896,0.00010304237188997836
612.553173028896,9.935001969451744e-05
612.653173028896,9.578186532816444e-05
612.7531730288961,9.233404167741315e-05
612.8531730288961,8.900279065541268e-05
612.9531730288961,8.578446052734444e-05
613.0531730288961,8.267550328797098e-05
613.1531730288962,7.967247209078308e-05
613.2531730288962,7.677201872816011e-05
613.3531730288962,7.397089116195483e-05
613.4531730288962,7.126593110389826e-05
613.5531730288963,6.865407164522282e-05
613.6531730288963,6.613233493488663e-05
613.7531730288963,6.369782990578108e-05
613.8531730288963,6.134775004829658e-05
613.9531730288963,5.9079371230618214e-05
614.0531730288964,5.689004956511664e-05
614.1531730288964,5.477721932019887e-05
614.2531730288964,5.2738390876978424e-05
614.3531730288964,5.077114873012267e-05
614.4531730288965,4.887314953223449e-05
614.5531730288965,4.704212018112145e-05
614.6531730288965,4.527585594930768e-05
614.7531730288965,4.3572218655140905e-05
614.8531730288965,4.1929134874848016e-05
614.9531730288966,4.034459419489364e-05
615.0531730288966,3.881664750399576e-05
615.1531730288966,3.734340532415408e-05
615.2531730288966,3.592303618004995e-05
615.3531730288967,3.4553765006174896e-05
615.4531730288967,3.323387159105294e-05
615.5531730288967,3.196168905791819e-05
615.6531730288967,3.073560238121715e-05
615.7531730288968,2.9554046938305353e-05
615.8531730288968,2.8415507095714332e-05
615.9531730288968,2.731851482936533e-05
616.0531730288968,2.626164837811385e-05
616.1531730288968,2.5243530930010733e-05
616.2531730288969,2.4262829340672345e-05
616.3531730288969,2.3318252883154774e-05
616.4531730288969,2.240855202873503e-05
616.5531730288969,2.1532517258004827e-05
616.653173028897,2.0688977901689217e-05
616.753173028897,1.987680101060858e-05
616.853173028897,1.9094890254206255e-05
616.953173028897,1.83421848470727e-05
617.053173028897,1.761765850290104e-05
617.1531730288971,1.6920318415315633e-05
617.2531730288971,1.6249204265022797e-05
