515.5372686919928,1.390381617816705
515.6372686919929,1.3903864420025223
515.7372686919929,1.3903915418503987
515.8372686919929,1.3903969335537774
515.9372686919929,1.3904026343473397
516.037268691993,1.3904086625825522
516.137268691993,1.390415037809094
516.237268691993,1.390421780862605
516.337268691993,1.3904289139592303
516.437268691993,1.3904364607974578
516.5372686919931,1.3904444466677786
516.6372686919931,1.390452898570738
516.7372686919931,1.390461845343966
516.8372686919931,1.390471317798821
516.9372686919932,1.3904813488673093
517.0372686919932,1.3904919737599792
517.1372686919932,1.390503230135527
517.2372686919932,1.3905151582828859
517.3372686919932,1.3905278013166107
517.4372686919933,1.3905412053864057
517.5372686919933,1.3905554199016799
517.6372686919933,1.390570497772058
517.7372686919933,1.3905864956648082
517.8372686919934,1.3906034742801814
517.9372686919934,1.3906214986457066
518.0372686919934,1.3906406384305083
518.1372686919934,1.3906609682807505
518.2372686919934,1.3906825681773498
518.3372686919935,1.390705523817123
518.4372686919935,1.3907299270185658
518.5372686919935,1.3907558761534826
518.6372686919935,1.3907834766057114
518.7372686919936,1.3908128412582004
518.8372686919936,1.390844091009712
518.9372686919936,1.390877355322431
519.0372686919936,1.3909127728017623
519.1372686919937,1.3909504918095938
519.2372686919937,1.3909906711122964
519.3372686919937,1.391033480564703
519.4372686919937,1.3910791018312978
519.5372686919937,1.3911277291457946
519.6372686919938,1.3911795701102516
519.7372686919938,1.3912348465348023
519.8372686919938,1.391293795319028
519.9372686919938,1.3913566693759039
520.0372686919939,1.391423738599172
520.1372686919939,1.3914952908748794
520.2372686919939,1.3915716331377086
520.3372686919939,1.3916530924725823
520.437268691994,1.3917400172618863
520.537268691994,1.3918327783784776
520.637268691994,1.3919317704244647
520.737268691994,1.3920374130155486
520.837268691994,1.3921501521104853
520.9372686919941,1.3922704613850003
521.0372686919941,1.3923988436492196
521.1372686919941,1.3925358323074128
521.2372686919941,1.3926819928585372
521.3372686919942,1.3928379244357607
521.4372686919942,1.3930042613828026
521.5372686919942,1.3931816748645696
521.6372686919942,1.3933708745091933
521.7372686919942,1.393572610078172
521.8372686919943,1.3937876731609082
521.9372686919943,1.3940168988894965
522.0372686919943,1.3942611676691632
522.1372686919943,1.3945214069192942
522.2372686919944,1.3947985928195001
522.3372686919944,1.39509375205467
522.4372686919944,1.3954079635524557
522.5372686919944,1.3957423602061088
522.6372686919944,1.396098130575059
522.7372686919945,1.3964765205550889
522.8372686919945,1.396878835009422
522.9372686919945,1.397306439351497
523.0372686919945,1.3977607610696638
523.1372686919946,1.3982432911835025
523.2372686919946,1.3987555856209406
523.3372686919946,1.399299266504831
523.4372686919946,1.3998760233371537
523.5372686919947,1.4004876140685283
523.6372686919947,1.4011358660402677
523.7372686919947,1.4018226767857802
523.8372686919947,1.4025500146777348
523.9372686919947,1.4033199194070456
524.0372686919948,1.404134502279427
524.1372686919948,1.4049959463149937
524.2372686919948,1.4059065061361846
524.3372686919948,1.4068685076291152
524.4372686919949,1.407884347363386
524.5372686919949,1.4089564917553405
524.6372686919949,1.4100874759598183
524.7372686919949,1.411279902475569
524.837268691995,1.4125364394497038
524.937268691995,1.413859818666852
525.037268691995,1.415252833209074
525.137268691995,1.4167183347730596
525.237268691995,1.4182592306317252
525.3372686919951,1.4198784802279907
525.4372686919951,1.4215790913893132
525.5372686919951,1.4233641161524402
525.6372686919951,1.425236646188848
525.7372686919952,1.4271998078224442
525.8372686919952,1.4292567566323364
525.9372686919952,1.4314106716348083
526.0372686919952,1.433664749040089
526.1372686919952,1.4360221955810641
526.2372686919953,1.4384862214127432
526.3372686919953,1.441060032583069
526.4372686919953,1.4437468230775348
526.5372686919953,1.4465497664420497
526.6372686919954,1.4494720069905525
526.7372686919954,1.4525166506060385
526.8372686919954,1.4556867551458912
526.9372686919954,1.4589853204647174
527.0372686919955,1.462415278070259
527.1372686919955,1.4659794804303696
527.2372686919955,1.4696806899515193
527.3372686919955,1.4735215676517859
527.4372686919955,1.4775046615538057
527.5372686919956,1.481632394825692
527.6372686919956,1.485907053700441
527.7372686919956,1.4903307752068458
527.8372686919956,1.4949055347474012
527.9372686919957,1.4996331335611008
528.0372686919957,1.50451518611136
528.1372686919957,1.5095531074415736
528.2372686919957,1.514748100542974
528.3372686919957,1.5201011437815004
528.4372686919958,1.5256129784323105
528.5372686919958,1.5312840963723198
528.6372686919958,1.537114727982764
528.7372686919958,1.543104830315187
528.8372686919959,1.5492540755754756
528.9372686919959,1.5555618399815672
529.0372686919959,1.562027193051234
529.1372686919959,1.568648887376871
529.237268691996,1.5754253489445034
529.337268691996,1.5823546680542255
529.437268691996,1.5894345908990244
529.537268691996,1.5966625118583733
529.637268691996,1.6040354665621306
529.7372686919961,1.611550125779119
529.8372686919961,1.6192027901832884
529.9372686919961,1.6269893860485916
530.0372686919961,1.6349054619215968
530.1372686919962,1.6429461863184611
530.2372686919962,1.6511063464901603
530.3372686919962,1.6593803482968417
530.4372686919962,1.6677622172288318
530.5372686919962,1.6762456006082058
530.6372686919963,1.684823771000909
530.7372686919963,1.6934896308652378
530.8372686919963,1.7022357184580423
530.9372686919963,1.7110542150153318
531.0372686919964,1.7199369532190474
531.1372686919964,1.7288754269566573
531.2372686919964,1.7378608023749362
531.3372686919964,1.7468839302238306
531.4372686919965,1.7559353594807312
531.5372686919965,1.7650053522397768
531.6372686919965,1.7740838998450434
531.7372686919965,1.783160740240656
531.8372686919965,1.7922253765050167
531.9372686919966,1.8012670965305242
532.0372686919966,1.8102749938043816
532.1372686919966,1.8192379892403805
532.2372686919966,1.8281448540059704
532.3372686919967,1.8369842332834683
532.4372686919967,1.8457446708990035
532.5372686919967,1.854414634747719
532.6372686919967,1.8629825429389515
532.7372686919967,1.871436790580549
532.8372686919968,1.8797657771172558
532.9372686919968,1.8879579341341746
533.0372686919968,1.8960017535327667
533.1372686919968,1.9038858159836862
533.2372686919969,1.9115988195579794
533.3372686919969,1.9191296084358598
533.4372686919969,1.926467201590383
533.5372686919969,1.9336008213419469
533.637268691997,1.940519921678597
533.737268691997,1.9472142162367003
533.837268691997,1.9536737058366045
533.937268691997,1.9598887054684897
534.037268691997,1.9658498706246958
534.1372686919971,1.9715482228764263
534.2372686919971,1.9769751745948287
534.3372686919971,1.9821225527190804
534.4372686919971,1.9869826214772073
534.5372686919972,1.9915481039689653
534.6372686919972,1.9958122025241742
534.7372686919972,1.9997686177543963
534.8372686919972,2.0034115662208007
534.9372686919972,2.006735796646388
535.0372686919973,2.009736604606478
535.1372686919973,2.0124098456374213
535.2372686919973,2.0147519467099064
535.3372686919973,2.016759916019876
535.4372686919974,2.018431351057023
535.5372686919974,2.0197644449179526
535.6372686919974,2.0207538034272376
535.7372686919974,2.0211281060067927
535.8372686919975,2.0207266648077513
535.9372686919975,2.019554311859641
536.0372686919975,2.0176190230233075
536.1372686919975,2.0149318609399405
536.2372686919975,2.0115068970496504
536.3372686919976,2.007361113427451
536.4372686919976,2.0025142853738673
536.5372686919976,1.9969888458751854
536.6372686919976,1.99080973321268
536.7372686919977,1.9840042231488964
536.8372686919977,1.9766017472507134
536.9372686919977,1.9686336990219107
537.0372686919977,1.9601332296112606
537.1372686919977,1.951135034934809
537.2372686919978,1.9416751361024769
537.3372686919978,1.931790655069086
537.4372686919978,1.9215195874384523
537.5372686919978,1.9109005743365357
537.6372686919979,1.8999726752364714
537.7372686919979,1.8887751435653892
537.8372686919979,1.8773472068514474
537.9372686919979,1.865727853080733
538.037268691998,1.8539556248291846
538.137268691998,1.8420684226161461
538.237268691998,1.830103318795442
538.337268691998,1.8180963831588977
538.437268691998,1.8060825212780673
538.5372686919981,1.7940953264546646
538.6372686919981,1.7821669459908804
538.7372686919981,1.7703279623295336
538.8372686919981,1.75860728945282
538.9372686919982,1.7470320847693015
539.0372686919982,1.7356276765635
539.1372686919982,1.7244175069328085
539.2372686919982,1.7134230899939467
539.3372686919982,1.702663985007285
539.4372686919983,1.6921577839432946
539.5372686919983,1.6819201129021706
539.6372686919983,1.671964646696203
539.7372686919983,1.6623031358153684
539.8372686919984,1.6529454449203482
539.9372686919984,1.643899601944025
540.0372686919984,1.635171856832509
540.1372686919984,1.6267667489198323
540.2372686919985,1.6186871819063098
540.3372686919985,1.6109345053988093
540.4372686919985,1.6035086019711846
540.5372686919985,1.5964079787142609
540.6372686919985,1.58962986226617
540.7372686919986,1.583170296344669
540.8372686919986,1.577024240842348
540.9372686919986,1.5711856715923458
541.0372686919986,1.5656476799653063
541.1372686919987,1.560402571516751
541.2372686919987,1.5554419629667617
541.3372686919987,1.5507568768598174
541.4372686919987,1.5463378333208073
541.5372686919987,1.5421749383926502
541.6372686919988,1.5382579685107052
541.7372686919988,1.5345764507383834
541.8372686919988,1.5311197384562925
541.9372686919988,1.5278770822631436
542.0372686919989,1.5248366416101957
542.1372686919989,1.5219765179061513
542.2372686919989,1.5192830638165742
542.3372686919989,1.5167457745681874
542.437268691999,1.5143543463170543
542.537268691999,1.512098716384803
542.637268691999,1.509969098527081
542.737268691999,1.5079560133905128
542.837268691999,1.5060503143442432
542.9372686919991,1.504243208897334
543.0372686919991,1.5025262759339817
543.1372686919991,1.500891479014901
543.2372686919991,1.4993311760054873
543.3372686919992,1.497838125299763
543.4372686919992,1.4964054889139287
543.5372686919992,1.4950268327248355
543.6372686919992,1.493696124127204
543.7372686919992,1.4924077273792529
543.8372686919993,1.491156396899859
543.9372686919993,1.4899372687718022
544.0372686919993,1.4887458506953466
544.1372686919993,1.4875780106246645
544.2372686919994,1.4864299643067398
544.3372686919994,1.4852982619286372
544.4372686919994,1.484179774064659
544.5372686919994,1.4830716771001682
544.6372686919995,1.4819714382939477
544.7372686919995,1.4808768006260764
544.8372686919995,1.479785767563612
544.9372686919995,1.4786965878620262
545.0372686919995,1.4776077405064538
545.1372686919996,1.4765179198835174
545.2372686919996,1.4754260212618489
545.3372686919996,1.4743311266475152
545.4372686919996,1.4732324910694181
545.5372686919997,1.4721295293394203
545.6372686919997,1.4710218033224538
545.7372686919997,1.4699090097432126
545.8372686919997,1.4687909685482048
545.9372686919997,1.4676676118349363
546.0372686919998,1.466538973353768
546.1372686919998,1.465405178582544
546.2372686919998,1.4642664353693409
546.3372686919998,1.4631230251346405
546.4372686919999,1.4619752946208056
546.5372686919999,1.460823648173916
546.6372686919999,1.45966854054073
546.7372686919999,1.458510470161739
546.837268692,1.4573499729399486
546.937268692,1.4561876164640424
547.037268692,1.4550239946640073
547.137268692,1.4538597228769885
547.237268692,1.4526954333011213
547.3372686920001,1.4515317708152862
547.4372686920001,1.450369389143118
547.5372686920001,1.4492089473401533
547.6372686920001,1.4480511065836672
547.7372686920002,1.4468965272455274
547.8372686920002,1.4457458662292402
547.9372686920002,1.4445997745532586
548.0372686920002,1.443458895163562
548.1372686920002,1.4423238609594613
548.2372686920003,1.4411952930175356
548.3372686920003,1.4400737989995562
548.4372686920003,1.4389599717311632
548.5372686920003,1.4378543879389678
548.6372686920004,1.4367576071346078
548.7372686920004,1.4356701706351047
548.8372686920004,1.4345926007096557
548.9372686920004,1.4335253998437203
549.0372686920005,1.4324690501119566
549.1372686920005,1.4314240126521973
549.2372686920005,1.4303907272332552
549.3372686920005,1.42936961190989
549.4372686920005,1.4283610627587813
549.5372686920006,1.4273654536898066
549.6372686920006,1.4263831363273471
549.7372686920006,1.4254144399567306
549.8372686920006,1.4244596715312607
549.9372686920007,1.4235191157356049
550.0372686920007,1.4225930351015845
550.1372686920007,1.4216816701726798
550.2372686920007,1.420785239713779
550.3372686920007,1.4199039409629146
550.4372686920008,1.4190379499219106
550.5372686920008,1.4181874216830337
550.6372686920008,1.4173524907888915
550.7372686920008,1.4165332716229488
550.8372686920009,1.4157298588281677
550.9372686920009,1.4149423277513749
551.0372686920009,1.4141707349110715
551.1372686920009,1.413415118486488
551.237268692001,1.4126754988257717
551.337268692001,1.411951878971282
551.437268692001,1.4112442452000349
551.537268692001,1.4105525675774138
551.637268692001,1.4098768005223339
551.7372686920011,1.4092168833821064
551.8372686920011,1.4085727410153175
551.9372686920011,1.407944284381099
552.0372686920011,1.4073314111332218
552.1372686920012,1.4067340062175113
552.2372686920012,1.4061519424711377
552.3372686920012,1.4055850812223953
552.4372686920012,1.405033272889641
552.5372686920012,1.4044963575781257
552.6372686920013,1.403974165673504
552.7372686920013,1.4034665184308739
552.8372686920013,1.4029732285582472
552.9372686920013,1.4024941007934215
553.0372686920014,1.4020289324732713
553.1372686920014,1.4015775140945423
553.2372686920014,1.4011396298652885
553.3372686920014,1.4007150582461463
553.4372686920015,1.4003035724807056
553.5372686920015,1.3999049411142839
553.6372686920015,1.399518928500474
553.7372686920015,1.399145295294891
553.8372686920015,1.3987837989355916
553.9372686920016,1.398434194109705
554.0372686920016,1.3980962332058553
554.1372686920016,1.3977696667520159
554.2372686920016,1.3974542438384827
554.3372686920017,1.397149712525705
554.4372686920017,1.3968558202367558
554.5372686920017,1.3965723141342783
554.6372686920017,1.3962989414817815
554.7372686920017,1.3960354499892067
554.8372686920018,1.3957815881427262
554.9372686920018,1.395537105518777
555.0372686920018,1.3953017530823666
