515.5372686919928,7.985182343455075e-05
515.6372686919929,8.427424003766405e-05
515.7372686919929,8.892343291035103e-05
515.8372686919929,9.380996294115135e-05
515.9372686919929,9.894482321305415e-05
516.037268691993,0.00010433945353494676
516.137268691993,0.00011000575530182042
516.237268691993,0.00011595610668303992
516.337268691993,0.00012220337813746764
516.437268691993,0.00012876094825368156
516.5372686919931,0.00013564271991296404
516.6372686919931,0.00014286313677212858
516.7372686919931,0.00015043720006263308
516.8372686919931,0.0001583804857017713
516.9372686919932,0.0001667091617110524
517.0372686919932,0.00017544000593616789
517.1372686919932,0.0001845904240622084
517.2372686919932,0.00019417846791702645
517.3372686919932,0.00020422285405484185
517.4372686919933,0.00021474298261137004
517.5372686919933,0.00022575895642089607
517.6372686919933,0.0002372916003848392
517.7372686919933,0.00024936248108044646
517.8372686919934,0.0002619939265973131
517.9372686919934,0.0002752090465884714
518.0372686919934,0.000289031752521792
518.1372686919934,0.0003034867781164325
518.2372686919934,0.0003185996999480172
518.3372686919935,0.0003343969582051746
518.4372686919935,0.0003509058775789531
518.5372686919935,0.00036815468826553277
518.6372686919935,0.0003861725470615039
518.7372686919936,0.0004049895585298238
518.8372686919936,0.00042463679621338054
518.9372686919936,0.00044514632387189994
519.0372686919936,0.00046655121671669504
519.1372686919937,0.000488885582616543
519.2372686919937,0.0005121845832467034
519.3372686919937,0.0005364844551518456
519.4372686919937,0.0005618225306923502
519.5372686919937,0.0005882372588422026
519.6372686919938,0.000615768225805348
519.7372686919938,0.0006444561754161342
519.8372686919938,0.000674343029288108
519.9372686919938,0.0007054719066741718
520.0372686919939,0.0007378871439997648
520.1372686919939,0.0007716343140294478
520.2372686919939,0.0008067602446259704
520.3372686919939,0.0008433130370596105
520.437268691994,0.0008813420838242895
520.537268691994,0.0009208980859157182
520.637268691994,0.0009620330695255704
520.737268691994,0.0010048004021044545
520.837268691994,0.0010492548077452582
520.9372686919941,0.001095452381837265
521.0372686919941,0.0011434506049402817
521.1372686919941,0.0011933083558269262
521.2372686919941,0.0012450859236401287
521.3372686919942,0.0012988450191118816
521.4372686919942,0.001354648784788279
521.5372686919942,0.001412561804204943
521.6372686919942,0.0014726501099560447
521.7372686919942,0.0015349811905993162
521.8372686919943,0.0015996239963386384
521.9372686919943,0.0016666489434251355
522.0372686919943,0.0017361279172170099
522.1372686919943,0.0018081342738378392
522.2372686919944,0.001882742840372535
522.3372686919944,0.00196002991353976
522.4372686919944,0.002040073256779276
522.5372686919944,0.0021229520956924865
522.6372686919944,0.002208747111774239
522.7372686919945,0.002297540434373983
522.8372686919945,0.002389415630824356
522.9372686919945,0.0024844576946755075
523.0372686919945,0.0025827530319736886
523.1372686919946,0.0026843894455230582
523.2372686919946,0.002789456117070106
523.3372686919946,0.002898043587350804
523.4372686919946,0.0030102437339412456
523.5372686919947,0.00312614974685347
523.6372686919947,0.003245856101819175
523.7372686919947,0.003369458531205117
523.8372686919947,0.0034970539925053357
523.9372686919947,0.003628740634356705
524.0372686919948,0.003764617760025934
524.1372686919948,0.0039047857883177596
524.2372686919948,0.0040493462118560645
524.3372686919948,0.004198401552691505
524.4372686919949,0.004352055315191507
524.5372686919949,0.004510411936170795
524.6372686919949,0.004673576732222974
524.7372686919949,0.004841655844216469
524.837268691995,0.005014756178920796
524.937268691995,0.0051929853477321085
525.037268691995,0.005376451602470064
525.137268691995,0.005565263768221351
525.237268691995,0.005759531173208508
525.3372686919951,0.005959363575666395
525.4372686919951,0.006164871087712272
525.5372686919951,0.006376164096199404
525.6372686919951,0.006593353180548064
525.7372686919952,0.006816549027552066
525.8372686919952,0.007045862343163275
525.9372686919952,0.007281403761260846
526.0372686919952,0.007523283749416963
526.1372686919952,0.007771612511675043
526.2372686919953,0.008026499888361745
526.3372686919953,0.008288055252958905
526.4372686919953,0.008556387406066584
526.5372686919953,0.00883160446649389
526.6372686919954,0.009113813759519413
526.7372686919954,0.009403121702368641
526.8372686919954,0.009699633686961322
526.9372686919954,0.010003453959987332
527.0372686919955,0.010314685500375438
527.1372686919955,0.010633429894225032
527.2372686919955,0.010959787207276995
527.3372686919955,0.011293855855005485
527.4372686919955,0.011635732470418872
527.5372686919956,0.011985511769663563
527.6372686919956,0.012343286415531014
527.7372686919956,0.012709146878973877
527.8372686919956,0.013083181298743697
527.9372686919957,0.013465475339268264
528.0372686919957,0.013856112046893276
528.1372686919957,0.014255171704618432
528.2372686919957,0.014662731685464683
528.3372686919957,0.015078866304614842
528.4372686919958,0.015503646670475863
528.5372686919958,0.015937140534817026
528.6372686919958,0.016379412142143633
528.7372686919958,0.016830522078471896
528.8372686919959,0.01729052711967578
528.9372686919959,0.01775948007958234
529.0372686919959,0.018237429657996934
529.1372686919959,0.018724420288845196
529.237268691996,0.01922049198862313
529.337268691996,0.019725680205351818
529.437268691996,0.02024001566823749
529.537268691996,0.02076352423824211
529.637268691996,0.021296226759773797
529.7372686919961,0.021838138913710156
529.8372686919961,0.022389271071971206
529.9372686919961,0.022949628153862072
530.0372686919961,0.02351920948440844
530.1372686919962,0.024098008654910776
530.2372686919962,0.024686013385945567
530.3372686919962,0.02528320539304423
530.4372686919962,0.0258895602552819
530.5372686919962,0.026505047287010024
530.6372686919963,0.027129629412967673
530.7372686919963,0.027763263047007276
530.8372686919963,0.02840589797467107
530.9372686919963,0.029057477239854194
531.0372686919964,0.029717937035790554
531.1372686919964,0.030387206600596073
531.2372686919964,0.03106520811760365
531.3372686919964,0.031751856620721754
531.4372686919965,0.03244705990504725
531.5372686919965,0.03315071844295996
531.6372686919965,0.033862725305924345
531.7372686919965,0.03458296609221973
531.8372686919965,0.03531131886081732
531.9372686919966,0.03604765407161744
532.0372686919966,0.03679183453225675
532.1372686919966,0.037543715351688996
532.2372686919966,0.03830314390073851
532.3372686919967,0.03906995977981865
532.4372686919967,0.03984399479400201
532.5372686919967,0.04062507293562151
532.6372686919967,0.04141301037457487
532.7372686919967,0.04220761545649698
532.8372686919968,0.04300868870895668
532.9372686919968,0.043816022855825816
533.0372686919968,0.044629402839959746
533.1372686919968,0.04544860585431882
533.2372686919969,0.04627340138165109
533.3372686919969,0.04710355124284567
533.4372686919969,0.04793880965405674
533.5372686919969,0.04877892329268626
533.637268691997,0.049623631372303065
533.737268691997,0.05047266572656423
533.837268691997,0.05132575090219285
533.937268691997,0.052182604261054026
534.037268691997,0.053042936091359
534.1372686919971,0.05390644972801423
534.2372686919971,0.054772841682119364
534.3372686919971,0.05564180177960554
534.4372686919971,0.05651301330899118
534.5372686919972,0.05738615317821983
534.6372686919972,0.05826089208053042
534.7372686919972,0.059136894669296725
534.8372686919972,0.06001381974175904
534.9372686919972,0.06089132043155669
535.0372686919973,0.06176904440995651
535.1372686919973,0.06264663409565788
535.2372686919973,0.06352372687304099
535.3372686919973,0.06439995531871108
535.4372686919974,0.065274947436177
535.5372686919974,0.06614832689848875
535.6372686919974,0.0670197132986448
535.7372686919974,0.06788872240756585
535.8372686919975,0.06875496643941863
535.9372686919975,0.06961805432405935
536.0372686919975,0.07047759198635362
536.1372686919975,0.07133318263211631
536.2372686919975,0.07218442704040229
536.3372686919976,0.07303092386186627
536.4372686919976,0.07387226992289829
536.5372686919976,0.07470806053522867
536.6372686919976,0.07553788981068588
536.7372686919977,0.0763613509807788
536.8372686919977,0.07717803672076454
536.9372686919977,0.07798753947785288
537.0372686919977,0.0787894518031882
537.1372686919977,0.07958336668724096
537.2372686919978,0.08036887789823143
537.3372686919978,0.08114558032320073
537.4372686919978,0.08191307031133613
537.5372686919978,0.0826709460191503
537.6372686919979,0.08341880775710799
537.7372686919979,0.08415625833728739
537.8372686919979,0.08488290342165834
537.9372686919979,0.08559835187055433
538.037268691998,0.08630221609091192
538.137268691998,0.08699411238384704
538.237268691998,0.08767366129113562
538.337268691998,0.08834048794016328
538.437268691998,0.08899422238690823
538.5372686919981,0.08963449995652006
538.6372686919981,0.09026096158105801
538.7372686919981,0.09087325413395231
538.8372686919981,0.09147103076075454
538.9372686919982,0.09205395120574436
539.0372686919982,0.09262168213396356
539.1372686919982,0.09317389744825155
539.2372686919982,0.09371027860086152
539.3372686919982,0.09423051489924075
539.4372686919983,0.094734303805565
539.5372686919983,0.09522135122962336
539.6372686919983,0.095691371814657
539.7372686919983,0.09614408921576321
539.8372686919984,0.09657923637048507
539.9372686919984,0.09699655576121573
540.0372686919984,0.09739579966905701
540.1372686919984,0.09777673041878174
540.2372686919985,0.09813912061456125
540.3372686919985,0.09848275336613047
540.4372686919985,0.09880742250507613
540.5372686919985,0.09911293279094606
540.6372686919985,0.0993991001068911
540.7372686919986,0.09966575164456526
540.8372686919986,0.09991272607802452
540.9372686919986,0.10013987372637867
541.0372686919986,0.10034705670496726
541.1372686919987,0.10053414906484556
541.2372686919987,0.10070103692038321
541.3372686919987,0.10084761856479435
541.4372686919987,0.10097380457343536
541.5372686919987,0.10107951789472344
541.6372686919988,0.10116469392854623
541.7372686919988,0.10122928059205123
541.8372686919988,0.10127323837272095
541.9372686919988,0.10129654036865801
542.0372686919989,0.1012981180162802
542.1372686919989,0.10126683336070914
542.2372686919989,0.10119973265483971
542.3372686919989,0.10109688710693529
542.437268691999,0.10095840579709593
542.537268691999,0.10078443548446005
542.637268691999,0.10057516034801574
542.737268691999,0.10033080166166208
542.837268691999,0.10005161740432326
542.9372686919991,0.09973790180607693
543.0372686919991,0.09938998483141469
543.1372686919991,0.09900823160090504
543.2372686919991,0.09859304175267762
543.3372686919992,0.0981448487452919
543.4372686919992,0.09766411910369242
543.5372686919992,0.09715135161008644
543.6372686919992,0.09660707644170839
543.7372686919992,0.09603185425755695
543.8372686919993,0.09542627523630624
543.9372686919993,0.09479095806770145
544.0372686919993,0.09412654889985038
544.1372686919993,0.09343372024491686
544.2372686919994,0.09271316984580816
544.3372686919994,0.09196561950652715
544.4372686919994,0.09119181388893066
544.5372686919994,0.09039251927869728
544.6372686919995,0.08956852232336208
544.7372686919995,0.0887206287453211
544.8372686919995,0.08784966203274457
544.9372686919995,0.08695646211136725
545.0372686919995,0.08604188400014258
545.1372686919996,0.0851067964537591
545.2372686919996,0.0841520805950197
545.3372686919996,0.08317862854007847
545.4372686919996,0.08218734201951497
545.5372686919997,0.08117913099820381
545.6372686919997,0.0801549122969061
545.7372686919997,0.07911560821847109
545.8372686919997,0.07806214518148973
545.9372686919997,0.07699545236418875
546.0372686919998,0.07591646036129228
546.1372686919998,0.0748260998565108
546.2372686919998,0.07372530031324284
546.3372686919998,0.07261498868599403
546.4372686919999,0.07149608815493187
546.5372686919999,0.07036951688590268
546.6372686919999,0.0692361868181393
546.7372686919999,0.06809700248178714
546.837268692,0.06695285984726898
546.937268692,0.06580464520839864
547.037268692,0.06465323410104007
547.137268692,0.06349949025899064
547.237268692,0.062344264608648135
547.3372686920001,0.06118839430389811
547.4372686920001,0.06003270180253478
547.5372686920001,0.058877993985402555
547.6372686920001,0.05772506131931876
547.7372686920002,0.056574677064711296
547.8372686920002,0.055427596528776706
547.9372686920002,0.05428455636483785
548.0372686920002,0.05314627391845267
548.1372686920002,0.05201344662070051
548.2372686920003,0.05088675142894806
548.3372686920003,0.04976684431527392
548.4372686920003,0.04865435980261068
548.5372686920003,0.047549910548545064
548.6372686920004,0.04645408697660109
548.7372686920004,0.045367456954719165
548.8372686920004,0.044290565520534654
548.9372686920004,0.04322393465295393
549.0372686920005,0.042168063089424564
549.1372686920005,0.04112342618819818
549.2372686920005,0.04009047583479193
549.3372686920005,0.03906964039176473
549.4372686920005,0.03806132469084109
549.5372686920006,0.037065910066335334
549.6372686920006,0.03608375442875471
549.7372686920006,0.035115192377390546
549.8372686920006,0.03416053535064188
549.9372686920007,0.03322007181275725
550.0372686920007,0.03229406747562608
550.1372686920007,0.031382765554202566
550.2372686920007,0.030486387054101574
550.3372686920007,0.029605131089867967
550.4372686920008,0.02873917523238785
550.5372686920008,0.02788867588388247
550.6372686920008,0.027053768678903325
550.7372686920008,0.02623456890972913
550.8372686920009,0.025431171974553
550.9372686920009,0.024643653846840703
551.0372686920009,0.0238720715642376
551.1372686920009,0.023116463735404005
551.237268692001,0.02237685106316456
551.337268692001,0.021653236882367817
551.437268692001,0.020945607710866947
551.537268692001,0.020253933812050876
551.637268692001,0.019578169767377744
551.7372686920011,0.018918255057388336
551.8372686920011,0.018274114649706526
551.9372686920011,0.017645659592566525
552.0372686920011,0.017032787612441855
552.1372686920012,0.01643538371438953
552.2372686920012,0.01585332078376366
552.3372686920012,0.0152864601879959
552.4372686920012,0.01473465237718537
552.5372686920012,0.01419773748228801
552.6372686920013,0.013675545909744045
552.7372686920013,0.01316789893143287
552.8372686920013,0.01267460926889598
552.9372686920013,0.012195481670821566
553.0372686920014,0.011730313482837791
553.1372686920014,0.011278895208716028
553.2372686920014,0.01084101106213999
553.3372686920014,0.010416439508251756
553.4372686920015,0.010004953794240587
553.5372686920015,0.009606322468295568
553.6372686920015,0.009220309886297639
553.7372686920015,0.00884667670568117
553.8372686920015,0.008485180365948655
553.9372686920016,0.008135575555375451
554.0372686920016,0.0077976146634934265
554.1372686920016,0.00747104821899384
554.2372686920016,0.007155625312739622
554.3372686920017,0.0068510940056264544
554.4372686920017,0.006557201721079408
554.5372686920017,0.006273695622018214
554.6372686920017,0.006000322972168921
554.7372686920017,0.0057368314816429525
554.8372686920018,0.0054829696367459015
554.9372686920018,0.005238487014018423
555.0372686920018,0.005003134578549564
