515.5372686919928,3.147492537343284e-06
515.6372686919929,3.549261751443024e-06
515.7372686919929,3.999916755243248e-06
515.8372686919929,4.5050901030318066e-06
515.9372686919929,5.07102339341731e-06
516.037268691993,5.704628284214583e-06
516.137268691993,6.413553059041097e-06
516.237268691993,7.2062551887646315e-06
516.337268691993,8.092080359755095e-06
516.437268691993,9.081348470903126e-06
516.5372686919931,1.0185447132554303e-05
516.6372686919931,1.1416933232836573e-05
516.7372686919931,1.278964317028604e-05
516.8372686919931,1.4318812386146883e-05
516.9372686919932,1.602120486516337e-05
517.0372686919932,1.791525331001431e-05
517.1372686919932,2.0021210731656927e-05
517.2372686919932,2.2361314235638515e-05
517.3372686919932,2.4959961822754118e-05
517.4372686919933,2.7843903061135265e-05
517.5372686919933,3.104244452575524e-05
517.6372686919933,3.458767094025103e-05
517.7372686919933,3.851468299465431e-05
517.8372686919934,4.286185285085646e-05
517.9372686919934,4.7671098385134036e-05
518.0372686919934,5.2988177253531034e-05
518.1372686919934,5.886300190100842e-05
518.2372686919934,6.534997666868127e-05
518.3372686919935,7.250835818477918e-05
518.4372686919935,8.040264025378367e-05
518.5372686919935,8.910296448406584e-05
518.6372686919935,9.868555791680479e-05
518.7372686919936,0.00010923319893750486
518.8372686919936,0.00012083571276551186
518.9372686919936,0.00013359049782600356
519.0372686919936,0.00014760308431238848
519.1372686919937,0.00016298772624428402
519.2372686919937,0.00017986802831660895
519.3372686919937,0.00019837760881812858
519.4372686919937,0.00021866079987237197
519.5372686919937,0.00024087338621943207
519.6372686919938,0.00026518338371308035
519.7372686919938,0.0002917718586530759
519.8372686919938,0.00032083378900680707
519.9372686919938,0.0003525789684966607
520.0372686919939,0.00038723295443903686
520.1372686919939,0.00042503806011691116
520.2372686919939,0.0004662543923495461
520.3372686919939,0.0005111609347896321
520.437268691994,0.0005600566773290305
520.537268691994,0.0006132617918287354
520.637268691994,0.0006711188542059853
520.737268691994,0.000733994112710995
520.837268691994,0.0008022788020070305
520.9372686919941,0.000876390502429921
521.0372686919941,0.0009567745435462369
521.1372686919941,0.001043905450852825
521.2372686919941,0.0011382884341639493
521.3372686919942,0.0012404609159157802
521.4372686919942,0.0013509940972812578
521.5372686919942,0.0014704945596316233
521.6372686919942,0.0015996058985041717
521.7372686919942,0.0017390103868395364
521.8372686919943,0.001889430663836482
521.9372686919943,0.0020516314453382285
522.0372686919943,0.002226421251213004
522.1372686919943,0.002414654144723283
522.2372686919944,0.0026172314783945755
522.3372686919944,0.002835103640397093
522.4372686919944,0.003069271794943221
522.5372686919944,0.0033207896096831982
522.6372686919944,0.0035907649625516133
522.7372686919945,0.003880361619981701
522.8372686919945,0.0041908008778644016
522.9372686919945,0.0045233631560882915
523.0372686919945,0.00487938953695697
523.1372686919946,0.005260283237246281
523.2372686919946,0.005667511003137297
523.3372686919946,0.006102604416746944
523.4372686919946,0.006567161102479275
523.5372686919947,0.007062845820941713
523.6372686919947,0.007591391437715371
523.7372686919947,0.008154599753841996
523.8372686919947,0.008754342184496269
523.9372686919947,0.009392560271955862
524.0372686919948,0.01007126601866778
524.1372686919948,0.010792542025942738
524.2372686919948,0.011558541423595442
524.3372686919948,0.01237148757569069
524.4372686919949,0.01323367354746146
524.5372686919949,0.014147461318436722
524.6372686919949,0.01511528072686225
524.7372686919949,0.01613962813061931
524.837268691995,0.017223064770049774
524.937268691995,0.018368214818386824
525.037268691995,0.019577763105870723
525.137268691995,0.020854452504105166
525.237268691995,0.022201080957783663
525.3372686919951,0.02362049815159122
525.4372686919951,0.025115601800867762
525.5372686919951,0.0266893335555076
525.6372686919951,0.028344674507566777
525.7372686919952,0.03008464029415897
525.8372686919952,0.03191227578844002
525.9372686919952,0.03383064937281427
526.0372686919952,0.03584284678993875
526.1372686919952,0.037951964568655974
526.2372686919953,0.040161103023648406
526.3372686919953,0.04247335882937685
526.4372686919953,0.04489181717073504
526.5372686919953,0.04741954347482261
526.6372686919954,0.050059574730299865
526.7372686919954,0.05281491040293673
526.8372686919954,0.05568850295819672
526.9372686919954,0.05868324800399705
527.0372686919955,0.06180197406915055
527.1372686919955,0.0650474320354114
527.2372686919955,0.06842228424350934
527.3372686919955,0.07192909329604733
527.4372686919955,0.07557031058265362
527.5372686919956,0.07934826455529527
527.6372686919956,0.08326514878417703
527.7372686919956,0.08732300982713878
527.8372686919956,0.09152373494792448
527.9372686919957,0.09586903972109956
528.0372686919957,0.10036045556373359
528.1372686919957,0.104999317236222
528.2372686919957,0.10978675035677606
528.3372686919957,0.11472365897615258
528.4372686919958,0.11981071326110161
528.5372686919958,0.12504833733676954
528.6372686919958,0.1304366973398872
528.7372686919958,0.1359756897359821
528.8372686919959,0.14166492995506672
528.9372686919959,0.1475037414012518
529.0372686919959,0.1534911448925039
529.1372686919959,0.1596258485872927
529.237268691996,0.16590623845514704
529.337268691996,0.17233036934814056
529.437268691996,0.17889595673005382
529.537268691996,0.1856003691193981
529.637268691996,0.1924406213016237
529.7372686919961,0.19941336836467558
529.8372686919961,0.20651490061058408
529.9372686919961,0.21374113939399644
530.0372686919961,0.2210876339364552
530.1372686919962,0.2285495591628172
530.2372686919962,0.2361217146034816
530.3372686919962,0.24379852440306427
530.4372686919962,0.2515740384728168
530.5372686919962,0.25944193482046274
530.6372686919963,0.26739552308720843
530.7372686919963,0.2754277493174974
530.8372686919963,0.28353120198263804
530.9372686919963,0.2916981192747445
531.0372686919964,0.29992039768252365
531.1372686919964,0.3081896018553282
531.2372686919964,0.3164969757565995
531.3372686919964,0.32483345510237577
531.4372686919965,0.33318968107495084
531.5372686919965,0.34155601529608365
531.6372686919965,0.34992255603838596
531.7372686919965,0.35827915564770324
531.8372686919965,0.36661543914346617
531.9372686919966,0.37492082395817367
532.0372686919966,0.38318454077139186
532.1372686919966,0.3913956553879585
532.2372686919966,0.3995430916044987
532.3372686919967,0.40761565500291663
532.4372686919967,0.41560205760426844
532.5372686919967,0.4234909433113645
532.6372686919967,0.4312709140636435
532.7372686919967,0.43893055662331876
532.8372686919968,0.4464584699075659
532.9372686919968,0.45384329277761554
533.0372686919968,0.46107373219207387
533.1372686919968,0.4681385916286343
533.2372686919969,0.4750267996755953
533.3372686919969,0.48172743869228085
533.4372686919969,0.48822977343559315
533.5372686919969,0.49452327954852754
533.637268691997,0.5005976718055609
533.737268691997,0.5064429320094028
533.837268691997,0.5120493364336784
533.937268691997,0.5174074827067026
534.037268691997,0.5225083160326038
534.1372686919971,0.5273431546476789
534.2372686919971,0.5319037144119763
534.3372686919971,0.5361821324387418
534.4372686919971,0.540170989667483
534.5372686919972,0.5438633322900125
534.6372686919972,0.5472526919429108
534.7372686919972,0.5503331045843665
534.8372686919972,0.5530991279783085
534.9372686919972,0.5555458577140984
535.0372686919973,0.5576689416957883
535.1372686919973,0.5594645930410306
535.2372686919973,0.5609296013361325
535.3372686919973,0.5620613422004318
535.4372686919974,0.5628577851201131
535.5372686919974,0.563317499518731
535.6372686919974,0.5634354716278599
535.7372686919974,0.562940765098494
535.8372686919975,0.5616730798675995
535.9372686919975,0.5596376390348485
536.0372686919975,0.5568428125362206
536.1372686919975,0.5533000598070913
536.2372686919975,0.5490238515085147
536.3372686919976,0.5440315710648516
536.4372686919976,0.5383433969502357
536.5372686919976,0.5319821668392237
536.6372686919976,0.524973224901261
536.7372686919977,0.5173442536673846
536.8372686919977,0.5091250920292159
536.9372686919977,0.5003475410433248
537.0372686919977,0.4910451593073392
537.1372686919977,0.481253049746835
537.2372686919978,0.4710076397035122
537.3372686919978,0.4603464562451523
537.4372686919978,0.44930789862638304
537.5372686919978,0.4379310098166523
537.6372686919979,0.4262552489786303
537.7372686919979,0.41432026672736877
537.8372686919979,0.40216568492905586
537.9372686919979,0.38983088270944566
538.037268691998,0.3773547902375396
538.137268691998,0.36477569173156593
538.237268691998,0.3521310390035734
538.337268691998,0.3394572767180014
538.437268691998,0.326789680390426
538.5372686919981,0.31416220799741135
538.6372686919981,0.30160736590908943
538.7372686919981,0.28915608969484813
538.8372686919981,0.2768376401913323
538.9372686919982,0.26467951506282406
539.0372686919982,0.2527073759288033
539.1372686919982,0.24094499098382388
539.2372686919982,0.22941419289235207
539.3372686919982,0.2181348516073113
539.4372686919983,0.20712486163699662
539.5372686919983,0.19640014317181406
539.6372686919983,0.1859746563808129
539.7372686919983,0.17586042809887206
539.8372686919984,0.16606759004913008
539.9372686919984,0.15660442768207616
540.0372686919984,0.14747743866271898
540.1372686919984,0.13869140000031735
540.2372686919985,0.13024944279101544
540.3372686919985,0.12215313353194569
540.4372686919985,0.11440256096537547
540.5372686919985,0.10699642742258172
540.6372686919985,0.09993214365854565
540.7372686919986,0.09320592619937056
540.8372686919986,0.0868128962635904
540.9372686919986,0.08074717936523401
541.0372686919986,0.0750020047596059
541.1372686919987,0.06956980395117246
541.2372686919987,0.06444230754564535
541.3372686919987,0.05961063979428988
541.4372686919987,0.05506541024663883
541.5372686919987,0.050796801997193705
541.6372686919988,0.04679465608142578
541.7372686919988,0.04304855164559923
541.8372686919988,0.03954788158283838
541.9372686919988,0.036281923393752455
542.0372686919989,0.03323990509318243
542.1372686919989,0.03041106604470912
542.2372686919989,0.02778471266100145
542.3372686919989,0.025350268960519014
542.437268691999,0.02309732201922523
542.537268691999,0.02101566239960992
542.637268691999,0.019095319678332147
542.737268691999,0.017326593228117505
542.837268691999,0.01570007843918681
542.9372686919991,0.014206688590524064
543.0372686919991,0.01283767260183392
543.1372686919991,0.011584628913263001
543.2372686919991,0.010439515752076578
543.3372686919992,0.009394658053737898
543.4372686919992,0.008442751309503244
543.5372686919992,0.007576862614015867
543.6372686919992,0.006790429184762378
543.7372686919992,0.006077254620962807
543.8372686919993,0.005431503162819474
543.9372686919993,0.004847692203367574
544.0372686919993,0.004320683294763153
544.1372686919993,0.003845671879014502
544.2372686919994,0.003418175960198482
544.3372686919994,0.003034023921376977
544.4372686919994,0.002689341674995267
544.5372686919994,0.002380539320737872
544.6372686919995,0.0021042974698526075
544.7372686919995,0.001857553380022124
544.8372686919995,0.001637487030134217
544.9372686919995,0.0014415072499258804
545.0372686919995,0.0012672380055781898
545.1372686919996,0.0011125049290251847
545.2372686919996,0.0009753221660961354
545.3372686919996,0.0008538796067036682
545.4372686919996,0.0007465305491700233
545.5372686919997,0.0006517798404833694
545.6372686919997,0.0005682725248146427
545.7372686919997,0.0004947830240083093
545.8372686919997,0.00043020486598202654
545.9372686919997,0.000373540970014397
546.0372686919998,0.0003238944917424954
546.1372686919998,0.00028046022529996435
546.2372686919998,0.00024251655536496248
546.3372686919998,0.00020941794791328816
546.4372686919999,0.00018058796514048339
546.5372686919999,0.0001555127872803483
546.6372686919999,0.0001337352218574394
546.7372686919999,0.00011484917921878013
546.837268692,9.849459194649137e-05
546.937268692,8.435275491065641e-05
547.037268692,7.214206223421068e-05
547.137268692,6.161411726477707e-05
547.237268692,5.2550191740132394e-05
547.3372686920001,4.475801065496473e-05
547.4372686920001,3.806883985010753e-05
547.5372686920001,3.233485401763971e-05
547.6372686920001,2.7426763615245653e-05
547.7372686920002,2.323168008302352e-05
547.8372686920002,1.9651199730405313e-05
547.9372686920002,1.6599687687701968e-05
548.0372686920002,1.400274437639246e-05
548.1372686920002,1.179583802758173e-05
548.2372686920003,9.923087854409257e-06
548.3372686920003,8.336183549192199e-06
548.4372686920003,6.993427819393803e-06
548.5372686920003,5.858889689672199e-06
548.6372686920004,4.901657273546006e-06
548.7372686920004,4.09517965240808e-06
548.8372686920004,3.416688387882723e-06
548.9372686920004,2.8466900332093645e-06
549.0372686920005,2.368521798840054e-06
549.1372686920005,1.967963266045768e-06
549.2372686920005,1.6328977300817837e-06
549.3372686920005,1.3530173920391803e-06
549.4372686920005,1.1195672071005682e-06
549.5372686920006,9.251227381297882e-07
549.6372686920006,7.633978592857901e-07
549.7372686920006,6.290786068308219e-07
549.8372686920006,5.176798858417723e-07
549.9372686920007,4.254221145802877e-07
550.0372686920007,3.491252253368938e-07
550.1372686920007,2.861177441537976e-07
550.2372686920007,2.3415894444290567e-07
550.3372686920007,1.9137231358758985e-07
550.4372686920008,1.5618878950864156e-07
550.5372686920008,1.2729841814965393e-07
550.6372686920008,1.0360925504753559e-07
550.7372686920008,8.421248663301208e-08
550.8372686920009,6.835288156102357e-08
550.9372686920009,5.540380098025039e-08
551.0372686920009,4.4846100863594885e-08
551.1372686920009,3.6250350858418714e-08
551.237268692001,2.9261873972902123e-08
551.337268692001,2.35881810689065e-08
551.437268692001,1.8988434742888268e-08
551.537268692001,1.52646297964001e-08
551.637268692001,1.2254223075647689e-08
551.7372686920011,9.823984848803728e-09
551.8372686920011,7.86487785482353e-09
551.9372686920011,6.2877993808727614e-09
552.0372686920011,5.020046814466394e-09
552.1372686920012,4.0023886096266955e-09
552.2372686920012,3.1866409800000396e-09
552.3372686920012,2.53366630564211e-09
552.4372686920012,2.0117225829566397e-09
552.5372686920012,1.5951045822705528e-09
552.6372686920013,1.2630269871794973e-09
552.7372686920013,9.987079202090997e-10
552.8372686920013,7.886181243860256e-10
552.9372686920013,6.218668553752229e-10
553.0372686920014,4.897004041733434e-10
553.1372686920014,3.8509325414301776e-10
553.2372686920014,3.024152972908825e-10
553.3372686920014,2.3716139512172474e-10
553.4372686920015,1.8573195643734363e-10
553.5372686920015,1.4525519263483335e-10
553.6372686920015,1.1344336389779683e-10
553.7372686920015,8.847670113849903e-11
553.8372686920015,6.890982440715618e-11
553.9372686920016,5.359641745918829e-11
554.0372686920016,4.1628692951129734e-11
554.1372686920016,3.228882085527719e-11
554.2372686920016,2.501001728384672e-11
554.3372686920017,1.934542140353656e-11
554.4372686920017,1.4943240742986727e-11
554.5372686920017,1.152693351225309e-11
554.6372686920017,8.87943186828058e-12
554.7372686920017,6.830601773253633e-12
554.8372686920018,5.24729100455982e-12
554.9372686920018,4.025443446633119e-12
555.0372686920018,3.08386036610978e-12
