0,3.953050171054106e-176
1,3.655050076301661e-173
2,3.1922943577372435e-170
3,2.6336685825216893e-167
4,2.0524278991456668e-164
5,1.5108567520183094e-161
6,1.0505754885573164e-158
7,6.900488425552881e-156
8,4.2813525691969767e-153
9,2.5091738277252363e-150
10,1.3890858846488224e-147
11,7.26400344173932e-145
12,3.58815816328551e-142
13,1.674232271380862e-139
14,7.379185592158012e-137
15,3.072201887182061e-134
16,1.2082023153853377e-131
17,4.4882616779572615e-129
18,1.574944554656051e-126
19,5.220366122858389e-124
20,1.634501223319741e-121
21,4.834127837239159e-119
22,1.3505156023128246e-116
23,3.563934178572008e-114
24,8.883995645885068e-112
25,2.091874342938259e-109
26,4.6527684865342927e-107
27,9.77543038379511e-105
28,1.9400321401840094e-102
29,3.6368932708586634e-100
30,6.440221161657948e-98
31,1.0772576842074172e-95
32,1.7021076103283517e-93
33,2.540405358649199e-91
34,3.5815219784760604e-89
35,4.7695874380105745e-87
36,5.999880531914e-85
37,7.129400048661968e-83
38,8.002247148863286e-81
39,8.484368636102237e-79
40,8.497197117282448e-77
41,8.03860058111677e-75
42,7.183462037497818e-73
43,6.0636726213155976e-71
44,4.834886507618156e-69
45,3.641542779955694e-67
46,2.5907955494856315e-65
47,1.7411230387011558e-63
48,1.1052852535684927e-61
49,6.627776933586211e-60
50,3.75413585177068e-58
51,2.0086333979365148e-56
52,1.0151727891500586e-54
53,4.846495914534237e-53
54,2.1855680205268625e-51
55,9.309993925777718e-50
56,3.7461318740328744e-48
57,1.4238535404975841e-46
58,5.1120626911894965e-45
59,1.7337066560165699e-43
60,5.5539716137153527e-42
61,1.680661644132019e-40
62,4.804027840546376e-39
63,1.297117552459795e-37
64,3.308276124003988e-36
65,7.970264954481684e-35
66,1.8138123759827353e-33
67,3.8990657310830766e-32
68,7.917304463814222e-31
69,1.5185976716687495e-29
70,2.7514188409792867e-28
71,4.708897942020968e-27
72,7.612554987895116e-26
73,1.1624926114875222e-24
74,1.6768667514168002e-23
75,2.284838456859971e-22
76,2.940769868621057e-21
77,3.5753221025862575e-20
78,4.1059901321974854e-19
79,4.454194965475767e-18
80,4.5642469908056e-17
81,4.4179179606438083e-16
82,4.039380361329742e-15
83,3.4886744634556976e-14
84,2.8461300236807426e-13
85,2.1932978902087842e-12
86,1.596574170174429e-11
87,1.0978150257093626e-10
88,7.130464733135652e-10
89,4.374768693857074e-09
90,2.535367674200102e-08
91,1.3879550320903721e-07
92,7.177255992359506e-07
93,3.5058236881177095e-06
94,1.617596876028274e-05
95,7.050162410515581e-05
96,0.0002902528800041648
97,0.0011287624342218863
98,0.004146456857220165
99,0.014387997324776126
100,0.04715982008257365
101,0.1460133363484842
102,0.4270330647361856
103,1.179720363252823
104,3.078543129014407
105,7.588571010287951
106,17.66946322330035
107,38.862908862972446
108,80.74132009254092
109,158.4546472874723
110,293.73974276703535
111,514.3621857677211
112,850.793082073006
113,1329.3136383023348
114,1961.9121865412958
115,2735.144421738757
116,3601.882613726496
117,4480.509894139692
118,5264.703534343652
119,5843.445442537181
120,6126.503144319398
121,6133.426797792154
122,6070.645656715889
123,5955.901674711771
124,5792.167240829481
125,5583.616792030767
126,5335.4499999350455
127,5053.676546875357
128,4744.874913762393
129,4415.938655348044
130,4073.8237295729427
131,3725.3096163274577
132,3376.7853224019213
133,3034.0690996671865
134,2702.268019268778
135,2385.680680326031
136,2087.743516789031
137,1811.0186048074556
138,1557.2187278924584
139,1327.2638392727395
140,1121.3620252704256
141,939.1076212958545
142,779.5892169750401
143,641.5008260052604
144,523.2503824084248
145,423.0608395891509
146,339.0603746218925
147,269.35943111374905
148,212.1134817727879
149,165.57139105311435
150,128.1100675830372
151,98.25669707124968
152,74.7002404842555
153,56.29408659576048
154,42.051790468155886
155,31.137744072602953
156,22.85444797318947
157,16.627818098847676
158,11.991699361702596
159,8.572492960248761
160,6.074555164510703
161,4.266804668494325
162,2.970790188319252
163,2.050322314058096
164,1.4026626526985724
165,0.9511856003718643
166,0.639378809312927
167,0.42602211885103486
168,0.2813759637958466
169,0.18421406291752385
170,0.11954722648213281
171,0.07690191710352154
172,0.04903608241502002
173,0.03099383410049973
174,0.019418504494438514
175,0.01205971914516917
176,0.0074240270517264865
177,0.0045302569537540175
178,0.0027402302965741495
179,0.0016429798219035202
180,0.0009764687156686722
181,0.0005752615882071333
182,0.00033593353200820215
183,0.0001944564147959177
184,0.00011157634497278623
185,6.346041750243607e-05
186,3.5777884468408445e-05
187,1.9994351731304556e-05
188,1.107594871590774e-05
189,6.081846891107863e-06
190,3.3103275408912394e-06
191,1.7860244084871862e-06
192,9.551789663692838e-07
193,5.063642649468634e-07
194,2.6608615986140134e-07
195,1.3859975437365563e-07
196,7.156218188053356e-08
197,3.6625673898101746e-08
198,1.8580979885198848e-08
199,9.343993768271354e-09
200,4.657763198106625e-09
201,2.301458818300424e-09
202,1.12722327936812e-09
203,5.472649424827946e-10
204,2.633699646868793e-10
205,1.2563649174628335e-10
206,5.940818632438995e-11
207,2.7845673416549166e-11
208,1.2937492011122783e-11
209,5.958314211862565e-12
210,2.720054760827455e-12
211,1.2308718257033126e-12
212,5.521142450141839e-13
213,2.454855944589856e-13
214,1.081942073724609e-13
215,4.7267534002118854e-14
216,2.046929188756642e-14
217,8.786656136504092e-15
218,3.738740999378871e-15
219,1.5769142158887568e-15
220,6.592827220256937e-16
221,2.7322237249441003e-16
222,1.1223847574684773e-16
223,4.570336743219288e-17
224,1.8447417560248934e-17
225,7.38080776734119e-18
226,2.927205068386096e-18
227,1.1507562455585731e-18
228,4.484298055190796e-19
229,1.7321541519381549e-19
230,6.632229491808902e-20
231,2.5171754640746207e-20
232,9.469964964400683e-21
233,3.531540512884632e-21
234,1.3054521301420872e-21
235,4.783421462111677e-22
236,1.7373898595024476e-22
237,6.25513741704788e-23
238,2.2323247054820802e-23
239,7.896939565520566e-24
240,2.7691163327755074e-24
241,9.625083947468405e-25
242,3.316261651480992e-25
243,1.132593304148233e-25
244,3.8342473731699395e-26
245,1.2866700907793523e-26
246,4.279915757098366e-27
247,1.4111857223032129e-27
248,4.612263014121996e-28
249,1.4942556069465744e-28
250,4.7986233322637896e-29
251,1.527528657312341e-29
252,4.819955291956895e-30
253,1.5075703633460047e-30
254,4.674047382246909e-31
