0,5.44798509858303e-83
1,5.363191812958854e-82
2,5.209761945410904e-81
3,4.993666783141476e-80
4,4.7231133742298875e-79
5,4.408027675423887e-78
6,4.0594517642001884e-77
7,3.6889060018145893e-76
8,3.3077671013308515e-75
9,2.9267079599528055e-74
10,2.5552358081365725e-73
11,2.2013531116052916e-72
12,1.871352361868317e-71
13,1.569743011621749e-70
14,1.2992977242019605e-69
15,1.0611967910726056e-68
16,8.552445378843417e-68
17,6.80129826961783e-67
18,5.337040076242473e-66
19,4.132532118120059e-65
20,3.157469339678848e-64
21,2.380505435058213e-63
22,1.7709501784799164e-62
23,1.3000218163020056e-61
24,9.416772280150932e-61
25,6.730706094584848e-60
26,4.747077438627846e-59
27,3.3036888430857925e-58
28,2.268710535384088e-57
29,1.537326699270505e-56
30,1.0279225242232552e-55
31,6.782061540012747e-55
32,4.415401498385833e-54
33,2.836519712066481e-53
34,1.798078061172544e-52
35,1.1247044386587768e-51
36,6.941852904707204e-51
37,4.227849658928044e-50
38,2.54080183848139e-49
39,1.5067083160357208e-48
40,8.81646943894375e-48
41,5.090581072433438e-47
42,2.900328172786432e-46
43,1.6305497524387066e-45
44,9.045406718640704e-45
45,4.951414391181591e-44
46,2.6744690764664915e-43
47,1.4254533786524638e-42
48,7.496794141764774e-42
49,3.8904987859984456e-41
50,1.9922421011111057e-40
51,1.0066675606068524e-39
52,5.019230784592918e-39
53,2.469422421095582e-38
54,1.198838660621097e-37
55,5.7429260420564e-37
56,2.7146437116624792e-36
57,1.2661920523167566e-35
58,5.827649980281123e-35
59,2.6466375280706065e-34
60,1.186048924656353e-33
61,5.24466644464224e-33
62,2.2884439094921553e-32
63,9.853029940648615e-32
64,4.186069780564786e-31
65,1.7548914400520642e-30
66,7.259407543310394e-30
67,2.963188175869309e-29
68,1.1935054774446288e-28
69,4.74347626445174e-28
70,1.86027083753217e-27
71,7.19884387472575e-27
72,2.748884311541062e-26
73,1.0357556268196106e-25
74,3.8509268649583534e-25
75,1.4127989747678132e-24
76,5.114493160927316e-24
77,1.8269723059413444e-23
78,6.439741832657085e-23
79,2.239814648376635e-22
80,7.687105386323816e-22
81,2.603279031907407e-21
82,8.6993286145179e-21
83,2.868520008112005e-20
84,9.333341599473453e-20
85,2.9965640840782263e-19
86,9.493297901999742e-19
87,2.9676848501118663e-18
88,9.154309274204497e-18
89,2.786381081405409e-17
90,8.368788177088074e-17
91,2.480228931508474e-16
92,7.253173958991313e-16
93,2.0930111837030396e-15
94,5.9596689364554376e-15
95,1.6744795656164455e-14
96,4.6424228998865613e-14
97,1.2700378919622299e-13
98,3.4284339569057957e-13
99,9.13233907836736e-13
100,2.400354574377764e-12
101,6.225523850922607e-12
102,1.5932485580722317e-11
103,4.02344711952763e-11
104,1.0025826672101139e-10
105,2.4651833027580243e-10
106,5.981159358089026e-10
107,1.431952660149272e-09
108,3.3828214706705567e-09
109,7.885634198655695e-09
110,1.8138497374095922e-08
111,4.11692653049486e-08
112,9.220448742658606e-08
113,2.0376900737170948e-07
114,4.443562905500485e-07
115,9.561624104089766e-07
116,2.0302014365813862e-06
117,4.253571388448011e-06
118,8.793777080069482e-06
119,1.7939251112382165e-05
120,3.611106499594707e-05
121,7.172712367337184e-05
122,0.00014058327781098202
123,0.0002718886293314442
124,0.0005188664098588642
125,0.000977073418585069
126,0.0018155406248246257
127,0.0033288319782172763
128,0.0060226123349107
129,0.010751896486712462
130,0.01894054061113459
131,0.03292356065612825
132,0.056471374106788326
133,0.09557780315610577
134,0.159622042455919
135,0.2630484904409153
136,0.4277459389176951
137,0.6863459999456936
138,1.086694451772808
139,1.697770266348759
140,2.617324242847675
141,3.9814683077138837
142,5.976351453048762
143,8.851892400426934
144,12.93728823257192
145,18.657674520442008
146,26.550878912293758
147,37.28270567455496
148,51.65865249457871
149,70.62945505793725
150,95.28746390242155
151,126.85068357045769
152,166.63145492858638
153,215.98733786719404
154,276.2528249291368
155,348.6521074904399
156,434.19517447130227
157,533.5619132008418
158,646.9813780060451
159,774.1156916739695
160,913.9597959121877
161,1064.7691115612558
162,1224.0268000014114
163,1388.4605360551584
164,1554.1154747478663
165,1716.4855832657142
166,1870.7000862645612
167,2011.7559905419814
168,2134.782190461672
169,2235.3162208789454
170,2309.571964641715
171,2354.6760114453286
172,2368.86146144849
173,2355.6289008891376
174,2318.733483626961
175,2259.287716185342
176,2179.059036984537
177,2080.3825408581147
178,1966.048160624583
179,1839.1699058893505
180,1703.04569145921
181,1561.0165082630488
182,1416.333214511601
183,1272.0381368389042
184,1130.8671072241707
185,995.1756942753018
186,866.8914044320693
187,747.4917110963231
188,638.0060743619669
189,539.0387593985147
190,450.8083200127518
191,373.1991099613093
192,305.820098635533
193,248.06654435051664
194,199.18063732892006
195,158.30797242737134
196,124.54755421766029
197,96.99388805440886
198,74.77049946535001
199,57.054899264139436
200,43.09554250527393
201,32.2217044255626
202,23.847420786300866
203,17.470730656731753
204,12.669441479605991
205,9.094537528989711
206,6.46220181712518
207,4.545243587768396
208,3.1645397597898004
209,2.1809248372820633
210,1.4878103938578213
211,1.0046880261029767
212,0.6715705026801108
213,0.44435364452317966
214,0.2910332631232799
215,0.18868321124000736
216,0.12108786930898593
217,0.07692097203699291
218,0.04836883622084751
219,0.03010670732434442
220,0.018549731650747945
221,0.011313285575735474
222,0.00682993572535938
223,0.004081513445134199
224,0.0024143631522881796
225,0.0014137112214585676
226,0.000819399254065526
227,0.00047011831547794276
228,0.00026699032650726674
229,0.00015009306616787593
230,8.352230686355856e-05
231,4.600669970786269e-05
232,2.508513413659527e-05
233,1.3539060319452787e-05
234,7.233314804693372e-06
235,3.825277608080056e-06
236,2.0024666778884546e-06
237,1.037634458468209e-06
238,5.322310672340748e-07
239,2.7022952965886764e-07
240,1.3581324853049043e-07
241,6.756600130997381e-08
242,3.327292992405815e-08
243,1.6219244529166717e-08
244,7.826127981621355e-09
245,3.738006205040139e-09
246,1.7672982129470528e-09
247,8.270969259828934e-10
248,3.8315961057327123e-10
249,1.7570324715775277e-10
250,7.975475777027509e-11
251,3.58352270942971e-11
252,1.5938243947414154e-11
253,7.01693617987346e-12
254,3.057956698901732e-12
