2,209.28924733420953
3,208.08418999702593
4,206.40875752637848
5,204.27443701160962
6,201.69577088048996
7,198.69019189668333
8,195.27782693157312
9,191.4812725997297
10,187.32534625532955
11,182.83681618485863
12,178.0441150936299
13,172.97704116601642
14,167.66645107975083
15,162.14394937298113
16,156.44157850067847
17,150.591513777934
18,144.62576719676545
19,138.57590382686288
20,132.47277417707676
21,126.34626551226036
22,120.22507469894356
23,114.13650470337198
24,108.10628639704309
25,102.15842684832198
26,96.31508480404821
27,90.5964736017399
28,85.02079130982636
29,79.6041774781374
30,74.36069550043976
31,69.3023392507605
32,64.4390623599689
33,59.77882825171948
34,55.32767885925236
35,51.08981979732893
36,47.06771966621698
37,43.262221115531304
38,39.672661292322864
39,36.29699933671803
40,33.13194866558096
41,30.173111895526915
42,27.415116396196037
43,24.85174862782737
44,22.476085598596782
45,20.280621971696622
46,18.257391554715493
47,16.398082109779452
48,14.694142627767537
49,13.13688240978096
50,11.717561490486673
51,10.427472118056905
52,9.258011171817062
53,8.200743549568434
54,7.247456690575171
55,6.390206516607682
56,5.621355171897441
57,4.933601023485963
58,4.32000144672365
59,3.7739889673912987
60,3.289381363141966
61,2.8603863439630834
62,2.481601435560234
63,2.1480096824854953
64,1.854971771046811
65,1.5982151471192103
66,1.3738206724821564
67,1.1782073267142419
68,1.0081154213814454
69,0.8605887505420803
70,0.7329560576185508
71,0.6228121544757677
72,0.5279989849811023
73,0.44658688314243317
74,0.3768562357330386
75,0.31727972158663487
76,0.26650526483180415
77,0.22333980746858448
78,0.18673397800648586
79,0.15576770742951432
80,0.1296368215011561
81,0.1076406192789269
82,0.08917043153150062
83,0.07369913935991602
84,0.0607716225076894
85,0.04999609837368859
86,0.04103630637676924
87,0.03360448781972832
88,0.027455108522359717
89,0.022379270007607106
90,0.018199754711180984
91,0.014766651338600329
92,0.011953507926356242
93,0.009653962205832414
94,0.007778801368489836
95,0.006253406156057858
96,0.005015537235697077
97,0.004013424970319521
98,0.0032041268777389235
99,0.0025521202233132994
100,0.002028100257017028
101,0.0016079575472886557
102,0.0012719106509781254
103,0.0010037729708297818
104,0.0007903350765023235
105,0.0006208459959152024
106,0.0004865790197623518
107,0.00038046940658196653
108,0.00029681303529257463
109,0.00023101653548971836
110,0.0001793907436308603
111,0.00013898049720067584
112,0.00010742480132191791
113,8.284229552610728e-05
114,6.373772485994036e-05
115,4.892579113622616e-05
116,3.746933834070833e-05
117,2.862932168830671e-05
118,2.1824432523682817e-05
119,1.6598610306006568e-05
120,1.2594976600989857e-05
121,9.534981798427589e-06
122,7.201769860217281e-06
123,5.426945707131382e-06
124,4.080079091416065e-06
125,3.060402543327088e-06
126,2.290263194223961e-06
127,1.7099723998299945e-06
128,1.2737660657240529e-06
129,9.466449360471237e-07
130,7.019099916447887e-07
131,5.192453314070145e-07
132,3.8323100978925437e-07
133,2.821925563731514e-07
134,2.073133795406958e-07
135,1.519518444930191e-07
136,1.1111725092066999e-07
137,8.106882296817136e-08
138,5.90096602433563e-08
139,4.285378909875626e-08
140,3.104932827189399e-08
141,2.2444609681430655e-08
142,1.6187089681084727e-08
143,1.1647222061251485e-08
144,8.361280740828267e-09
145,5.9885285306344646e-09
146,4.2792169733919476e-09
147,3.0507411444348257e-09
148,2.169917779742181e-09
149,1.5398487492546646e-09
150,1.0902088875431771e-09
151,7.70084246024738e-10
152,5.427047552491717e-10
153,3.8158024473340935e-10
154,2.6767327016446316e-10
155,1.8733589283702916e-10
156,1.3080786325291135e-10
157,9.112626617639503e-11
158,6.333593223841826e-11
159,4.391911963649044e-11
160,3.0384629988452604e-11
161,2.0972545501780198e-11
162,1.4442594098825543e-11
163,9.922843310557778e-12
164,6.801801108226018e-12
165,4.651666716981267e-12
166,3.1738772056478125e-12
167,2.16057087316794e-12
168,1.467384005744739e-12
169,9.94296503642269e-13
170,6.721789543176003e-13
171,4.5336790953108386e-13
172,3.0507983964966496e-13
173,2.048203527091326e-13
174,1.3719224949894731e-13
175,9.168175368546946e-14
176,6.112700448972832e-14
177,4.066119921336401e-14
178,2.6985105451361176e-14
179,1.7867546591221026e-14
180,1.1803276861502962e-14
181,7.779239321846366e-15
182,5.115269714740273e-15
183,3.3558057245702096e-15
184,2.196453181590997e-15
185,1.4343130760238e-15
186,9.34464553437077e-16
187,6.074052954629947e-16
188,3.939047181672415e-16
189,2.5485940155166443e-16
190,1.645155684500837e-16
191,1.0595225714579472e-16
192,6.807854903875793e-17
193,4.364226039414275e-17
194,2.791264863105543e-17
195,1.781114045104836e-17
196,1.1339118012001025e-17
197,7.202175326192542e-18
198,4.563993012427539e-18
199,2.8855135596880277e-18
200,1.820112094025717e-18
201,1.145433863935786e-18
202,7.191819334846703e-19
203,4.505099493311431e-19
204,2.8155735165088617e-19
205,1.7556026337345683e-19
206,1.0921503847335428e-19
207,6.77853011362262e-20
208,4.1974495371667275e-20
209,2.593177858507311e-20
210,1.5983651181303255e-20
211,9.829163263602959e-21
212,6.030509024347405e-21
213,3.69137580931812e-21
214,2.2543400113406092e-21
215,1.3735593951961375e-21
216,8.349728145041815e-22
217,5.064004638871101e-22
218,3.064169047159864e-22
219,1.849814650958563e-22
220,1.1141420756600745e-22
221,6.694988013774987e-23
222,4.013801576311462e-23
223,2.4008159173765316e-23
224,1.4327113178305715e-23
225,8.530124870656173e-24
226,5.066977235249648e-24
227,3.0028897305284616e-24
228,1.775524557915231e-24
229,1.0473958520605897e-24
230,6.164415205128772e-25
231,3.619676711419813e-25
232,2.1205306369731554e-25
233,1.2394133979447706e-25
234,7.227443226515094e-26
235,4.2048456494546387e-26
236,2.4406881651625884e-26
237,1.4134205435946302e-26
238,8.166338367038579e-27
239,4.707390312430249e-27
240,2.7072596789483824e-27
241,1.5533756323583921e-27
242,8.892419215362428e-28
243,5.078789768646652e-28
244,2.8939925636744917e-28
245,1.6452483082123776e-28
246,9.331734245302477e-29
247,5.280683501344623e-29
248,2.981362486355773e-29
249,1.6793309558923123e-29
250,9.437450177626547e-30
251,5.291391769375016e-30
252,2.9599340196905236e-30
253,1.6519276036735443e-30
254,9.198073117996103e-31
