507.44156350630715,6.198346047394573e-44
507.54156350630717,8.670920146773688e-44
507.6415635063072,1.2122847774623467e-43
507.7415635063072,1.6939251423568682e-43
507.84156350630724,2.3655594867674327e-43
507.94156350630726,3.3015937257105312e-43
508.0415635063073,4.6053589398080014e-43
508.1415635063073,6.420272120747796e-43
508.24156350630733,8.945270632712568e-43
508.34156350630735,1.245614428192861e-42
508.4415635063074,1.7335001081024198e-42
508.5415635063074,2.411094393994632e-42
508.6415635063074,3.351619053865462e-42
508.74156350630744,4.6563453709329535e-42
508.84156350630747,6.465257358722779e-42
508.9415635063075,8.971737254633161e-42
509.0415635063075,1.24427785758755e-41
509.14156350630753,1.7246790833621618e-41
509.24156350630756,2.389182456789298e-41
509.3415635063076,3.307809081561185e-41
509.4415635063076,4.577007778511593e-41
509.5415635063076,6.329551867146066e-41
509.64156350630765,8.748112769345743e-41
509.74156350630767,1.2083865417882909e-40
509.8415635063077,1.6681975689022662e-40
509.9415635063077,2.3016494805950956e-40
510.04156350630774,3.1738104376916513e-40
510.14156350630776,4.373940591323946e-40
510.2415635063078,6.024414887953496e-40
510.3415635063078,8.292910216040561e-40
510.44156350630783,1.1409041269148777e-39
510.54156350630785,1.5687055602776735e-39
510.6415635063079,2.15567764492133e-39
510.7415635063079,2.9605765662856296e-39
510.8415635063079,4.063674126427712e-39
510.94156350630794,5.574572236957253e-39
511.04156350630797,7.642832092210857e-39
511.141563506308,1.0472423263449269e-38
511.241563506308,1.4341353874760174e-38
511.34156350630803,1.9628323852227974e-38
511.44156350630806,2.684889242442934e-38
511.5415635063081,3.6704527010989967e-38
511.6415635063081,5.01490818666283e-38
511.7415635063081,6.847884677350479e-38
511.84156350630815,9.345445018709814e-38
511.94156350630817,1.2746578732622753e-37
512.0415635063082,1.7375502616262635e-37
512.1415635063082,2.3671796392961084e-37
512.2415635063082,3.223110199366998e-37
512.3415635063083,4.386005676901974e-37
512.4415635063083,5.965039469926194e-37
512.5415635063083,8.107884458564748e-37
512.6415635063083,1.1014172598423816e-36
512.7415635063084,1.495361867669931e-36
512.8415635063084,2.0290410008924633e-36
512.9415635063084,2.7516008903923874e-36
513.0415635063084,3.729324350804777e-36
513.1415635063084,5.051553650102851e-36
513.2415635063085,6.838642167958578e-36
513.3415635063085,9.252623427493902e-36
513.4415635063085,1.251151761576126e-35
513.5415635063085,1.6908504347357553e-35
513.6415635063086,2.2837601602687994e-35
513.7415635063086,3.0828038220169423e-35
513.8415635063086,4.1590235758808367e-35
513.9415635063086,5.607728422030612e-35
514.0415635063086,7.556708347260149e-35
514.1415635063087,1.017720320490616e-34
514.2415635063087,1.3698541457416883e-34
514.3415635063087,1.8427664979453422e-34
514.4415635063087,2.477515526691497e-34
514.5415635063088,3.3289905244876163e-34
514.6415635063088,4.470528113294218e-34
514.7415635063088,6.000054550705462e-34
514.8415635063088,8.048253825025951e-34
514.9415635063089,1.0789423191507076e-33
515.0415635063089,1.4455891766377396e-33
515.1415635063089,1.9357160249658642e-33
515.2415635063089,2.5905292488011557e-33
515.341563506309,3.464858091051362e-33
515.441563506309,4.6316155276097e-33
515.541563506309,6.187705672518569e-33
515.641563506309,8.261842115015384e-33
515.741563506309,1.1024889165797363e-32
515.8415635063091,1.470353197280765e-32
515.9415635063091,1.9598336294185623e-32
516.0415635063091,2.6107593267215364e-32
516.1415635063091,3.4758783460210144e-32
516.2415635063091,4.6250070063754175e-32
516.3415635063092,6.150498532930522e-32
516.4415635063092,8.174446216204575e-32
516.5415635063092,1.0858165564400484e-31
516.6415635063092,1.4414669038286296e-31
516.7415635063093,1.9125068027045967e-31
516.8415635063093,2.536012553492106e-31
516.9415635063093,3.360856012942311e-31
517.0415635063093,4.451419372803038e-31
517.1415635063094,5.892467741604349e-31
517.2415635063094,7.7955365659175e-31
517.3415635063094,1.0307299832538347e-30
517.4415635063094,1.3620526746727104e-30
517.5415635063094,1.798841897846055e-30
517.6415635063095,2.3743360289274067e-30
517.7415635063095,3.1321421803543153e-30
517.8415635063095,4.129437058466449e-30
517.9415635063095,5.4411453932714495e-30
518.0415635063096,7.165391233882014e-30
518.1415635063096,9.430605600376851e-30
518.2415635063096,1.2404788218642351e-29
518.3415635063096,1.6307568935325554e-29
518.4415635063096,2.1425905700533543e-29
518.5415635063097,2.8134503313362206e-29
518.6415635063097,3.692235665625437e-29
518.7415635063097,4.842723473592129e-29
518.8415635063097,6.348045427534708e-29
518.9415635063098,8.316497824445962e-29
519.0415635063098,1.0889075969755513e-28
519.1415635063098,1.4249239118875066e-28
519.2415635063098,1.8635558738628755e-28
519.3415635063099,2.4358091619594054e-28
519.4415635063099,3.1819562064215537e-28
519.5415635063099,4.154274920565658e-28
519.6415635063099,5.420587592556304e-28
519.74156350631,7.068830968098e-28
519.84156350631,9.212954454511033e-28
519.94156350631,1.2000527839289047e-27
520.04156350631,1.5622548103971439e-27
520.14156350631,2.0326073405314396e-27
520.2415635063101,2.6430489468286376e-27
520.3415635063101,3.4348440152587974e-27
520.4415635063101,4.461274337940878e-27
520.5415635063101,5.7910983178861504e-27
520.6415635063101,7.512994024279915e-27
520.7415635063102,9.741262484748755e-27
520.8415635063102,1.262314426229118e-26
520.9415635063102,1.6348200011819216e-26
521.0415635063102,2.1160330012105737e-26
521.1415635063103,2.7373165800090915e-26
521.2415635063103,3.538976807807387e-26
521.3415635063103,4.572782050621583e-26
521.4415635063103,5.905183334973402e-26
521.5415635063104,7.621428255764366e-26
521.6415635063104,9.830813185193499e-26
521.7415635063104,1.2673384699755316e-25
521.8415635063104,1.6328484940849363e-25
521.9415635063104,2.102564169905952e-25
522.0415635063105,2.7058438200365473e-25
522.1415635063105,3.480216721943956e-25
522.2415635063105,4.473628848635061e-25
522.3415635063105,5.747297899383423e-25
522.4415635063106,7.379340732664803e-25
522.5415635063106,9.469379381225423e-25
522.6415635063106,1.2144386107160598e-24
522.7415635063106,1.5566096318034823e-24
522.8415635063106,1.994040421452432e-24
522.9415635063107,2.5529264283441608e-24
523.0415635063107,3.266575782607887e-24
523.1415635063107,4.1773154669697614e-24
523.2415635063107,5.338901485631776e-24
523.3415635063108,6.819564443277098e-24
523.4415635063108,8.705855719785277e-24
523.5415635063108,1.1107501750182307e-23
523.6415635063108,1.416352692552184e-23
523.7415635063109,1.804997197307826e-23
523.8415635063109,2.2989617656547107e-23
523.9415635063109,2.9264227366877035e-23
524.0415635063109,3.722995175742278e-23
524.141563506311,4.733670035458718e-23
524.241563506311,6.015248691795646e-23
524.341563506311,7.639400699534464e-23
524.441563506311,9.696501972071853e-23
524.541563506311,1.2300449642930952e-22
524.6415635063111,1.559469846749325e-22
524.7415635063111,1.9759824069252424e-22
524.8415635063111,2.502299346445742e-22
524.9415635063111,3.1669816620150985e-22
525.0415635063111,4.0059168644575303e-22
525.1415635063112,5.064171592018303e-22
525.2415635063112,6.398305765848948e-22
525.3415635063112,8.079261510420835e-22
525.4415635063112,1.0195967394514224e-21
525.5415635063113,1.285983237031247e-21
525.6415635063113,1.6210345612843523e-21
525.7415635063113,2.042205015019052e-21
525.8415635063113,2.571322201188121e-21
525.9415635063114,3.235666541379081e-21
526.0415635063114,4.0693131683649384e-21
526.1415635063114,5.114798942971549e-21
526.2415635063114,6.425192103337569e-21
526.3415635063114,8.066660222974651e-21
526.4415635063115,1.0121654506721695e-20
526.5415635063115,1.269285593680449e-20
526.6415635063115,1.5908062550640482e-20
526.7415635063115,1.9926238599030586e-20
526.8415635063116,2.4944997219884933e-20
526.9415635063116,3.1209850668218294e-20
527.0415635063116,3.9025638626147194e-20
527.1415635063116,4.8770638792312947e-20
527.2415635063116,6.091397860939673e-20
527.3415635063117,7.603710724110665e-20
527.4415635063117,9.486025835840351e-20
527.5415635063117,1.182750437421835e-19
527.6415635063117,1.4738457341290292e-19
527.7415635063118,1.8355280997028546e-19
527.8415635063118,2.2846524520480917e-19
527.9415635063118,2.842034505259272e-19
528.0415635063118,3.533366171308979e-19
528.1415635063119,4.390338886311104e-19
528.2415635063119,5.4520212406912335e-19
528.3415635063119,6.766547443156709e-19
528.4415635063119,8.3931854765338e-19
528.541563506312,1.040486876675171e-18
528.641563506312,1.2891293335902444e-18
528.741563506312,1.5962704410597672e-18
528.841563506312,1.9754523107352294e-18
528.941563506312,2.443299607929082e-18
529.0415635063121,3.020209003937564e-18
529.1415635063121,3.7311900263654865e-18
529.2415635063121,4.6068899191246665e-18
529.3415635063121,5.6848420076459945e-18
529.4415635063121,7.010985371085338e-18
529.5415635063122,8.64151363923878e-18
529.6415635063122,1.0645122801492938e-17
529.7415635063122,1.3105742449939714e-17
529.8415635063122,1.612585237079012e-17
529.9415635063123,1.9830507435205918e-17
530.0415635063123,2.4372219024405032e-17
530.1415635063123,2.993687159162152e-17
530.2415635063123,3.675088941338182e-17
530.3415635063124,4.508991230385096e-17
530.4415635063124,5.528929147454299e-17
530.5415635063124,6.775677950197694e-17
530.6415635063124,8.298786352063715e-17
530.7415635063124,1.0158428066716263e-16
530.8415635063125,1.242763622889739e-16
530.9415635063125,1.5194998184792746e-16
531.0415635063125,1.8567903477045715e-16
531.1415635063125,2.267645614273127e-16
531.2415635063126,2.7678184254151745e-16
531.3415635063126,3.376370562156652e-16
531.4415635063126,4.116353952337831e-16
531.5415635063126,5.015629115369606e-16
531.6415635063127,6.107847926669506e-16
531.7415635063127,7.433632953415107e-16
531.8415635063127,9.04199179288326e-16
531.9415635063127,1.0992012178290615e-15
532.0415635063127,1.335489231436435e-15
532.1415635063128,1.6216371212451167e-15
532.2415635063128,1.9679636002709006e-15
532.3415635063128,2.3868797649305237e-15
532.4415635063128,2.8933043583250786e-15
532.5415635063129,3.5051595965314595e-15
532.6415635063129,4.243962814784119e-15
532.7415635063129,5.135532006275555e-15
532.8415635063129,6.210826647678298e-15
532.941563506313,7.506949120475173e-15
533.041563506313,9.068336648720279e-15
533.141563506313,1.0948179102156373e-14
533.241563506313,1.3210104398964137e-14
533.341563506313,1.5930180748401637e-14
533.4415635063131,1.9199293790813674e-14
533.5415635063131,2.312596704288815e-14
533.6415635063131,2.7839706197831914e-14
533.7415635063131,3.349496206354664e-14
533.8415635063132,4.027582359568255e-14
533.9415635063132,4.840157200153113e-14
534.0415635063132,5.813324972475489e-14
534.1415635063132,6.978142481439965e-14
534.2415635063132,8.371536236504547e-14
534.3415635063133,1.0037385111823263e-13
534.4415635063133,1.2027797578246453e-13
534.5415635063133,1.4404617513564724e-13
534.6415635063133,1.7241198364614564e-13
534.7415635063134,2.0624492148646215e-13
534.8415635063134,2.4657507591542366e-13
534.9415635063134,2.946220077971893e-13
535.0415635063134,3.518287224959225e-13
535.1415635063134,4.1990156681987714e-13
535.2415635063135,5.00857055715834e-13
535.3415635063135,5.97076797052591e-13
535.4415635063135,7.113718735441399e-13
535.5415635063135,8.470582616215215e-13
535.6415635063136,1.0080451224179407e-12
535.7415635063136,1.1989380951955678e-12
535.8415635063136,1.4251600644753158e-12
535.9415635063136,1.6930922656467135e-12
536.0415635063137,2.0102390477168607e-12
536.1415635063137,2.3854201349867586e-12
536.2415635063137,2.8289948319493988e-12
536.3415635063137,3.3531233091267535e-12
536.4415635063137,3.972070905041385e-12
536.5415635063138,4.70256229599882e-12
536.6415635063138,5.5641934378265884e-12
536.7415635063138,6.5799103914692805e-12
536.8415635063138,7.776565529266265e-12
536.9415635063139,9.185563205665184e-12
537.0415635063139,1.0843608793165632e-11
537.1415635063139,1.2793577063274611e-11
537.2415635063139,1.5085518269185878e-11
537.341563506314,1.77778230024381e-11
537.441563506314,2.0938569995895426e-11
537.541563506314,2.464708458182207e-11
537.641563506314,2.899573954498729e-11
537.741563506314,3.409203470237717e-11
537.8415635063141,4.0060996767199105e-11
537.9415635063141,4.704794699858645e-11
538.0415635063141,5.522169089315753e-11
538.1415635063141,6.477819184516873e-11
538.2415635063142,7.594479940591442e-11
538.3415635063142,8.898511264192671e-11
538.4415635063142,1.0420457027267173e-10
538.5415635063142,1.2195687192658892e-10
538.6415635063142,1.42651349173403e-10
538.7415635063143,1.667614211760261e-10
538.8415635063143,1.9483428808601038e-10
538.9415635063143,2.275020359374306e-10
539.0415635063143,2.65494350059131e-10
539.1415635063144,3.096530602400365e-10
539.2415635063144,3.6094877039725745e-10
539.3415635063144,4.2049985870097297e-10
539.4415635063144,4.895941714349036e-10
539.5415635063144,5.697137757940393e-10
539.6415635063145,6.625631838707913e-10
539.7415635063145,7.70101512840882e-10
539.8415635063145,8.945791054759732e-10
539.9415635063145,1.038579201292803e-09
540.0415635063146,1.2050653226822162e-09
540.1415635063146,1.397435123108943e-09
540.2415635063146,1.6195815368828538e-09
540.3415635063146,1.875962173117258e-09
540.4415635063147,2.1716780114526873e-09
540.5415635063147,2.512562585188995e-09
540.6415635063147,2.9052829800065485e-09
540.7415635063147,3.3574541349689015e-09
540.8415635063147,3.877768108623976e-09
540.9415635063148,4.476140168545931e-09
541.0415635063148,5.163873779534409e-09
541.1415635063148,5.953846806032501e-09
541.2415635063148,6.860721510444954e-09
541.3415635063149,7.901181223437531e-09
541.4415635063149,9.094196887690939e-09
541.5415635063149,1.0461327035909497e-08
541.6415635063149,1.2027055160323964e-08
541.741563506315,1.3819168867916907e-08
541.841563506315,1.5869185696838015e-08
541.941563506315,1.8212830998965136e-08
542.041563506315,2.0890573875586174e-08
542.141563506315,2.3948227792351554e-08
542.2415635063151,2.7437623200909008e-08
542.3415635063151,3.141736026329001e-08
542.4415635063151,3.5953650616823944e-08
542.5415635063151,4.112125803815965e-08
542.6415635063152,4.7004548871319186e-08
542.7415635063152,5.369866418343966e-08
542.8415635063152,6.131082681026271e-08
542.9415635063152,6.996179775921941e-08
543.0415635063152,7.978749785928273e-08
543.1415635063153,9.094081209226357e-08
543.2415635063153,1.0359359571896092e-07
543.3415635063153,1.1793890313510921e-07
543.4415635063153,1.3419346236643267e-07
543.5415635063154,1.526004202497455e-07
543.6415635063154,1.734323856589632e-07
543.7415635063154,1.9699480063242112e-07
543.8415635063154,2.236296719529664e-07
543.9415635063154,2.5371969863706723e-07
544.0415635063155,2.8769283391640194e-07
544.1415635063155,3.2602732365801256e-07
544.2415635063155,3.6925726678048876e-07
544.3415635063155,4.1797874709743626e-07
544.4415635063156,4.728565901694611e-07
544.5415635063156,5.346318031861267e-07
544.6415635063156,6.041297606439015e-07
544.7415635063156,6.822692036490461e-07
544.8415635063157,7.700721260697812e-07
544.9415635063157,8.686746265036956e-07
545.0415635063157,9.793388111276821e-07
545.1415635063157,1.1034658389718145e-06
545.2415635063157,1.242610208017948e-06
545.3415635063158,1.3984953877801107e-06
545.4415635063158,1.5730309116877844e-06
545.5415635063158,1.7683310506746516e-06
545.6415635063158,1.9867351978824377e-06
545.7415635063159,2.230830103329266e-06
545.8415635063159,2.503474106769025e-06
545.9415635063159,2.807823526786085e-06
546.0415635063159,3.147361374428379e-06
546.141563506316,3.5259285703798838e-06
546.241563506316,3.9477578558059025e-06
546.341563506316,4.417510598562716e-06
546.441563506316,4.94031670843626e-06
546.541563506316,5.5218178874457735e-06
546.6415635063161,6.168214453999163e-06
546.7415635063161,6.886315992791022e-06
546.8415635063161,7.683596095763452e-06
546.9415635063161,8.568251473167891e-06
547.0415635063162,9.549265727732722e-06
547.1415635063162,1.063647809910743e-05
547.2415635063162,1.1840657500068485e-05
547.3415635063162,1.3173582180369164e-05
547.4415635063162,1.4648125368530875e-05
547.5415635063163,1.627834725622615e-05
547.6415635063163,1.807959370411211e-05
547.7415635063163,2.0068602061938625e-05
547.8415635063163,2.2263614509381284e-05
547.9415635063164,2.4684499337215134e-05
548.0415635063164,2.735288060103538e-05
548.1415635063164,3.0292276591609937e-05
548.2415635063164,3.352824757697144e-05
548.3415635063164,3.708855328137653e-05
548.4415635063165,4.100332057510501e-05
548.5415635063165,4.5305221856576195e-05
548.6415635063165,5.0029664614229866e-05
548.7415635063165,5.5214992659868824e-05
548.8415635063166,6.090269952747581e-05
548.9415635063166,6.713765453168722e-05
549.0415635063166,7.396834197790558e-05
549.1415635063166,8.144711401122485e-05
549.2415635063167,8.963045758368219e-05
549.3415635063167,9.857927600859936e-05
549.4415635063167,0.00010835918555665083
549.5415635063167,0.00011904082753057019
549.6415635063167,0.000130700196233768
549.7415635063168,0.00014341898322235287
549.8415635063168,0.00015728493819981278
549.9415635063168,0.00017239224687868413
550.0415635063168,0.0001888419260936081
550.1415635063169,0.00020674223640500082
550.2415635063169,0.0002262091123818666
550.3415635063169,0.00024736661069581835
550.4415635063169,0.0002703473760958698
550.541563506317,0.0002952931252648239
550.641563506317,0.0003223551484828527
550.741563506317,0.00035169482894196455
550.841563506317,0.0003834841794663112
550.941563506317,0.0004179063962975204
551.0415635063171,0.00045515642950134624
551.1415635063171,0.0004954415694418158
551.2415635063171,0.0005389820486516251
551.3415635063171,0.0005860116583028296
551.4415635063172,0.0006367783783498557
551.5415635063172,0.0006915450202776149
551.6415635063172,0.000750589881241172
551.7415635063172,0.0008142074082301025
551.8415635063172,0.0008827088707306917
551.9415635063173,0.0009564230401926674
552.0415635063173,0.00103569687443461
552.1415635063173,0.0011208962049440148
552.2415635063173,0.0012124064248445247
552.3415635063174,0.0013106331751148376
552.4415635063174,0.0014160030264517062
552.5415635063174,0.0015289641539740814
552.6415635063174,0.0016499870017675452
552.7415635063174,0.0017795649340685673
552.8415635063175,0.001918214869687826
552.9415635063175,0.0020664778960718003
553.0415635063175,0.002224919859203167
553.1415635063175,0.002394131925344449
553.2415635063176,0.0025747311104370924
553.3415635063176,0.002767360772781013
553.4415635063176,0.0029726910644390005
553.5415635063176,0.0031914193366378773
553.6415635063177,0.003424270494275161
553.7415635063177,0.0036719972944881728
553.8415635063177,0.003935380584103319
553.9415635063177,0.004215229470658648
554.0415635063177,0.004512381421584399
554.1415635063178,0.004827702286035572
554.2415635063178,0.005162086233799994
554.3415635063178,0.005516455605655948
554.4415635063178,0.005891760669527551
554.5415635063179,0.006288979276785182
554.6415635063179,0.006709116413064319
554.7415635063179,0.0071532036380304665
554.8415635063179,0.007622298408602779
554.941563506318,0.008117483280265344
555.041563506318,0.008639864981244942
555.141563506318,0.00919057335451862
555.241563506318,0.009770760162834879
555.341563506318,0.01038159775219013
555.4415635063181,0.011024277569497816
555.5415635063181,0.011700008530522731
555.6415635063181,0.01241001523452782
555.7415635063181,0.013155536022495754
555.8415635063182,0.013937820876243132
555.9415635063182,0.014758129156241568
556.0415635063182,0.015617727176496296
556.1415635063182,0.016517885615410018
556.2415635063182,0.017459876762175395
556.3415635063183,0.018444971598894497
556.4415635063183,0.01947443671931473
556.5415635063183,0.020549531085798513
556.6415635063183,0.021671502626904583
556.7415635063184,0.022841584678752132
556.8415635063184,0.02406099227416054
556.9415635063184,0.025330918284406166
557.0415635063184,0.026652529419309887
557.1415635063184,0.028026962092260486
557.2415635063185,0.02945531815768815
557.3415635063185,0.030938660529422648
557.4415635063185,0.03247800868930048
557.5415635063185,0.03407433409631762
557.6415635063186,0.03572855550755648
557.7415635063186,0.03744153422304203
557.8415635063186,0.03921406926759564
557.9415635063186,0.04104689252365392
558.0415635063187,0.04294066382989527
558.1415635063187,0.04489596606136448
558.2415635063187,0.04691330020759998
558.3415635063187,0.04899308046604273
558.4415635063187,0.0511356293687344
558.5415635063188,0.053341172960989794
558.6415635063188,0.05560983605134863
558.7415635063188,0.057941637552667756
558.8415635063188,0.06033648593470327
558.9415635063189,0.06279417480894395
559.0415635063189,0.06531437866679154
559.1415635063189,0.06789664879243054
559.2415635063189,0.07054040937188835
559.341563506319,0.07324495381985065
559.441563506319,0.07600944134576072
559.541563506319,0.0788328937805955
559.641563506319,0.08171419268546642
559.741563506319,0.08465207676284271
559.8415635063191,0.08764513959073233
559.9415635063191,0.09069182769958066
560.0415635063191,0.0937904390109592
560.1415635063191,0.09693912165631431
560.2415635063192,0.10013587319312979
560.3415635063192,0.1033785402348276
560.4415635063192,0.10666481850959153
560.5415635063192,0.10999225336204724
560.6415635063192,0.1133582407103767
560.7415635063193,0.11676002846998623
560.8415635063193,0.12019471845328908
560.9415635063193,0.12365926875351421
561.0415635063193,0.12715049661871436
561.1415635063194,0.13066508182032702
561.2415635063194,0.13419957051875125
561.3415635063194,0.13775037962644146
561.4415635063194,0.1413138016670063
561.5415635063194,0.1448860101267336
561.6415635063195,0.1484630652928582
561.7415635063195,0.1520409205707577
561.8415635063195,0.15561542927010807
561.9415635063195,0.1591823518478705
562.0415635063196,0.16273736359382526
562.1415635063196,0.16627606274222517
562.2415635063196,0.16979397899102572
562.3415635063196,0.17328658240806935
562.4415635063197,0.17674929270157377
562.5415635063197,0.18017748883030546
562.6415635063197,0.18356651892692544
562.7415635063197,0.18691171050618252
562.8415635063197,0.1902083809279155
562.9415635063198,0.1934518480832154
563.0415635063198,0.1966374412706074
563.1415635063198,0.199760512227746
563.2415635063198,0.20281644628288734
563.3415635063199,0.20580067358931792
563.4415635063199,0.20870868040498666
563.5415635063199,0.21153602037881594
563.6415635063199,0.21427832580456194
563.74156350632,0.2169313188026621
563.84156350632,0.2194908223902521
563.94156350632,0.22195277139946062
564.04156350632,0.22431322320419814
564.14156350632,0.2265683682159525
564.2415635063201,0.22871454010958328
564.3415635063201,0.2307482257407742
564.4415635063201,0.23266607471765394
564.5415635063201,0.23446490859012895
564.6415635063202,0.23614172962168167
564.7415635063202,0.23769372910977404
564.8415635063202,0.23911829522254763
564.9415635063202,0.2404130203212261
565.0415635063202,0.24157570773949244
565.1415635063203,0.24260437799312654
565.2415635063203,0.2434972743953352
565.3415635063203,0.2442528680554793
565.4415635063203,0.24486986224128918
565.5415635063204,0.24534719608714736
565.6415635063204,0.24568404763359505
565.7415635063204,0.24587983618587286
565.8415635063204,0.24593489128420287
565.9415635063204,0.24590921667363885
566.0415635063205,0.2458418505398899
566.1415635063205,0.24573282714750452
566.2415635063205,0.24558220193596764
566.3415635063205,0.24539005147271725
566.4415635063206,0.245156473388279
566.5415635063206,0.2448815862935949
566.6415635063206,0.2445655296796448
566.7415635063206,0.2442084637994791
566.8415635063207,0.24381056953280306
566.9415635063207,0.2433720482332716
567.0415635063207,0.24289312155867662
567.1415635063207,0.24237403128422613
567.2415635063207,0.24181503909913607
567.3415635063208,0.24121642638677399
567.4415635063208,0.24057849398861328
567.5415635063208,0.23990156195227533
567.6415635063208,0.23918596926395475
567.7415635063209,0.23843207356554091
567.8415635063209,0.23764025085676613
567.9415635063209,0.23681089518272794
568.0415635063209,0.2359444183071488
568.141563506321,0.23504124937175222
568.241563506321,0.23410183454215022
568.341563506321,0.23312663664065045
568.441563506321,0.23211613476640616
568.541563506321,0.23107082390334555
568.6415635063211,0.22999121451632862
568.7415635063211,0.22887783213599355
568.8415635063211,0.22773121693276388
568.9415635063211,0.22655192328050036
569.0415635063212,0.22534051931028967
569.1415635063212,0.22409758645487302
569.2415635063212,0.22282371898422448
569.3415635063212,0.2215195235327983
569.4415635063212,0.2201856186189704
569.5415635063213,0.21882263415720588
569.6415635063213,0.21743121096349005
569.7415635063213,0.21601200025456532
569.8415635063213,0.21456566314151962
569.9415635063214,0.21309287011827643
570.0415635063214,0.21159430054553796
570.1415635063214,0.21007064213073526
570.2415635063214,0.20852259040453983
570.3415635063214,0.20695084819449186
570.4415635063215,0.20535612509629914
570.5415635063215,0.2037391369433595
570.6415635063215,0.2021006052750585
570.7415635063215,0.2004412568043898
570.8415635063216,0.1987618228854436
570.9415635063216,0.1970630389813034
571.0415635063216,0.19534564413288694
571.1415635063216,0.19361038042926187
571.2415635063217,0.191857992479959
571.3415635063217,0.1900892268898019
571.4415635063217,0.18830483173676058
571.5415635063217,0.18650555605333194
571.6415635063217,0.18469214931193928
571.7415635063218,0.18286536091483374
571.8415635063218,0.18102593968897202
571.9415635063218,0.17917463338633222
572.0415635063218,0.1773121881901209
572.1415635063219,0.17543934822731147
572.2415635063219,0.17355685508794222
572.3415635063219,0.17166544735159062
572.4415635063219,0.16976586012142741
572.541563506322,0.16785882456624013
572.641563506322,0.16594506747080273
572.741563506322,0.16402531079495433
572.841563506322,0.16210027124173465
572.941563506322,0.16017065983490986
573.0415635063221,0.15823718150620797
573.1415635063221,0.15630053469256666
573.2415635063221,0.15436141094368194
573.3415635063221,0.15242049454013032
573.4415635063222,0.1504784621223206
573.5415635063222,0.14853598233051696
573.6415635063222,0.14659371545615707
573.7415635063222,0.1446523131046746
573.8415635063222,0.14271241787001784
573.9415635063223,0.1407746630210409
574.0415635063223,0.13883967219992688
574.1415635063223,0.13690805913278636
574.2415635063223,0.13498042735255886
574.3415635063224,0.13305736993432732
574.4415635063224,0.13113946924314104
574.5415635063224,0.12922729669442506
574.6415635063224,0.12732141252703935
574.7415635063224,0.1254223655890342
574.8415635063225,0.12353069313613313
574.9415635063225,0.12164692064295937
575.0415635063225,0.11977156162700615
575.1415635063225,0.11790511748533651
575.2415635063226,0.11604807734398338
575.3415635063226,0.11420091792000614
575.4415635063226,0.11236410339614557
575.5415635063226,0.11053808530800552
575.6415635063227,0.10872330244367572
575.7415635063227,0.10692018075569662
575.8415635063227,0.10512913328525508
575.9415635063227,0.10335056009848614
576.0415635063227,0.10158484823474465
576.1415635063228,0.09983237166669824
576.2415635063228,0.0980934912720822
576.3415635063228,0.09636855481694515
576.4415635063228,0.09465789695020461
576.5415635063229,0.09296183920932051
576.6415635063229,0.09128069003688588
576.7415635063229,0.08961474480792396
576.8415635063229,0.08796428586767237
576.941563506323,0.08632958257962683
577.041563506323,0.08471089138360845
577.141563506323,0.08310845586361194
577.241563506323,0.08152250682518386
577.341563506323,0.0799532623820753
577.4415635063231,0.07840092805190525
577.5415635063231,0.0768656968605669
577.6415635063231,0.0753477494551032
577.7415635063231,0.07384725422477376
577.8415635063232,0.0723643674300304
577.9415635063232,0.07089923333911563
578.0415635063232,0.06945198437199442
578.1415635063232,0.06802274125132718
578.2415635063232,0.06661161316018951
578.3415635063233,0.06521869790624196
578.4415635063233,0.06384408209205183
578.5415635063233,0.06248784129126816
578.6415635063233,0.061150040230349895
578.7415635063234,0.059830732975547474
578.8415635063234,0.05852996312483791
578.9415635063234,0.0572477640045143
579.0415635063234,0.055984158870131376
579.1415635063235,0.054739161111510386
579.2415635063235,0.053512774461507956
579.3415635063235,0.052304993208255914
579.4415635063235,0.05111580241058146
579.5415635063235,0.049945178116319454
579.6415635063236,0.048793087583232406
579.7415635063236,0.047659489502256444
579.8415635063236,0.04654433422279542
579.9415635063236,0.045447563979789565
580.0415635063237,0.04436911312228913
580.1415635063237,0.04330890834326787
580.2415635063237,0.04226686891041633
580.3415635063237,0.04124290689765944
580.4415635063237,0.04023692741714867
580.5415635063238,0.039248828851484
580.6415635063238,0.03827850308592685
580.7415635063238,0.037325835740370815
580.8415635063238,0.036390706400843034
580.9415635063239,0.03547298885031537
581.0415635063239,0.03457255129861044
581.1415635063239,0.03368925661119452
581.2415635063239,0.032822962536655335
581.341563506324,0.03197352193266988
581.441563506324,0.031140782990273577
581.541563506324,0.030324589456249787
581.641563506324,0.02952478085346428
581.741563506324,0.028741192698977708
581.8415635063241,0.027973656719774864
581.9415635063241,0.027222001065957107
582.0415635063241,0.02648605052125148
582.1415635063241,0.025765626710696612
582.2415635063242,0.025060548305373055
582.3415635063242,0.02437063122405243
582.4415635063242,0.023695688831646685
582.5415635063242,0.02303553213434629
582.6415635063242,0.022389969971342315
582.7415635063243,0.021758809203034968
582.8415635063243,0.02114185489563755
582.9415635063243,0.02053891050209171
583.0415635063243,0.019949778039216534
583.1415635063244,0.019374258261020582
583.2415635063244,0.018812150828112547
583.3415635063244,0.01826325447315252
583.4415635063244,0.01772736716229219
583.5415635063245,0.017204286252558636
583.6415635063245,0.016693808645142038
583.7415635063245,0.016195730934554186
583.8415635063245,0.01570984955362979
583.9415635063245,0.015235960914348754
584.0415635063246,0.014773861544463187
584.1415635063246,0.01432334821991763
584.2415635063246,0.013884218093057258
584.3415635063246,0.013456268816622872
584.4415635063247,0.013039298663537301
584.5415635063247,0.012633106642492042
584.6415635063247,0.012237492609347868
584.7415635063247,0.011852257374367604
584.8415635063247,0.011477202805303352
584.9415635063248,0.011112131926364946
585.0415635063248,0.010756849013100077
585.1415635063248,0.010411159683220473
585.2415635063248,0.010074870983412188
585.3415635063249,0.009747791472171453
585.4415635063249,0.009429731298710923
585.5415635063249,0.009120502277984298
585.6415635063249,0.008819917961880145
585.741563506325,0.008527793706638778
585.841563506325,0.008243946736548524
585.941563506325,0.007968196203980309
586.041563506325,0.007700363245821684
586.141563506325,0.0074402710363738215
586.2415635063251,0.0071877448367766985
586.3415635063251,0.006942612041029908
586.4415635063251,0.006704702218677869
586.5415635063251,0.006473847154230118
586.6415635063252,0.006249880883388496
586.7415635063252,0.0060326397261544614
586.8415635063252,0.005821962316890868
586.9415635063252,0.005617689631413479
587.0415635063252,0.005419665011188362
587.1415635063253,0.005227734184712095
587.2415635063253,0.005041745286152214
587.3415635063253,0.004861548871325853
587.4415635063253,0.004686997931094858
587.5415635063254,0.004517947902255932
587.6415635063254,0.004354256676004419
587.7415635063254,0.004195784604050388
587.8415635063254,0.004042394502465618
587.9415635063255,0.003893951653339749
588.0415635063255,0.0037503238043238205
588.1415635063255,0.003611381166138719
588.2415635063255,0.0034769964081258855
588.3415635063255,0.003347044651916837
588.4415635063256,0.0032214034632975586
588.5415635063256,0.003099952842343036
588.6415635063256,0.0029825752118964243
588.7415635063256,0.0028691554044664967
588.8415635063257,0.0027595806476160643
588.9415635063257,0.0026537405479130885
589.0415635063257,0.002551527073515147
589.1415635063257,0.0024528345354568326
589.2415635063257,0.0023575595677084813
589.3415635063258,0.0022656011060734533
589.4415635063258,0.002176860365989926
589.5415635063258,0.0020912408193019083
589.6415635063258,0.002008648170062838
589.7415635063259,0.0019289903294337587
589.8415635063259,0.0018521773897367518
589.9415635063259,0.0017781215977228449
590.0415635063259,0.0017067373271121675
590.141563506326,0.0016379410504627602
590.241563506326,0.0015716513104228702
590.341563506326,0.0015077886904201578
590.441563506326,0.0014462757848397335
590.541563506326,0.0013870371687414076
590.6415635063261,0.0013299993671650634
590.7415635063261,0.0012750908240715462
590.8415635063261,0.001222241870964932
590.9415635063261,0.0011713846952405398
591.0415635063262,0.0011224533083015423
591.1415635063262,0.0010753835134855202
591.2415635063262,0.0010301128738408106
591.3415635063262,0.0009865806797910315
591.4415635063262,0.0009447279167246433
591.5415635063263,0.0009044972325450049
591.6415635063263,0.0008658329052148815
591.7415635063263,0.0008286808103279682
591.8415635063263,0.0007929883887385433
591.9415635063264,0.0007587046142790062
592.0415635063264,0.0007257799615936505
592.1415635063264,0.0006941663741156813
592.2415635063264,0.0006638172322131529
592.3415635063265,0.0006346873215281977
592.4415635063265,0.0006067328015326227
592.5415635063265,0.0005799111743217065
592.6415635063265,0.0005541812536667829
592.7415635063265,0.000529503134346005
592.8415635063266,0.0005058381617714961
592.9415635063266,0.0004831489019299407
593.0415635063266,0.00046139911165256635
593.1415635063266,0.0004405537092293441
593.2415635063267,0.0004205787453812012
593.3415635063267,0.0004014413746029818
593.4415635063267,0.00038310982688890475
593.5415635063267,0.00036555337985127767
593.6415635063267,0.0003487423312422902
593.7415635063268,0.0003326479718877979
593.8415635063268,0.0003172425590411064
593.9415635063268,0.00030249929016393354
594.0415635063268,0.00028839227714088256
594.1415635063269,0.00027489652093297135
594.2415635063269,0.0002619878866750011
594.3415635063269,0.00024964307922080084
594.4415635063269,0.0002378396191396865
594.541563506327,0.00022655581916678513
594.641563506327,0.00021577076110923196
594.741563506327,0.00020546427320961933
594.841563506327,0.00019561690796748531
594.941563506327,0.00018620992041905817
595.0415635063271,0.00017722524687493658
595.1415635063271,0.0001686454841148652
595.2415635063271,0.0001604538690382796
595.3415635063271,0.00015263425876883025
595.4415635063272,0.00014517111121065357
595.5415635063272,0.00013804946605374828
595.6415635063272,0.00013125492622541662
595.7415635063272,0.00012477363978437053
