507.44156350630715,0.005668110495162872
507.54156350630717,0.005763857084476131
507.6415635063072,0.005861017521517379
507.7415635063072,0.005959608835052204
507.84156350630724,0.006059648190290915
507.94156350630726,0.006161152888779694
508.0415635063073,0.006264140368265978
508.1415635063073,0.0063686282025377655
508.24156350630733,0.006474634101236443
508.34156350630735,0.006582175909642682
508.4415635063074,0.006691271608434994
508.5415635063074,0.00680193931342063
508.6415635063074,0.006914197275238339
508.74156350630744,0.007028063879032551
508.84156350630747,0.007143557644098731
508.9415635063075,0.007260697223499326
509.0415635063075,0.007379501403650001
509.14156350630753,0.007499989103875763
509.24156350630756,0.007622179375936518
509.3415635063076,0.007746091403521736
509.4415635063076,0.007871744501713724
509.5415635063076,0.007999158116419228
509.64156350630765,0.008128351823768868
509.74156350630767,0.00825934532948408
509.8415635063077,0.008392158468211106
509.9415635063077,0.008526811202821725
510.04156350630774,0.008663323623680223
510.14156350630776,0.008801715947876352
510.2415635063078,0.008942008518423764
510.3415635063078,0.009084221803423604
510.44156350630783,0.009228376395192863
510.54156350630785,0.00937449300935714
510.6415635063079,0.009522592483907404
510.7415635063079,0.009672695778220365
510.8415635063079,0.009824823972042148
510.94156350630794,0.009978998264434833
511.04156350630797,0.010135239972685586
511.141563506308,0.010293570531177893
511.241563506308,0.010454011490224688
511.34156350630803,0.010616584514862866
511.44156350630806,0.01078131138360901
511.5415635063081,0.010948213987175805
511.6415635063081,0.01111731432714893
511.7415635063081,0.011288634514624024
511.84156350630815,0.011462196768803473
511.94156350630817,0.011638023415552525
512.0415635063082,0.01181613688591466
512.1415635063082,0.011996559714585617
512.2415635063082,0.012179314538346028
512.3415635063083,0.012364424094452164
512.4415635063083,0.01255191121898459
512.5415635063083,0.012741798845154372
512.6415635063083,0.012934110001566652
512.7415635063084,0.013128867810441147
512.8415635063084,0.01332609548578945
512.9415635063084,0.013525816331548757
513.0415635063084,0.013728053739671835
513.1415635063084,0.013932831188172911
513.2415635063085,0.014140172239129244
513.3415635063085,0.014350100536638186
513.4415635063085,0.014562639804729419
513.5415635063085,0.01477781384523223
513.6415635063086,0.014995646535597495
513.7415635063086,0.015216161826674268
513.8415635063086,0.015439383740440698
513.9415635063086,0.01566533636768909
514.0415635063086,0.01589404386566494
514.1415635063087,0.01612553045565979
514.2415635063087,0.01635982042055764
514.3415635063087,0.01659693810233482
514.4415635063087,0.01683690789951323
514.5415635063088,0.01707975426456661
514.6415635063088,0.017325501701279975
514.7415635063088,0.01757417476206184
514.8415635063088,0.017825798045209222
514.9415635063089,0.018080396192125422
515.0415635063089,0.018337993884490224
515.1415635063089,0.018598615841382754
515.2415635063089,0.018862286816356634
515.341563506309,0.019129031594467532
515.441563506309,0.019398874989253054
515.541563506309,0.019671841839664805
515.641563506309,0.01994795700695274
515.741563506309,0.020227245371501713
515.8415635063091,0.02050973182962023
515.9415635063091,0.020795441290281345
516.0415635063091,0.02108439867181585
516.1415635063091,0.02137662889855766
516.2415635063091,0.021672156897441487
516.3415635063092,0.02197100759455283
516.4415635063092,0.02227320591163038
516.5415635063092,0.022578776762520885
516.6415635063092,0.02288774504958655
516.7415635063093,0.023200135660065166
516.8415635063093,0.023515973462382916
516.9415635063093,0.023835283302420122
517.0415635063093,0.024158089999730056
517.1415635063094,0.02448441834371092
517.2415635063094,0.02481429308973115
517.3415635063094,0.02514773895520834
517.4415635063094,0.025484780615641845
517.5415635063094,0.02582544270059938
517.6415635063095,0.026169749789657665
517.7415635063095,0.02651772640829762
517.8415635063095,0.026869397023754203
517.9415635063095,0.027224786040821007
518.0415635063096,0.027583917797610293
518.1415635063096,0.027946816561268358
518.2415635063096,0.028313506523646746
518.3415635063096,0.028684011796929584
518.4415635063096,0.02905835640921751
518.5415635063097,0.029436564300068215
518.6415635063097,0.029818659315994353
518.7415635063097,0.030204665205918944
518.8415635063097,0.030594605616588895
518.9415635063098,0.030988504087946633
519.0415635063098,0.03138638404846095
519.1415635063098,0.03178826881041682
519.2415635063098,0.032194181565165084
519.3415635063099,0.032604145378332394
519.4415635063099,0.03301818318499177
519.5415635063099,0.033436317784794514
519.6415635063099,0.033858571837063714
519.74156350631,0.034284967855850196
519.84156350631,0.0347155282049513
519.94156350631,0.035150275092893
520.04156350631,0.03558923056787612
520.14156350631,0.036032416512687224
520.2415635063101,0.0364798546395747
520.3415635063101,0.036931566485090626
520.4415635063101,0.03738757340489951
520.5415635063101,0.03784789656855394
520.6415635063101,0.03831255695423825
520.7415635063102,0.03878157534348087
520.8415635063102,0.03925497231583592
520.9415635063102,0.03973276824353503
521.0415635063102,0.04021498328610971
521.1415635063103,0.040701637384985764
521.2415635063103,0.041192750258049644
521.3415635063103,0.04168834139418829
521.4415635063103,0.04218843004780287
521.5415635063104,0.042693035233297434
521.6415635063104,0.04320217571954325
521.7415635063104,0.04371587002431969
521.8415635063104,0.044234136408732604
521.9415635063104,0.044756992871611036
522.0415635063105,0.045284457143883246
522.1415635063105,0.045816546682932974
522.2415635063105,0.04635327866693666
522.3415635063105,0.046894669989183166
522.4415635063106,0.04744073725237618
522.5415635063106,0.04799149676292112
522.6415635063106,0.04854696452519672
522.7415635063106,0.04910715623581318
522.8415635063106,0.04967208727785723
522.9415635063107,0.050241772715125546
523.0415635063107,0.05081622728634731
523.1415635063107,0.051395465399397516
523.2415635063107,0.05197950112550137
523.3415635063108,0.052568348193431584
523.4415635063108,0.053162019983699335
523.5415635063108,0.053760529522740075
523.6415635063108,0.054363889477095535
523.7415635063109,0.0549721121475927
523.8415635063109,0.055585209463521586
523.9415635063109,0.056203192976812234
524.0415635063109,0.05682607385621283
524.141563506311,0.0574538628814698
524.241563506311,0.05808657043751108
524.341563506311,0.05872420650863428
524.441563506311,0.05936678067270027
524.541563506311,0.060014302095334184
524.6415635063111,0.060666779524134726
524.7415635063111,0.06132422128289312
524.8415635063111,0.061986635265823216
524.9415635063111,0.06265402893180387
525.0415635063111,0.06332640929863498
525.1415635063112,0.0640037829373087
525.2415635063112,0.06468615596629691
525.3415635063112,0.06537353404585661
525.4415635063112,0.06606592237235429
525.5415635063113,0.06676332567261113
525.6415635063113,0.06746574819826986
525.7415635063113,0.06817319372018527
525.8415635063113,0.0688856655228391
525.9415635063114,0.0696031663987818
526.0415635063114,0.0703256986431013
526.1415635063114,0.07105326404792131
526.2415635063114,0.0717858638969299
526.3415635063114,0.07252349895994045
526.4415635063115,0.07326616948748574
526.5415635063115,0.07401387520544721
526.6415635063115,0.07476661530972065
526.7415635063115,0.07552438846091988
526.8415635063116,0.07628719277911976
526.9415635063116,0.07705502583864028
527.0415635063116,0.07782788466287295
527.1415635063116,0.07860576571915137
527.2415635063116,0.07938866491366707
527.3415635063117,0.08017657758643253
527.4415635063117,0.08096949850629258
527.5415635063117,0.08176742186598591
527.6415635063117,0.08257034127725833
527.7415635063118,0.0833782497660288
527.8415635063118,0.08419113976761047
527.9415635063118,0.08500900312198767
528.0415635063118,0.08583183106915078
528.1415635063119,0.08665961424449038
528.2415635063119,0.08749234267425202
528.3415635063119,0.08833000577105346
528.4415635063119,0.08917259232946602
528.541563506312,0.09002009052166085
528.641563506312,0.09087248789312281
528.741563506312,0.09172977135843219
528.841563506312,0.09259192719711698
528.941563506312,0.09345894104957658
529.0415635063121,0.09433079791307832
529.1415635063121,0.09520748213782904
529.2415635063121,0.09608897742312253
529.3415635063121,0.09697526681356468
529.4415635063121,0.0978663326953779
529.5415635063122,0.09876215679278608
529.6415635063122,0.09966272016448187
529.7415635063122,0.10056800320017747
529.8415635063122,0.10147798561724079
529.9415635063123,0.10239264645741804
530.0415635063123,0.10331196408364456
530.1415635063123,0.10423591617694519
530.2415635063123,0.10516447973342581
530.3415635063124,0.106097631061357
530.4415635063124,0.1070353457783521
530.5415635063124,0.1079775988086402
530.6415635063124,0.10892436438043623
530.7415635063124,0.10987561602340895
530.8415635063125,0.11083132656624858
530.9415635063125,0.11179146813433564
531.0415635063125,0.11275601214751155
531.1415635063125,0.11372492931795349
531.2415635063126,0.11469818964815388
531.3415635063126,0.11567576242900646
531.4415635063126,0.11665761623799963
531.5415635063126,0.11764371893751939
531.6415635063127,0.11863403767326187
531.7415635063127,0.11962853887275776
531.8415635063127,0.12062718824400935
531.9415635063127,0.12162995077424163
532.0415635063127,0.12263679072876853
532.1415635063128,0.12364767164997566
532.2415635063128,0.12466255635642057
532.3415635063128,0.1256814069420517
532.4415635063128,0.12670418477554748
532.5415635063129,0.12773085049977612
532.6415635063129,0.1287613640313776
532.7415635063129,0.12979568456046925
532.8415635063129,0.13083377055047488
532.941563506313,0.13187557973807987
533.041563506313,0.13292106913331214
533.141563506313,0.13397019501975066
533.241563506313,0.13502291295486216
533.341563506313,0.13607917777046694
533.4415635063131,0.13713894357333517
533.5415635063131,0.13820216374591385
533.6415635063131,0.13926879094718586
533.7415635063131,0.14033877711366177
533.8415635063132,0.14141207346050527
533.9415635063132,0.14248863048279298
534.0415635063132,0.14356839795690915
534.1415635063132,0.14465132494207678
534.2415635063132,0.1457373597820248
534.3415635063133,0.14682645010679285
534.4415635063133,0.14791854283467404
534.5415635063133,0.14901358417429605
534.6415635063133,0.15011151962684166
534.7415635063134,0.1512122939884089
534.8415635063134,0.15231585135251147
534.9415635063134,0.15342213511272013
535.0415635063134,0.15453108796544507
535.1415635063134,0.15564265191286047
535.2415635063135,0.1567567682659707
535.3415635063135,0.15787337764781947
535.4415635063135,0.1589924199968416
535.5415635063135,0.16011383457035813
535.6415635063136,0.16123755994821506
535.7415635063136,0.16236353403656542
535.8415635063136,0.16349169407179584
535.9415635063136,0.16462197662459707
536.0415635063137,0.1657543176041786
536.1415635063137,0.16688865226262817
536.2415635063137,0.1680249151994155
536.3415635063137,0.1691630403660407
536.4415635063137,0.17030296107082737
536.5415635063138,0.17144460998386019
536.6415635063138,0.17258791914206695
536.7415635063138,0.17373281995444537
536.8415635063138,0.17487924320743387
536.9415635063139,0.17602711907042667
537.0415635063139,0.17717637710143302
537.1415635063139,0.17832694625287981
537.2415635063139,0.17947875487755788
537.341563506314,0.18063173073471153
537.441563506314,0.18178580099627076
537.541563506314,0.18294089225322574
537.641563506314,0.18409693052214388
537.741563506314,0.18525384125182764
537.8415635063141,0.1864115493301145
537.9415635063141,0.18756997909081605
538.0415635063141,0.18872905432079856
538.1415635063141,0.1898886982672018
538.2415635063142,0.19104883364479705
538.3415635063142,0.19220938264348347
538.4415635063142,0.19337026693592074
538.5415635063142,0.1945314076852997
538.6415635063142,0.1956927255532476
538.7415635063143,0.19685414070786889
538.8415635063143,0.1980155728319199
538.9415635063143,0.1991769411311168
539.0415635063143,0.2003381643425757
539.1415635063144,0.20149916074338384
539.2415635063144,0.20265984815930144
539.3415635063144,0.20382014397359235
539.4415635063144,0.20497996513598263
539.5415635063144,0.2061392281717467
539.6415635063145,0.2072978491909185
539.7415635063145,0.2084557438976276
539.8415635063145,0.20961282759955874
539.9415635063145,0.210769015217533
540.0415635063146,0.2119242212952099
540.1415635063146,0.21307836000890895
540.2415635063146,0.21423134517754883
540.3415635063146,0.21538309027270344
540.4415635063147,0.21653350842877286
540.5415635063147,0.21768251245326764
540.6415635063147,0.21883001483720552
540.7415635063147,0.2199759277656182
540.8415635063147,0.22112016312816743
540.9415635063148,0.22226263252986764
541.0415635063148,0.22340324730191463
541.1415635063148,0.22454191851261776
541.2415635063148,0.22567855697843434
541.3415635063149,0.22681307327510422
541.4415635063149,0.2279453777488828
541.5415635063149,0.2290753805278708
541.6415635063149,0.23020299153343848
541.741563506315,0.23132812049174306
541.841563506315,0.23245067694533655
541.941563506315,0.23357057026486297
542.041563506315,0.23468770966084188
542.141563506315,0.23580200419553743
542.2415635063151,0.2369133627949095
542.3415635063151,0.238021694260646
542.4415635063151,0.23912690728227357
542.5415635063151,0.24022891044934452
542.6415635063152,0.24132761226369825
542.7415635063152,0.24242292115179426
542.8415635063152,0.24351474547711535
542.9415635063152,0.24460299355263804
543.0415635063152,0.24568757365336796
543.1415635063153,0.2467683940289387
543.2415635063153,0.24784536291627038
543.3415635063153,0.2489183885522869
543.4415635063153,0.2499873791866889
543.5415635063154,0.25105224309477947
543.6415635063154,0.2521128885903415
543.7415635063154,0.25316922403856273
543.8415635063154,0.2542211578690071
543.9415635063154,0.25526859858862927
544.0415635063155,0.2563114547948301
544.1415635063155,0.2573496351885503
544.2415635063155,0.25838304858739997
544.3415635063155,0.25941160393882096
544.4415635063156,0.2604352103332801
544.5415635063156,0.26145377701748984
544.6415635063156,0.2624672134076547
544.7415635063156,0.2634754291027395
544.8415635063157,0.2644783338977584
544.9415635063157,0.26547583779708
545.0415635063157,0.2664678510277483
545.1415635063157,0.26745428405281385
545.2415635063157,0.268435047584675
545.3415635063158,0.2694100525984252
545.4415635063158,0.2703792103452034
545.5415635063158,0.27134243236554545
545.6415635063158,0.27229963050273354
545.7415635063159,0.2732507169161402
545.8415635063159,0.27419560409456584
545.9415635063159,0.275134204869564
546.0415635063159,0.27606643242875534
546.141563506316,0.2769922003291236
546.241563506316,0.27791142251029405
546.341563506316,0.2788240133077895
546.441563506316,0.2797298874662617
546.541563506316,0.28062896015269556
546.6415635063161,0.28152114696958247
546.7415635063161,0.2824063639680613
546.8415635063161,0.28328452766102263
546.9415635063161,0.2841555550361746
547.0415635063162,0.28501936356906676
547.1415635063162,0.2858758712360696
547.2415635063162,0.28672499652730643
547.3415635063162,0.2875666584595354
547.4415635063162,0.2884007765889778
547.5415635063163,0.2892272710240913
547.6415635063163,0.29004606243828374
547.7415635063163,0.2908570720825656
547.8415635063163,0.2916602217981381
547.9415635063164,0.2924554340289141
548.0415635063164,0.29324263183396915
548.1415635063164,0.2940217388999194
548.2415635063164,0.2947926795532242
548.3415635063164,0.2955553787724106
548.4415635063165,0.29630976220021604
548.5415635063165,0.29705575615564794
548.6415635063165,0.2977932876459564
548.7415635063165,0.2985222843785177
548.8415635063166,0.29924267477262556
548.9415635063166,0.29995438797118795
549.0415635063166,0.3006573538523268
549.1415635063166,0.301351503040877
549.2415635063167,0.3020367669197835
549.3415635063167,0.3027130776413926
549.4415635063167,0.30338036813863584
549.5415635063167,0.30403857213610297
549.6415635063167,0.3046876241610023
549.7415635063168,0.3053274595540056
549.8415635063168,0.3059580144799743
549.9415635063168,0.30657922593856607
550.0415635063168,0.3071910317747178
550.1415635063169,0.3077933706890032
550.2415635063169,0.3083861822478629
550.3415635063169,0.3089694068937038
550.4415635063169,0.3095429859548662
550.541563506317,0.31010686165545615
550.641563506317,0.31066097712503987
550.741563506317,0.3112052764081994
550.841563506317,0.311739704473946
550.941563506317,0.3122642072249899
551.0415635063171,0.3127787315068636
551.1415635063171,0.31328322511689716
551.2415635063171,0.31377763681304277
551.3415635063171,0.31426191632254696
551.4415635063172,0.31473601435046805
551.5415635063172,0.31519988258803744
551.6415635063172,0.3156534737208617
551.7415635063172,0.3160967414369646
551.8415635063172,0.3165296404346666
551.9415635063173,0.31695212643029974
552.0415635063173,0.31736415616575675
552.1415635063173,0.317765687415872
552.2415635063173,0.31815667899563294
552.3415635063174,0.3185370907672193
552.4415635063174,0.31890688364687053
552.5415635063174,0.3192660196115772
552.6415635063174,0.3196144617055966
552.7415635063174,0.31995217404679044
552.8415635063175,0.32027912183278284
552.9415635063175,0.3205952713469375
553.0415635063175,0.32090058996415244
553.1415635063175,0.32119504615647104
553.2415635063176,0.32147860949850793
553.3415635063176,0.3217512506726882
553.4415635063176,0.3220129414742996
553.5415635063176,0.32226365481635477
553.6415635063177,0.32250336473426433
553.7415635063177,0.3227320463903183
553.8415635063177,0.3229496760779752
553.9415635063177,0.32315623122595816
554.0415635063177,0.3233516904021561
554.1415635063178,0.32353603331733033
554.2415635063178,0.3237092408286241
554.3415635063178,0.32387129494287653
554.4415635063178,0.3240221788197369
554.5415635063179,0.3241618767745819
554.6415635063179,0.32429037428123286
554.7415635063179,0.3244076579744731
554.8415635063179,0.3245137156523647
554.941563506318,0.3246085362783646
555.041563506318,0.32469210998323844
555.141563506318,0.3247644280667725
555.241563506318,0.3248254829992835
555.341563506318,0.32487526842292486
555.4415635063181,0.32491377915279046
555.5415635063181,0.32494101117781454
555.6415635063181,0.32495696166146765
555.7415635063181,0.32496110389536403
555.8415635063182,0.3248719578749217
555.9415635063182,0.32463090408389894
556.0415635063182,0.324238280681797
556.1415635063182,0.3236946380972613
556.2415635063182,0.32300073774218246
556.3415635063183,0.32215755023461945
556.4415635063183,0.3211662531363493
556.5415635063183,0.32002822821242616
556.6415635063183,0.31874505822167715
556.7415635063184,0.3173185232485685
556.8415635063184,0.3157505965883435
556.9415635063184,0.31404344019874403
557.0415635063184,0.31219939973299066
557.1415635063184,0.31022099916999213
557.2415635063185,0.30811093505898784
557.3415635063185,0.3058720703969907
557.4415635063185,0.3035074281584798
557.5415635063185,0.3010201844978039
557.6415635063186,0.29841366164567673
557.7415635063186,0.29569132052198466
557.8415635063186,0.29285675308787384
557.9415635063186,0.28991367446074173
558.0415635063187,0.28686591481631923
558.1415635063187,0.28371741110249804
558.2415635063187,0.2804721985899288
558.3415635063187,0.2771344022846895
558.4415635063187,0.2737082282285024
558.5415635063188,0.2701979547120555
558.6415635063188,0.2666079234269729
558.7415635063188,0.2629425305818651
558.8415635063188,0.2592062180076881
558.9415635063189,0.2554034642773466
559.0415635063189,0.2515387758640911
559.1415635063189,0.24761667836279214
559.2415635063189,0.2436417077976198
559.341563506319,0.23961840203902923
559.441563506319,0.23555129235224234
559.541563506319,0.2314448950986402
559.641563506319,0.22730370361063515
559.741563506319,0.22313218025968354
559.8415635063191,0.21893474873613564
559.9415635063191,0.21471578655860188
560.0415635063191,0.21047961782945
560.1415635063191,0.20623050625193942
560.2415635063192,0.20197264842335833
560.3415635063192,0.19771016741735103
560.4415635063192,0.1934471066674263
560.5415635063192,0.1891874241624135
560.6415635063192,0.18493498696340122
560.7415635063193,0.18069356605044606
560.8415635063193,0.17646683150609319
560.9415635063193,0.17225834804150125
561.0415635063193,0.16807157086972696
561.1415635063194,0.1639098419294922
561.2415635063194,0.15977638646154807
561.3415635063194,0.1556743099385565
561.4415635063194,0.15160659534824586
561.5415635063194,0.14757610082846093
561.6415635063195,0.1435855576516248
561.7415635063195,0.13963756855506693
561.8415635063195,0.13573460641264662
561.9415635063195,0.1318790132421224
562.0415635063196,0.12807299954178428
562.1415635063196,0.12431864394898387
562.2415635063196,0.12061789321236445
562.3415635063196,0.11697256246881743
562.4415635063197,0.11338433581546802
562.5415635063197,0.10985476716632912
562.6415635063197,0.10638528138265457
562.7415635063197,0.10297717566547504
562.8415635063197,0.09963162119831033
562.9415635063198,0.09634966502762247
563.0415635063198,0.09313223216820406
563.1415635063198,0.08998012792038354
563.2415635063198,0.086894040385678
563.3415635063199,0.08387454316732737
563.4415635063199,0.08092209824200536
563.5415635063199,0.07803705898891834
563.6415635063199,0.07521967336247337
563.74156350632,0.07247008719471752
563.84156350632,0.06978834761382277
563.94156350632,0.06717440656500948
564.04156350632,0.06462812442046656
564.14156350632,0.06214927366503509
564.2415635063201,0.05973754264467106
564.3415635063201,0.0573925393649901
564.4415635063201,0.05511379532752137
564.5415635063201,0.05290076939165237
564.6415635063202,0.05075285165063446
564.7415635063202,0.04866936731043197
564.8415635063202,0.046649580560636485
564.9415635063202,0.044692698427128495
565.0415635063202,0.04279787459664875
565.1415635063203,0.04096421320393673
565.2415635063203,0.03919077257260403
565.3415635063203,0.037476568901430765
565.4415635063203,0.03582057988830225
565.5415635063204,0.03422174828453784
565.6415635063204,0.03267898537290206
565.7415635063204,0.031191174363127436
565.8415635063204,0.029757173699316332
565.9415635063204,0.028375820274123584
566.0415635063205,0.027045932545150978
566.1415635063205,0.02576631354950605
566.2415635063205,0.02453575381299055
566.3415635063205,0.023353034150885285
566.4415635063206,0.022216928357787453
566.5415635063206,0.02112620578443179
566.6415635063206,0.020079633799887336
566.7415635063206,0.019075980137965225
566.8415635063207,0.01811401512709978
566.9415635063207,0.017192513803373315
567.0415635063207,0.016310257906744587
567.1415635063207,0.01546603776091018
567.2415635063207,0.014658654037577868
567.3415635063208,0.013886919406259572
567.4415635063208,0.013149660070999764
567.5415635063208,0.012445717195741493
567.6415635063208,0.011773948220298577
567.7415635063209,0.011133228069146413
567.8415635063209,0.010522450255467527
567.9415635063209,0.009940527883090926
568.0415635063209,0.009386394549146002
568.141563506321,0.008859005150413907
568.241563506321,0.008357336596501582
568.341563506321,0.007880388433086506
568.441563506321,0.007427183378584572
568.541563506321,0.006996767777679833
568.6415635063211,0.006588211975223729
568.7415635063211,0.006200610614063644
568.8415635063211,0.0058330828603968985
568.9415635063211,0.005484772560267524
569.0415635063212,0.005154848330829781
569.1415635063212,0.004842503589995748
569.2415635063212,0.004546956528064676
569.3415635063212,0.004267450024900499
569.4415635063212,0.004003251516181424
569.5415635063213,0.003753652812192791
569.6415635063213,0.003517969872572506
569.7415635063213,0.003295542540347697
569.8415635063213,0.0030857342385229255
569.9415635063214,0.002887931632395116
570.0415635063214,0.0027015442606789447
570.1415635063214,0.002526004138429667
570.2415635063214,0.0023607653346488897
570.3415635063214,0.00220530352735355
570.4415635063215,0.002059115538779528
570.5415635063215,0.0019217188532802728
570.6415635063215,0.001792651120367453
570.7415635063215,0.0016714696452261044
570.8415635063216,0.0015577508689212218
570.9415635063216,0.0014510898403970137
571.0415635063216,0.0013510996822544356
571.1415635063216,0.001257411052177638
571.2415635063217,0.0011696716017661124
571.3415635063217,0.0010875454344168427
571.4415635063217,0.0010107125637901508
571.5415635063217,0.0009388683742844316
571.6415635063217,0.000871723084838891
571.7415635063218,0.0008090012172800138
571.8415635063218,0.000750441070327017
571.9415635063218,0.0006957942002741985
572.0415635063218,0.000644824909274021
572.1415635063219,0.000597309742054146
572.2415635063219,0.0005530369918145619
572.3415635063219,0.0005118062159675359
572.4415635063219,0.00047342776230340145
572.541563506322,0.0004377223060892922
572.641563506322,0.0004045203985357818
572.741563506322,0.0003736620269980876
572.841563506322,0.0003449961872139713
572.941563506322,0.0003183804678197382
573.0415635063221,0.000293680647328731
573.1415635063221,0.0002707703037033971
573.2415635063221,0.00024953043660231537
573.3415635063221,0.00022984910233740137
573.4415635063222,0.00021162106153380634
573.5415635063222,0.00019474743944568435
573.6415635063222,0.0001791353988448968
573.7415635063222,0.00016469782536678148
573.8415635063222,0.0001513530251671891
573.9415635063223,0.00013902443471797152
574.0415635063223,0.00012764034254388802
574.1415635063223,0.00011713362268231614
574.2415635063223,0.0001074414796281207
574.3415635063224,9.850520450939936e-05
574.4415635063224,9.02699422254606e-05
574.5415635063224,8.268446926616997e-05
574.6415635063224,7.570098192160636e-05
574.7415635063224,6.927489458265417e-05
574.8415635063225,6.336464782662337e-05
574.9415635063225,5.79315259770822e-05
575.0415635063225,5.2939483823727924e-05
575.1415635063225,4.835498218615082e-05
575.2415635063226,4.414683200469401e-05
575.3415635063226,4.028604664213249e-05
575.4415635063226,3.674570208151741e-05
575.5415635063226,3.350080470812488e-05
575.6415635063227,3.052816636694333e-05
575.7415635063227,2.780628639141917e-05
575.8415635063227,2.531524030417779e-05
575.9415635063227,2.3036574896067645e-05
576.0415635063227,2.0953209396046615e-05
576.1415635063228,1.9049342451086304e-05
576.2415635063228,1.7310364642328365e-05
576.3415635063228,1.5722776271127968e-05
576.4415635063228,1.4274110156303466e-05
576.5415635063229,1.2952859191819414e-05
576.6415635063229,1.1748408422211065e-05
576.7415635063229,1.0650971401264316e-05
576.8415635063229,9.651530607750865e-06
576.941563506323,8.7417817003448e-06
577.041563506323,7.914081402173745e-06
577.141563506323,7.161398813756409e-06
577.241563506323,6.477269961312786e-06
577.341563506323,5.8557553955813915e-06
577.4415635063231,5.291400664311457e-06
577.5415635063231,4.7791994894984815e-06
577.6415635063231,4.314559488177701e-06
577.7415635063231,3.89327028316741e-06
577.8415635063232,3.5114738575477327e-06
577.9415635063232,3.165637013858299e-06
578.0415635063232,2.8525258059912514e-06
578.1415635063232,2.569181818535732e-06
578.2415635063232,2.3129001748898084e-06
578.3415635063233,2.081209161791977e-06
578.4415635063233,1.87185136403283e-06
578.5415635063233,1.6827662089867657e-06
578.6415635063233,1.5120738262530894e-06
578.7415635063234,1.358060133115654e-06
578.8415635063234,1.2191630617220152e-06
578.9415635063234,1.093959848848836e-06
579.0415635063234,9.81155313863557e-07
579.1415635063235,8.795710550160509e-07
579.2415635063235,7.881354985033216e-07
579.3415635063235,7.058747388493883e-07
579.4415635063235,6.319041130369172e-07
579.5415635063235,5.654204545225591e-07
579.6415635063236,5.056949767700115e-07
579.7415635063236,4.520667392500002e-07
579.8415635063236,4.0393665199076616e-07
579.9415635063236,3.607619777228978e-07
580.0415635063237,3.2205129345494895e-07
580.1415635063237,2.8735987594786e-07
580.2415635063237,2.5628547803341183e-07
580.3415635063237,2.2846446505138485e-07
580.4415635063237,2.0356828286827524e-07
580.5415635063238,1.8130023099389086e-07
580.6415635063238,1.6139251623721132e-07
580.7415635063238,1.436035641458614e-07
580.8415635063238,1.2771556716046086e-07
580.9415635063239,1.1353224999200272e-07
581.0415635063239,1.0087683420302974e-07
581.1415635063239,8.959018534732743e-08
581.2415635063239,7.952912730362807e-08
581.341563506324,7.056490963158936e-08
581.441563506324,6.258181488818374e-08
581.541563506324,5.547589387443721e-08
581.641563506324,4.915381774083374e-08
581.741563506324,4.353183676913937e-08
581.8415635063241,3.853483647312661e-08
581.9415635063241,3.409548242476699e-08
582.0415635063241,3.015344591977973e-08
582.1415635063241,2.6654703250642923e-08
582.2415635063242,2.355090195978872e-08
582.3415635063242,2.0798788004016768e-08
582.4415635063242,1.8359688276310565e-08
582.5415635063242,1.619904340617361e-08
582.6415635063242,1.4285986197125164e-08
582.7415635063243,1.2592961462727283e-08
582.8415635063243,1.1095383392941081e-08
582.9415635063243,9.771326923055163e-09
583.0415635063243,8.601249890084474e-09
583.1415635063244,7.567743048447002e-09
583.2415635063244,6.655305279817465e-09
583.3415635063244,5.8501415731228595e-09
583.4415635063244,5.139981571365207e-09
583.5415635063245,4.513916683902036e-09
583.6415635063245,3.962253947442918e-09
583.7415635063245,3.476384987696268e-09
583.8415635063245,3.0486685875877735e-09
583.9415635063245,2.6723255084512103e-09
584.0415635063246,2.3413443386547694e-09
584.1415635063246,2.05039726078716e-09
584.2415635063246,1.794764734726953e-09
584.3415635063246,1.5702681905261719e-09
584.4415635063247,1.373209912859693e-09
584.5415635063247,1.2003193785694172e-09
584.6415635063247,1.0487053812526834e-09
584.7415635063247,9.15813342541012e-10
584.8415635063247,7.993872692719007e-10
584.9415635063248,6.974358697093501e-10
585.0415635063248,6.082023908127731e-10
585.1415635063248,5.30137782742308e-10
585.2415635063248,4.618768367384961e-10
585.3415635063249,4.0221697860803517e-10
585.4415635063249,3.500994326352615e-10
585.5415635063249,3.045925001422722e-10
585.6415635063249,2.648767234327097e-10
585.741563506325,2.3023172974388358e-10
585.841563506325,2.0002457134416613e-10
585.941563506325,1.736993972716458e-10
586.041563506325,1.5076830961979107e-10
586.141563506325,1.3080327292268728e-10
586.2415635063251,1.1342895924555989e-10
586.3415635063251,9.831642420005462e-11
586.4415635063251,8.517752041824205e-11
586.5415635063251,7.375996516191308e-11
586.6415635063252,6.384298782999925e-11
586.7415635063252,5.523349126174804e-11
586.8415635063252,4.776266801163783e-11
586.9415635063252,4.1283019279963437e-11
587.0415635063252,3.566572999849469e-11
587.1415635063253,3.079835876398346e-11
587.2415635063253,2.6582805947254794e-11
587.3415635063253,2.2933527439617792e-11
587.4415635063253,1.977596518322476e-11
587.5415635063254,1.7045168914554968e-11
587.6415635063254,1.4684586472524617e-11
587.7415635063254,1.2645002622754553e-11
587.8415635063254,1.0883608661391881e-11
587.9415635063255,9.363187116251417e-12
588.0415635063255,8.051397687492192e-12
588.1415635063255,6.920152189311431e-12
588.2415635063255,5.945067690427779e-12
588.3415635063255,5.104988324344184e-12
588.4415635063256,4.381567368355739e-12
588.5415635063256,3.758902188971686e-12
588.6415635063256,3.2232155351303706e-12
588.7415635063256,2.7625774420776525e-12
588.8415635063257,2.366662699461578e-12
588.9415635063257,2.0265394472541966e-12
589.0415635063257,1.7344850016397056e-12
589.1415635063257,1.483825488106799e-12
589.2415635063257,1.2687962778776013e-12
589.3415635063258,1.0844205929242131e-12
589.4415635063258,9.26403969890236e-13
589.5415635063258,7.910425593373222e-13
589.6415635063258,6.75143488397398e-13
589.7415635063259,5.759557361468336e-13
589.8415635063259,4.911101653933099e-13
589.9415635063259,4.1856752524112753e-13
590.0415635063259,3.56573388578414e-13
590.141563506326,3.036191199920999e-13
590.241563506326,2.5840808476090683e-13
590.341563506326,2.1982641044675352e-13
590.441563506326,1.86917700919043e-13
590.541563506326,1.5886117992287425e-13
590.6415635063261,1.349528088814084e-13
590.7415635063261,1.1458898268756916e-13
590.8415635063261,9.72524588338237e-14
590.9415635063261,8.250022027026183e-14
591.0415635063262,6.995301168011654e-14
591.1415635063262,5.928632313072013e-14
591.2415635063262,5.022262492353495e-14
591.3415635063262,4.252468348011655e-14
591.4415635063262,3.598981074584574e-14
591.5415635063263,3.044491929480773e-14
591.6415635063263,2.574227245023236e-14
591.7415635063263,2.1755833622362852e-14
591.8415635063263,1.8378131995996655e-14
591.9415635063264,1.5517572924184337e-14
592.0415635063264,1.3096131122295544e-14
592.1415635063264,1.1047373199986031e-14
592.2415635063264,9.314763385462809e-15
592.3415635063265,7.850212633576191e-15
592.4415635063265,6.6128367947739434e-15
592.5415635063265,5.5678942676195995e-15
592.6415635063265,4.685877660897445e-15
592.7415635063265,3.941737537257245e-15
592.8415635063266,3.3142193729024695e-15
592.9415635063266,2.7852975114174057e-15
593.0415635063266,2.3396921705022736e-15
593.1415635063266,1.9644575268749934e-15
593.2415635063267,1.6486305992411336e-15
593.3415635063267,1.3829321088015077e-15
593.4415635063267,1.1595117531739937e-15
593.5415635063267,9.717314105313137e-16
593.6415635063267,8.139807201970349e-16
593.7415635063268,6.815202846863403e-16
593.8415635063268,5.703484242264345e-16
593.9415635063268,4.770880037201348e-16
594.0415635063268,3.988903573959152e-16
594.1415635063269,3.3335376966197043e-16
594.2415635063269,2.7845434200771374e-16
594.3415635063269,2.3248739385716723e-16
594.4415635063269,1.9401781756578012e-16
594.541563506327,1.618380407261745e-16
594.641563506327,1.3493244817586758e-16
594.741563506327,1.1244728637698704e-16
594.841563506327,9.366521829153403e-17
594.941563506327,7.798382105750746e-17
595.0415635063271,6.489742473415028e-17
595.1415635063271,5.3981780752662245e-17
595.2415635063271,4.488112573521687e-17
595.3415635063271,3.7297271964190606e-17
595.4415635063272,3.09804116542541e-17
595.5415635063272,2.5721369724920898e-17
595.6415635063272,2.134508020909827e-17
595.7415635063272,1.7705095807950212e-17
