507.44156350630715,0.9956195584156832
507.54156350630717,0.9957153050049964
507.6415635063072,0.9958124654420376
507.7415635063072,0.9959110567555725
507.84156350630724,0.9960110961108112
507.94156350630726,0.9961126008093
508.0415635063073,0.9962155882887862
508.1415635063073,0.9963200761230581
508.24156350630733,0.9964260820217568
508.34156350630735,0.996533623830163
508.4415635063074,0.9966427195289552
508.5415635063074,0.9967533872339409
508.6415635063074,0.9968656451957586
508.74156350630744,0.9969795117995528
508.84156350630747,0.9970950055646189
508.9415635063075,0.9972121451440196
509.0415635063075,0.9973309493241702
509.14156350630753,0.997451437024396
509.24156350630756,0.9975736272964568
509.3415635063076,0.997697539324042
509.4415635063076,0.9978231924222339
509.5415635063076,0.9979506060369395
509.64156350630765,0.9980797997442892
509.74156350630767,0.9982107932500044
509.8415635063077,0.9983436063887313
509.9415635063077,0.998478259123342
510.04156350630774,0.9986147715442005
510.14156350630776,0.9987531638683966
510.2415635063078,0.998893456438944
510.3415635063078,0.9990356697239439
510.44156350630783,0.9991798243157132
510.54156350630785,0.9993259409298774
510.6415635063079,0.9994740404044277
510.7415635063079,0.9996241436987406
510.8415635063079,0.9997762718925624
510.94156350630794,0.9999304461849551
511.04156350630797,1.0000866878932058
511.141563506308,1.0002450184516982
511.241563506308,1.000405459410745
511.34156350630803,1.0005680324353832
511.44156350630806,1.0007327593041293
511.5415635063081,1.000899661907696
511.6415635063081,1.0010687622476693
511.7415635063081,1.0012400824351442
511.84156350630815,1.0014136446893238
511.94156350630817,1.0015894713360727
512.0415635063082,1.001767584806435
512.1415635063082,1.001948007635106
512.2415635063082,1.0021307624588662
512.3415635063083,1.0023158720149725
512.4415635063083,1.002503359139505
512.5415635063083,1.0026932467656746
512.6415635063083,1.002885557922087
512.7415635063084,1.0030803157309613
512.8415635063084,1.0032775434063097
512.9415635063084,1.003477264252069
513.0415635063084,1.003679501660192
513.1415635063084,1.0038842791086933
513.2415635063085,1.0040916201596495
513.3415635063085,1.0043015484571585
513.4415635063085,1.0045140877252496
513.5415635063085,1.0047292617657524
513.6415635063086,1.0049470944561179
513.7415635063086,1.0051676097471944
513.8415635063086,1.005390831660961
513.9415635063086,1.0056167842882093
514.0415635063086,1.0058454917861852
514.1415635063087,1.00607697837618
514.2415635063087,1.006311268341078
514.3415635063087,1.006548386022855
514.4415635063087,1.0067883558200335
514.5415635063088,1.007031202185087
514.6415635063088,1.0072769496218001
514.7415635063088,1.0075256226825822
514.8415635063088,1.0077772459657295
514.9415635063089,1.0080318441126457
515.0415635063089,1.0082894418050106
515.1415635063089,1.008550063761903
515.2415635063089,1.0088137347368769
515.341563506309,1.0090804795149877
515.441563506309,1.0093503229097733
515.541563506309,1.0096232897601851
515.641563506309,1.009899404927473
515.741563506309,1.010178693292022
515.8415635063091,1.0104611797501404
515.9415635063091,1.0107468892108016
516.0415635063091,1.0110358465923361
516.1415635063091,1.011328076819078
516.2415635063091,1.0116236048179617
516.3415635063092,1.011922455515073
516.4415635063092,1.0122246538321507
516.5415635063092,1.0125302246830412
516.6415635063092,1.0128391929701068
516.7415635063093,1.0131515835805853
516.8415635063093,1.0134674213829031
516.9415635063093,1.0137867312229403
517.0415635063093,1.0141095379202503
517.1415635063094,1.0144358662642312
517.2415635063094,1.0147657410102513
517.3415635063094,1.0150991868757286
517.4415635063094,1.015436228536162
517.5415635063094,1.0157768906211195
517.6415635063095,1.0161211977101778
517.7415635063095,1.016469174328818
517.8415635063095,1.0168208449442744
517.9415635063095,1.0171762339613413
518.0415635063096,1.0175353657181305
518.1415635063096,1.0178982644817887
518.2415635063096,1.018264954444167
518.3415635063096,1.0186354597174498
518.4415635063096,1.0190098043297378
518.5415635063097,1.0193880122205885
518.6415635063097,1.0197701072365146
518.7415635063097,1.0201561131264392
518.8415635063097,1.0205460535371091
518.9415635063098,1.020939952008467
519.0415635063098,1.0213378319689812
519.1415635063098,1.021739716730937
519.2415635063098,1.0221456294856854
519.3415635063099,1.0225555932988526
519.4415635063099,1.022969631105512
519.5415635063099,1.0233877657053148
519.6415635063099,1.023810019757584
519.74156350631,1.0242364157763704
519.84156350631,1.0246669761254716
519.94156350631,1.0251017230134132
520.04156350631,1.0255406784883965
520.14156350631,1.0259838644332075
520.2415635063101,1.0264313025600948
520.3415635063101,1.026883014405611
520.4415635063101,1.0273390213254197
520.5415635063101,1.0277993444890743
520.6415635063101,1.0282640048747584
520.7415635063102,1.028733023264001
520.8415635063102,1.0292064202363562
520.9415635063102,1.0296842161640554
521.0415635063102,1.0301664312066299
521.1415635063103,1.030653085305506
521.2415635063103,1.0311441981785698
521.3415635063103,1.0316397893147085
521.4415635063103,1.032139877968323
521.5415635063104,1.0326444831538177
521.6415635063104,1.0331536236400636
521.7415635063104,1.03366731794484
521.8415635063104,1.034185584329253
521.9415635063104,1.0347084407921312
522.0415635063105,1.0352359050644035
522.1415635063105,1.0357679946034533
522.2415635063105,1.036304726587457
522.3415635063105,1.0368461179097035
522.4415635063106,1.0373921851728964
522.5415635063106,1.0379429446834414
522.6415635063106,1.038498412445717
522.7415635063106,1.0390586041563334
522.8415635063106,1.0396235351983776
522.9415635063107,1.040193220635646
523.0415635063107,1.0407676752068675
523.1415635063107,1.0413469133199178
523.2415635063107,1.0419309490460216
523.3415635063108,1.0425197961139518
523.4415635063108,1.0431134679042195
523.5415635063108,1.0437119774432604
523.6415635063108,1.0443153373976157
523.7415635063109,1.044923560068113
523.8415635063109,1.045536657384042
523.9415635063109,1.0461546408973326
524.0415635063109,1.046777521776733
524.141563506311,1.04740531080199
524.241563506311,1.0480380183580313
524.341563506311,1.0486756544291544
524.441563506311,1.0493182285932205
524.541563506311,1.0499657500158543
524.6415635063111,1.050618227444655
524.7415635063111,1.0512756692034133
524.8415635063111,1.0519380831863434
524.9415635063111,1.052605476852324
525.0415635063111,1.0532778572191552
525.1415635063112,1.053955230857829
525.2415635063112,1.0546376038868173
525.3415635063112,1.0553249819663768
525.4415635063112,1.0560173702928746
525.5415635063113,1.0567147735931315
525.6415635063113,1.0574171961187901
525.7415635063113,1.0581246416407055
525.8415635063113,1.0588371134433594
525.9415635063114,1.059554614319302
526.0415635063114,1.0602771465636216
526.1415635063114,1.0610047119684416
526.2415635063114,1.0617373118174502
526.3415635063114,1.0624749468804606
526.4415635063115,1.063217617408006
526.5415635063115,1.0639653231259674
526.6415635063115,1.0647180632302409
526.7415635063115,1.06547583638144
526.8415635063116,1.06623864069964
526.9415635063116,1.0670064737591605
527.0415635063116,1.0677793325833933
527.1415635063116,1.0685572136396717
527.2415635063116,1.0693401128341873
527.3415635063117,1.0701280255069527
527.4415635063117,1.0709209464268128
527.5415635063117,1.071718869786506
527.6415635063117,1.0725217891977785
527.7415635063118,1.073329697686549
527.8415635063118,1.0741425876881308
527.9415635063118,1.074960451042508
528.0415635063118,1.075783278989671
528.1415635063119,1.0766110621650107
528.2415635063119,1.0774437905947722
528.3415635063119,1.0782814536915737
528.4415635063119,1.0791240402499862
528.541563506312,1.079971538442181
528.641563506312,1.080823935813643
528.741563506312,1.0816812192789524
528.841563506312,1.0825433751176372
528.941563506312,1.0834103889700968
529.0415635063121,1.0842822458335986
529.1415635063121,1.0851589300583493
529.2415635063121,1.0860404253436429
529.3415635063121,1.0869267147340849
529.4415635063121,1.0878177806158982
529.5415635063122,1.0887136047133064
529.6415635063122,1.0896141680850022
529.7415635063122,1.0905194511206977
529.8415635063122,1.091429433537761
529.9415635063123,1.0923440943779383
530.0415635063123,1.0932634120041649
530.1415635063123,1.0941873640974655
530.2415635063123,1.0951159276539462
530.3415635063124,1.0960490789818773
530.4415635063124,1.0969867936988724
530.5415635063124,1.0979290467291605
530.6415635063124,1.0988758123009565
530.7415635063124,1.0998270639439294
530.8415635063125,1.1007827744867689
530.9415635063125,1.101742916054856
531.0415635063125,1.102707460068032
531.1415635063125,1.103676377238474
531.2415635063126,1.1046496375686745
531.3415635063126,1.105627210349527
531.4415635063126,1.1066090641585202
531.5415635063126,1.1075951668580402
531.6415635063127,1.1085854855937827
531.7415635063127,1.1095799867932787
531.8415635063127,1.1105786361645305
531.9415635063127,1.111581398694763
532.0415635063127,1.11258823864929
532.1415635063128,1.1135991195704975
532.2415635063128,1.1146140042769428
532.3415635063128,1.1156328548625742
532.4415635063128,1.1166556326960706
532.5415635063129,1.1176822984202999
532.6415635063129,1.118712811951902
532.7415635063129,1.1197471324809947
532.8415635063129,1.1207852184710014
532.941563506313,1.1218270276586075
533.041563506313,1.1228725170538414
533.141563506313,1.1239216429402819
533.241563506313,1.1249743608753957
533.341563506313,1.126030625691003
533.4415635063131,1.1270903914938746
533.5415635063131,1.1281536116664572
533.6415635063131,1.129220238867734
533.7415635063131,1.1302902250342155
533.8415635063132,1.1313635213810658
533.9415635063132,1.1324400784033617
534.0415635063132,1.1335198458774876
534.1415635063132,1.1346027728626669
534.2415635063132,1.1356888077026288
534.3415635063133,1.1367778980274135
534.4415635063133,1.1378699907553145
534.5415635063133,1.1389650320949603
534.6415635063133,1.1400629675475344
534.7415635063134,1.1411637419091354
534.8415635063134,1.1422672992732783
534.9415635063134,1.143373583033535
535.0415635063134,1.144482535886317
535.1415635063134,1.1455940998338006
535.2415635063135,1.1467082161869917
535.3415635063135,1.1478248255689367
535.4415635063135,1.1489438679180732
535.5415635063135,1.1500652824917255
535.6415635063136,1.1511890078697433
535.7415635063136,1.1523149819582845
535.8415635063136,1.1534431419937412
535.9415635063136,1.1545734245468104
536.0415635063137,1.1557057655267091
536.1415635063137,1.156840100185534
536.2415635063137,1.1579763631227649
536.3415635063137,1.159114488289914
536.4415635063137,1.1602544089953197
536.5415635063138,1.161396057909083
536.6415635063138,1.1625393670681514
536.7415635063138,1.1636842678815456
536.8415635063138,1.1648306911357307
536.9415635063139,1.1659785670001326
537.0415635063139,1.167127825032797
537.1415635063139,1.1682783941861936
537.2415635063139,1.1694302028131636
537.341563506314,1.1705831786730096
537.441563506314,1.1717372489377296
537.541563506314,1.172892340198393
537.641563506314,1.1740483784716598
537.741563506314,1.17520528920644
537.8415635063141,1.1763629972906957
537.9415635063141,1.1775214270583843
538.0415635063141,1.1786805022965405
538.1415635063141,1.1798401462525003
538.2415635063142,1.1810002816412621
538.3415635063142,1.182160830652989
538.4415635063142,1.1833217149606456
538.5415635063142,1.184482855727777
538.6415635063142,1.1856441736164192
538.7415635063143,1.1868055887951505
538.8415635063143,1.1879670209472744
538.9415635063143,1.189128389279139
539.0415635063143,1.1902896125285902
539.1415635063144,1.191450608973557
539.2415635063144,1.1926112964407705
539.3415635063144,1.1937715923146124
539.4415635063144,1.194931413546097
539.5415635063144,1.1960906766619808
539.6415635063145,1.197249297774002
539.7415635063145,1.1984071925882493
539.8415635063145,1.1995642764146581
539.9415635063145,1.2007204641766325
540.0415635063146,1.2018756704207956
540.1415635063146,1.2030298093268643
540.2415635063146,1.2041827947176507
540.3415635063146,1.205334540069186
540.4415635063147,1.2064849585209712
540.5415635063147,1.2076339628863504
540.6415635063147,1.2087814656630087
540.7415635063147,1.2099273790435925
540.8415635063147,1.2110716149264558
540.9415635063148,1.2122140849265282
541.0415635063148,1.2133547003863088
541.1415635063148,1.2144933723869848
541.2415635063148,1.215630011759676
541.3415635063149,1.2167645290968057
541.4415635063149,1.2178968347636
541.5415635063149,1.219026838909718
541.6415635063149,1.2201544514810139
541.741563506315,1.2212795822314322
541.841563506315,1.2224021407350425
541.941563506315,1.2235220363982142
542.041563506315,1.224639178471936
542.141563506315,1.2257534760642854
542.2415635063151,1.226864838153053
542.3415635063151,1.2279731735985266
542.4415635063151,1.2290783911564445
542.5415635063151,1.230180399491123
542.6415635063152,1.2312791071887674
542.7415635063152,1.2323744227709788
542.8415635063152,1.2334662547084625
542.9415635063152,1.234554511434956
543.0415635063152,1.235639101361386
543.1415635063153,1.2367199328902712
543.2415635063153,1.2377969144303864
543.3415635063153,1.2388699544117103
543.4415635063153,1.2399389613006715
543.5415635063154,1.24100384361572
543.6415635063154,1.2420645099432475
543.7415635063154,1.2431208689538837
543.8415635063154,1.2441728294191994
543.9415635063154,1.2452203002288482
544.0415635063155,1.2462631904081842
544.1415635063155,1.2473014091363943
544.2415635063155,1.248334865765187
544.3415635063155,1.2493634698380882
544.4415635063156,1.2503871311103905
544.5415635063156,1.2514057595698134
544.6415635063156,1.2524192654579356
544.7415635063156,1.2534275592924633
544.8415635063157,1.2544305518904046
544.9415635063157,1.2554281543922268
545.0415635063157,1.2564202782870797
545.1415635063157,1.257406835439173
545.2415635063157,1.2583877381154034
545.3415635063158,1.2593628990143333
545.4415635063158,1.2603322312966354
545.5415635063158,1.2612956486171165
545.6415635063158,1.2622530651584516
545.7415635063159,1.2632043956667638
545.8415635063159,1.2641495554891928
545.9415635063159,1.265088460613611
546.0415635063159,1.26602102771065
546.141563506316,1.2669471741782141
546.241563506316,1.26786681818867
546.341563506316,1.2687798787389082
546.441563506316,1.2696862757034904
546.541563506316,1.2705859298911033
546.6415635063161,1.2714787631045568
546.7415635063161,1.2723646982045742
546.8415635063161,1.2732436591776386
546.9415635063161,1.274115571208168
547.0415635063162,1.2749803607553147
547.1415635063162,1.275837955634689
547.2415635063162,1.2766882851053267
547.3415635063162,1.277531279962236
547.4415635063162,1.2783668726348667
547.5415635063163,1.2791949972918677
547.6415635063163,1.280015589952508
547.7415635063163,1.2808285886051478
547.8415635063163,1.2816339333331677
547.9415635063164,1.2824315664487715
548.0415635063164,1.2832214326350904
548.1415635063164,1.2840034790970312
548.2415635063164,1.2847776557213213
548.3415635063164,1.2855439152462123
548.4415635063165,1.2863022134413113
548.5415635063165,1.2870525092980247
548.6415635063165,1.2877947652310908
548.7415635063165,1.2885289472916979
548.8415635063166,1.2892550253926733
548.9415635063166,1.28997297354624
549.0415635063166,1.290682770114825
549.1415635063166,1.2913843980754085
549.2415635063167,1.2920778452978874
549.3415635063167,1.2927631048379213
549.4415635063167,1.2934401752447127
549.5415635063167,1.294109060884154
549.6415635063167,1.2947697722777565
549.7415635063168,1.2954223264577482
549.8415635063168,1.2960667473386944
549.9415635063168,1.296703066105965
550.0415635063168,1.2973313216213316
550.1415635063169,1.2979515608459284
550.2415635063169,1.298563839280765
550.3415635063169,1.2991682214249198
550.4415635063169,1.2997647812514823
550.541563506317,1.3003536027012412
550.641563506317,1.300934780194043
550.741563506317,1.3015084191576616
550.841563506317,1.3020746365739326
550.941563506317,1.3026335615418076
551.0415635063171,1.3031853358568852
551.1415635063171,1.3037301146068592
551.2415635063171,1.3042680667822146
551.3415635063171,1.30479937590137
551.4415635063172,1.3053242406493382
551.5415635063172,1.3058428755288354
551.6415635063172,1.306355511522623
551.7415635063172,1.306862396765715
551.8415635063172,1.3073637972259176
551.9415635063173,1.3078599973910126
552.0415635063173,1.3083513009607115
552.1415635063173,1.3088380315413364
552.2415635063173,1.3093205333409976
552.3415635063174,1.3097991718628543
552.4415635063174,1.3102743345938426
552.5415635063174,1.3107464316860715
552.6415635063174,1.3112158966278844
552.7415635063174,1.3116831869013792
552.8415635063175,1.312148784622991
552.9415635063175,1.3126131971635295
553.0415635063175,1.313076957743876
553.1415635063175,1.3135406260023357
553.2415635063176,1.3140047885294652
553.3415635063176,1.3144700593659895
553.4415635063176,1.3149370804592588
553.5415635063176,1.315406522073513
553.6415635063177,1.3158790831490599
553.7415635063177,1.3163554916053268
553.8415635063177,1.3168365045825987
553.9415635063177,1.317322908617137
554.0415635063177,1.3178155197442607
554.1415635063178,1.3183151835238862
554.2415635063178,1.3188227749829444
554.3415635063178,1.3193391984690528
554.4415635063178,1.3198653874097848
554.5415635063179,1.3204023039718873
554.6415635063179,1.3209509386148175
554.7415635063179,1.321512309533024
554.8415635063179,1.3220874619814877
554.941563506318,1.3226774674791502
555.041563506318,1.3232834228850037
555.141563506318,1.3239064493418113
555.241563506318,1.3245476910826386
555.341563506318,1.3252083140956352
555.4415635063181,1.3258895046428085
555.5415635063181,1.3265924676288576
555.6415635063181,1.3273184248165157
555.7415635063181,1.3280680878383802
555.8415635063182,1.328761226671685
555.9415635063182,1.3293404811606608
556.0415635063182,1.3298074557788135
556.1415635063182,1.3301639716331914
556.2415635063182,1.330412062424878
556.3415635063183,1.3305539697540343
556.4415635063183,1.3305921377761842
556.5415635063183,1.330529207218745
556.6415635063183,1.3303680087691019
556.7415635063184,1.330111555847841
556.8415635063184,1.3297630367830242
556.9415635063184,1.3293258064036704
557.0415635063184,1.3288033770728207
557.1415635063184,1.328199409182773
557.2415635063185,1.3275177011371961
557.3415635063185,1.3267621788469337
557.4415635063185,1.3259368847683004
557.5415635063185,1.3250459665146417
557.6415635063186,1.3240936650737534
557.7415635063186,1.323084302665547
557.8415635063186,1.3220222702759896
557.9415635063186,1.3209120149049158
558.0415635063187,1.3197580265667348
558.1415635063187,1.3185648250843829
558.2415635063187,1.317336946718049
558.3415635063187,1.3160789306712526
558.4415635063187,1.314795305517757
558.5415635063188,1.3134905755935655
558.6415635063188,1.3121692073988418
558.7415635063188,1.3108356160550532
558.8415635063188,1.3094941518629115
558.9415635063189,1.3081490870068109
559.0415635063189,1.306804602451403
559.1415635063189,1.3054647750757429
559.2415635063189,1.3041335650900283
559.341563506319,1.3028148037794
559.441563506319,1.3015121816185233
559.541563506319,1.3002292367997559
559.641563506319,1.298969344216622
559.741563506319,1.2977357049430465
559.8415635063191,1.2965313362473883
559.9415635063191,1.2953590621787028
560.0415635063191,1.2942215047609293
560.1415635063191,1.2931210758287741
560.2415635063192,1.2920599695370083
560.3415635063192,1.291040155572699
560.4415635063192,1.2900633730975382
560.5415635063192,1.2891311254449809
560.6415635063192,1.2882446755942982
560.7415635063193,1.2874050424409527
560.8415635063193,1.2866129978799026
560.9415635063193,1.2858690647155357
561.0415635063193,1.2851735154089616
561.1415635063194,1.2845263716703395
561.2415635063194,1.2839274049008196
561.3415635063194,1.2833761374855182
561.4415635063194,1.2828718449357726
561.5415635063194,1.2824135588757148
561.6415635063195,1.2820000708650032
561.7415635063195,1.2816299370463449
561.8415635063195,1.281301483603275
561.9415635063195,1.2810128130105132
562.0415635063196,1.2807618110561299
562.1415635063196,1.2805461546117294
562.2415635063196,1.2803633201239104
562.3415635063196,1.280210592797407
562.4415635063197,1.280085076437562
562.5415635063197,1.2799837039171549
562.6415635063197,1.2799032482301003
562.7415635063197,1.2798403340921778
562.8415635063197,1.279791450046746
562.9415635063198,1.279752961031358
563.0415635063198,1.2797211213593318
563.1415635063198,1.2796920880686498
563.2415635063198,1.2796619345890856
563.3415635063199,1.2796266646771657
563.4415635063199,1.2795822265675123
563.5415635063199,1.2795245272882545
563.6415635063199,1.2794494470875555
563.74156350632,1.2793528539178998
563.84156350632,1.2792306179245951
563.94156350632,1.2790786258849902
564.04156350632,1.278892795545185
564.14156350632,1.2786690898015078
564.2415635063201,1.2784035306747745
564.3415635063201,1.2780922130262846
564.4415635063201,1.2777313179656955
564.5415635063201,1.2773171259023015
564.6415635063202,1.2768460291928365
564.7415635063202,1.2763145443407262
564.8415635063202,1.2757193237037043
564.9415635063202,1.2750571666688748
565.0415635063202,1.2743250302566613
565.1415635063203,1.2735200391175834
565.2415635063203,1.2726394948884594
565.3415635063203,1.2716808848774304
565.4415635063203,1.2706418900501117
565.5415635063204,1.2695203922922054
565.6415635063204,1.2683144809270175
565.7415635063204,1.2670224584695204
565.8415635063204,1.2656435129040395
565.9415635063204,1.2642364848682828
566.0415635063205,1.2628392310055612
566.1415635063205,1.261450588617531
566.2415635063205,1.2600694036694784
566.3415635063205,1.2586945335441229
566.4415635063206,1.2573248496665868
566.5415635063206,1.255959239998547
566.6415635063206,1.2545966114000524
566.7415635063206,1.2532358918579645
566.8415635063207,1.251876032580423
566.9415635063207,1.250516009957165
567.0415635063207,1.2491548273859414
567.1415635063207,1.2477915169656566
567.2415635063207,1.2464251410572342
567.3415635063208,1.2450547937135539
567.4415635063208,1.2436796019801333
567.5415635063208,1.242298727068537
567.6415635063208,1.2409113654047736
567.7415635063209,1.2395167495552075
567.8415635063209,1.2381141490327539
567.9415635063209,1.2367028709863392
568.0415635063209,1.235282260776815
568.141563506321,1.2338517024426863
568.241563506321,1.2324106190591722
568.341563506321,1.2309584729942573
568.441563506321,1.229494766065511
568.541563506321,1.2280190396015456
568.6415635063211,1.2265308744120726
568.7415635063211,1.2250298906705774
568.8415635063211,1.223515747713681
568.9415635063211,1.221988143761288
569.0415635063212,1.2204468155616397
569.1415635063212,1.218891537965389
569.2415635063212,1.2173221234328093
569.3415635063212,1.215738421478219
569.4415635063212,1.214140318055672
569.5415635063213,1.2125277348899188
569.6415635063213,1.2109006287565829
569.7415635063213,1.2092589907154332
569.8415635063213,1.2076028453005627
569.9415635063214,1.2059322496711917
570.0415635063214,1.2042472927267371
570.1415635063214,1.2025480941896851
570.2415635063214,1.200834803659709
570.3415635063214,1.1991075996423657
570.4415635063215,1.197366688555599
570.5415635063215,1.19561230371716
570.6415635063215,1.1938447043159461
570.7415635063215,1.1920641743701361
570.8415635063216,1.190271021674885
570.9415635063216,1.1884655767422208
571.0415635063216,1.1866481917356617
571.1415635063216,1.1848192394019597
571.2415635063217,1.1829791120022453
571.3415635063217,1.181128220244739
571.4415635063217,1.179266992221071
571.5415635063217,1.1773958723481366
571.6415635063217,1.1755153203172983
571.7415635063218,1.173625810052634
571.8415635063218,1.1717278286798192
571.9415635063218,1.1698218755071266
572.0415635063218,1.1679084610199153
572.1415635063219,1.1659881058898858
572.2415635063219,1.164061340000277
572.3415635063219,1.1621287014880783
572.4415635063219,1.1601907358042511
572.541563506322,1.1582479947928497
572.641563506322,1.1563010357898587
572.741563506322,1.1543504207424726
572.841563506322,1.152396715349469
572.941563506322,1.15044048822325
573.0415635063221,1.1484823100740569
573.1415635063221,1.1465227529167903
573.2415635063221,1.1445623893008046
573.3415635063221,1.142601791562988
573.4415635063222,1.1406415311043747
573.5415635063222,1.138682177690483
573.6415635063222,1.1367242987755222
573.7415635063222,1.1347684588505618
573.8415635063222,1.1328152188157052
573.9415635063223,1.130865135376279
574.0415635063223,1.1289187604629911
574.1415635063223,1.126976640675989
574.2415635063223,1.1250393167527073
574.3415635063224,1.123107323059357
574.4415635063224,1.1211811871058868
574.5415635063224,1.1192614290842116
574.6415635063224,1.1173485614294811
574.7415635063224,1.115443088404137
574.8415635063225,1.11354550570448
574.9415635063225,1.1116563000894568
575.0415635063225,1.1097759490313501
575.1415635063225,1.107904920388043
575.2415635063226,1.1060436720965083
575.3415635063226,1.1041926518871685
575.4415635063226,1.1023522970187474
575.5415635063226,1.100523034033234
575.6415635063227,1.0987052785305629
575.7415635063227,1.0968994349626082
575.8415635063227,1.0951058964460796
575.9415635063227,1.0933250445939025
576.0415635063227,1.091557249364661
576.1415635063228,1.0898028689296695
576.2415635063228,1.0880622495572447
576.3415635063228,1.0863357255137365
576.4415635063228,1.084623618980881
576.5415635063229,1.0829262399890327
576.6415635063229,1.0812438863658282
576.7415635063229,1.0795768436998454
576.8415635063229,1.0779253853188004
576.941563506323,1.0762897722818474
577.041563506323,1.0746702533855308
577.141563506323,1.073067065182946
577.241563506323,1.0714804320156655
577.341563506323,1.069910566057991
577.4415635063231,1.06835766737309
577.5415635063231,1.0668219239805767
577.6415635063231,1.0653035119351117
577.7415635063231,1.0638025954155772
577.8415635063232,1.0623193268244082
577.9415635063232,1.0608538468966497
578.0415635063232,1.0594062848183206
578.1415635063232,1.057976758353666
578.2415635063232,1.0565653739808847
578.3415635063233,1.055172227035924
578.4415635063233,1.0537974018639362
578.5415635063233,1.0524409719779975
578.6415635063233,1.0511030002246964
578.7415635063234,1.049783538956201
578.8415635063234,1.0484826302084198
578.9415635063234,1.0472003058848833
579.0415635063234,1.0459365879459654
579.1415635063235,1.0446914886030856
579.2415635063235,1.0434650105175267
579.3415635063235,1.042257147003515
579.4415635063235,1.0410678822352148
579.5415635063235,1.0398971914572943
579.6415635063236,1.0387450411987293
579.7415635063236,1.037611389489516
579.8415635063236,1.0364961860799677
579.9415635063236,1.0353993726622877
580.0415635063237,1.0343208830941029
580.1415635063237,1.033260643623664
580.2415635063237,1.0322185731164146
580.3415635063237,1.0311945832826448
580.4415635063237,1.0301885789059517
580.5415635063238,1.0292004580722351
580.6415635063238,1.0282301123989634
580.7415635063238,1.0272774272644551
580.8415635063238,1.0263422820369303
580.9415635063239,1.0254245503030857
581.0415635063239,1.0245241000959648
581.1415635063239,1.0236407941219001
581.2415635063239,1.022774489986303
581.341563506324,1.0219250404180997
581.441563506324,1.0210922934926088
581.541563506324,1.020276092852664
581.641563506324,1.0194762779278024
581.741563506324,1.0186926841513346
581.8415635063241,1.0179251431751315
581.9415635063241,1.0171734830819599
582.0415635063241,1.0164375285952176
582.1415635063241,1.01571710128592
582.2415635063242,1.0150120197767953
582.3415635063242,1.0143220999433606
582.4415635063242,1.0136471551118553
582.5415635063242,1.01298699625391
582.6415635063242,1.0123414321778488
582.7415635063243,1.0117102697165168
582.8415635063243,1.0110933139115412
582.9415635063243,1.0104903681939388
583.0415635063243,1.0099012345609866
583.1415635063244,1.009325713749284
583.2415635063244,1.0087636054039382
583.3415635063244,1.0082147082438144
583.4415635063244,1.007678820222794
583.5415635063245,1.0071557386869956
583.6415635063245,1.0066452605279161
583.7415635063245,1.0061471823314594
583.8415635063245,1.0056613005228185
583.9415635063245,1.0051874115071946
584.0415635063246,1.0047253118063277
584.1415635063246,1.004274798190835
584.2415635063246,1.0038356678083422
584.3415635063246,1.0034077183074113
584.4415635063247,1.0029907479572675
584.5415635063247,1.0025845557633317
584.6415635063247,1.0021889415785734
584.7415635063247,1.0018037062107013
584.8415635063247,1.0014286515252109
584.9415635063248,1.001063580544321
585.0415635063248,1.0007082975418227
585.1415635063248,1.0003626081338786
585.2415635063248,1.0000263193658092
585.3415635063249,0.9996992397949087
585.4415635063249,0.9993811795693306
585.5415635063249,0.999071950503097
585.6415635063249,0.9987713661472771
585.741563506325,0.9984792418573908
585.841563506325,0.9981953948570933
585.941563506325,0.9979196442982
586.041563506325,0.9976518113171102
586.141563506325,0.9973917190876973
586.2415635063251,0.9971391928707259
586.3415635063251,0.9968940600598666
586.4415635063251,0.9966561502243756
586.5415635063251,0.9964252951485103
586.6415635063252,0.9962013288677517
586.7415635063252,0.9959840877019082
586.8415635063252,0.9957734102851737
586.9415635063252,0.9955691375932167
587.0415635063252,0.9953711129673743
587.1415635063253,0.9951791821360307
587.2415635063253,0.9949931932332553
587.3415635063253,0.9948129968147796
587.4415635063253,0.994638445871391
587.5415635063254,0.9944693958398213
587.6415635063254,0.9943057046112093
587.7415635063254,0.9941472325372156
587.8415635063254,0.9939938424338695
587.9415635063255,0.9938453995832232
588.0415635063255,0.9937017717328954
588.1415635063255,0.9935628290935792
588.2415635063255,0.9934284443345912
588.3415635063255,0.9932984925775421
588.4415635063256,0.9931728513881993
588.5415635063256,0.9930514007666222
588.6415635063256,0.9929340231356399
588.7415635063256,0.9928206033277494
588.8415635063257,0.992711028570503
588.9415635063257,0.9926051884704599
589.0415635063257,0.9925029749957699
589.1415635063257,0.9924042824574609
589.2415635063257,0.9923090074894976
589.3415635063258,0.9922170490276782
589.4415635063258,0.9921283082874366
589.5415635063258,0.9920426887406132
589.6415635063258,0.9919600960912582
589.7415635063259,0.99188043825053
589.8415635063259,0.9918036253107482
589.9415635063259,0.9917295695186616
590.0415635063259,0.991658185247989
590.141563506326,0.9915893889712867
590.241563506326,0.9915230992312015
590.341563506326,0.9914592366111602
590.441563506326,0.9913977237055469
590.541563506326,0.9913384850894206
590.6415635063261,0.9912814472878203
590.7415635063261,0.9912265387447063
590.8415635063261,0.9911736897915825
590.9415635063261,0.9911228326158433
591.0415635063262,0.9910739012288917
591.1415635063262,0.9910268314340651
591.2415635063262,0.9909815607944112
591.3415635063262,0.9909380286003538
591.4415635063262,0.9908961758372808
591.5415635063263,0.9908559451530957
591.6415635063263,0.9908172808257609
591.7415635063263,0.99078012873087
591.8415635063263,0.9907444363092772
591.9415635063264,0.9907101525348148
592.0415635063264,0.990677227882127
592.1415635063264,0.990645614294647
592.2415635063264,0.9906152651527427
592.3415635063265,0.9905861352420563
592.4415635063265,0.9905581807220595
592.5415635063265,0.9905313590948476
592.6415635063265,0.9905056291741917
592.7415635063265,0.9904809510548702
592.8415635063266,0.9904572860822951
592.9415635063266,0.9904345968224529
593.0415635063266,0.9904128470321751
593.1415635063266,0.9903920016297516
593.2415635063267,0.9903720266659031
593.3415635063267,0.9903528892951247
593.4415635063267,0.9903345577474103
593.5415635063267,0.9903170013003725
593.6415635063267,0.9903001902517634
593.7415635063268,0.9902840958924087
593.8415635063268,0.9902686904795619
593.9415635063268,0.9902539472106847
594.0415635063268,0.9902398401976615
594.1415635063269,0.9902263444414535
594.2415635063269,0.9902134358071956
594.3415635063269,0.9902010909997413
594.4415635063269,0.9901892875396602
594.541563506327,0.9901780037396872
594.641563506327,0.9901672186816296
594.741563506327,0.99015691219373
594.841563506327,0.9901470648284878
594.941563506327,0.9901376578409394
595.0415635063271,0.9901286731673953
595.1415635063271,0.9901200934046351
595.2415635063271,0.9901119017895585
595.3415635063271,0.9901040821792891
595.4415635063272,0.990096619031731
595.5415635063272,0.990089497386574
595.6415635063272,0.9900827028467457
595.7415635063272,0.9900762215603046
