30.358160271478432,0.009542101941794194
30.368160271478434,0.009640349665550324
30.378160271478436,0.00974011842914613
30.388160271478437,0.009841439704916325
30.39816027147844,0.00994434578109626
30.40816027147844,0.010048869787261506
30.418160271478442,0.010155045720694842
30.428160271478443,0.010262908473719419
30.438160271478445,0.010372493862038602
30.448160271478447,0.010483838654124967
30.458160271478448,0.010596980601702935
30.46816027147845,0.010711958471371642
30.47816027147845,0.010828812077416905
30.488160271478453,0.01094758231586347
30.498160271478454,0.011068311199821238
30.508160271478456,0.011191041896181782
30.518160271478457,0.01131581876372423
30.52816027147846,0.011442687392692458
30.53816027147846,0.011571694645908709
30.548160271478462,0.011702888701491899
30.558160271478464,0.011836319097252315
30.568160271478465,0.011972036776838075
30.578160271478467,0.012110094137712461
30.58816027147847,0.012250545081045342
30.59816027147847,0.012393445063606049
30.60816027147847,0.012538851151749726
30.618160271478473,0.012686822077593791
30.628160271478475,0.012837418297486258
30.638160271478476,0.01299070205287295
30.648160271478478,0.013146737433676323
30.65816027147848,0.01330559044430453
30.66816027147848,0.013467329072415666
30.678160271478482,0.013632023360568915
30.688160271478484,0.01379974548090128
30.698160271478486,0.013970569812976182
30.708160271478487,0.014144573024958147
30.71816027147849,0.014321834158276236
30.72816027147849,0.014502434715947903
30.738160271478492,0.014686458754744308
30.748160271478493,0.014873992981388478
30.758160271478495,0.015065126852988166
30.768160271478497,0.015259952681916822
30.778160271478498,0.015458565745368124
30.7881602714785,0.01566106439982242
30.7981602714785,0.01586755020067711
30.808160271478503,0.01607812802730755
30.818160271478504,0.01629290621384055
30.828160271478506,0.016511996685939157
30.838160271478507,0.016735515103914734
30.84816027147851,0.016963581012501377
30.85816027147851,0.01719631799764743
30.868160271478512,0.017433853850700228
30.878160271478514,0.017676320740383025
30.888160271478515,0.017923855392986878
30.898160271478517,0.01817659928122672
30.90816027147852,0.018434698822237874
30.91816027147852,0.018698305585219184
30.92816027147852,0.018967576509260165
30.938160271478523,0.01924267413192356
30.948160271478525,0.019523766829190464
30.958160271478526,0.019811029067414
30.968160271478528,0.020104641667968735
30.97816027147853,0.020404792085327198
30.98816027147853,0.020711674699342462
30.998160271478532,0.02102549112256632
31.008160271478534,0.021346450523487333
31.018160271478536,0.02167476996663131
31.028160271478537,0.0220106747705296
31.03816027147854,0.02235439888462811
31.04816027147854,0.022706185286282078
31.058160271478542,0.023066286399059825
31.068160271478543,0.023434964533662183
31.078160271478545,0.023812492352854382
31.088160271478547,0.024199153361904306
31.098160271478548,0.024595242426125177
31.10816027147855,0.025001066317233454
31.11816027147855,0.025416944290353884
31.128160271478553,0.025843208693634535
31.138160271478554,0.02628020561257575
31.148160271478556,0.026728295551329353
31.158160271478557,0.027187854153389198
31.16816027147856,0.027659272964271918
31.17816027147856,0.028142960238979362
31.188160271478562,0.028639341797242108
31.198160271478564,0.029148861929769197
31.208160271478565,0.029671984358973034
31.218160271478567,0.03020919325790298
31.22816027147857,0.03076099433140824
31.23816027147857,0.03132791596386162
31.24816027147857,0.03191051043811364
31.258160271478573,0.032509355230713397
31.268160271478575,0.03312505438883152
31.278160271478576,0.03375823999475382
31.288160271478578,0.03440957372428654
31.29816027147858,0.03507974850592706
31.30816027147858,0.03576949028821419
31.318160271478583,0.036479559923281474
31.328160271478584,0.03721075517530185
31.338160271478586,0.03796391286323852
31.348160271478587,0.03873991114810834
31.35816027147859,0.03953967197583067
31.36816027147859,0.0403641636876803
31.378160271478592,0.04121440381139915
31.388160271478593,0.04209146204715402
31.398160271478595,0.042996463463768675
31.408160271478597,0.0439305919220191
31.418160271478598,0.044895093743270977
31.4281602714786,0.04589128164337527
31.4381602714786,0.04692053895353301
31.448160271478603,0.04798432415181378
31.458160271478604,0.04908417573118001
31.468160271478606,0.0502217174322532
31.478160271478608,0.05139866387168226
31.48816027147861,0.052616826599861125
31.49816027147861,0.05387812062492417
31.508160271478612,0.05518457144345285
31.518160271478614,0.05653832262219233
31.528160271478615,0.05794164397933919
31.538160271478617,0.059396940418665826
31.54816027147862,0.06090676147494073
31.55816027147862,0.062473811634838804
31.56816027147862,0.06410096150387189
31.578160271478623,0.06579125989687043
31.588160271478625,0.06754794693728547
31.598160271478626,0.06937446825913249
31.608160271478628,0.07127449041485365
31.61816027147863,0.0732519176028264
31.62816027147863,0.07531090983979749
31.638160271478633,0.07745590271628408
31.648160271478634,0.07969162888708227
31.658160271478636,0.08202314146458302
31.668160271478637,0.08445583949976129
31.67816027147864,0.08699549575461671
31.68816027147864,0.08964828699065848
31.698160271478642,0.09242082702089699
31.708160271478643,0.09532020279787876
31.718160271478645,0.0983540138377307
31.728160271478647,0.10153041531008374
31.738160271478648,0.10485816515623174
31.74816027147865,0.10834667563299488
31.75816027147865,0.1120060697174906
31.768160271478653,0.11584724284825179
31.778160271478654,0.119881930520625
31.788160271478656,0.12412278229868823
31.798160271478658,0.12858344285134382
31.80816027147866,0.13327864066570874
31.81816027147866,0.1382242851348991
31.828160271478662,0.14343757275761537
31.838160271478664,0.14893710322053536
31.848160271478665,0.15474300615726716
31.858160271478667,0.1608770793838443
31.86816027147867,0.16736293939286737
31.87816027147867,0.1742261848362516
31.88816027147867,0.18149457362663474
31.898160271478673,0.18919821412201793
31.908160271478675,0.19736977060371505
31.918160271478676,0.2060446828835177
31.928160271478678,0.21526139934219915
31.93816027147868,0.2250616219563178
31.94816027147868,0.23549056084697573
31.958160271478683,0.2465971944971541
31.968160271478684,0.2584345299245211
31.978160271478686,0.27105985462654
31.988160271478687,0.284534968862206
31.99816027147869,0.298926382587268
32.00816027147869,0.31430545585914366
32.01816027147869,0.33074845446695167
32.0281602714787,0.3483364835667446
32.038160271478695,0.36715525082180367
32.04816027147869,0.38729459655989235
32.0581602714787,0.40884771140224324
32.0681602714787,0.43190994146036493
32.0781602714787,0.45657705758327105
32.0881602714787,0.4829428388296521
32.098160271478704,0.5110957927611421
32.10816027147871,0.5411148090905988
32.11816027147871,0.5730635234897494
32.128160271478706,0.6069831626373883
32.13816027147871,0.6428836613046183
32.148160271478716,0.6807329033708367
32.158160271478714,0.7204440617587248
32.16816027147871,0.7618612214591577
32.17816027147872,0.804743788963194
32.18816027147872,0.8487506366044356
32.19816027147872,0.8934254971285734
32.20816027147872,0.9381857695409656
32.21816027147872,0.9823175208975056
32.22816027147873,1.024979896354199
32.238160271478726,1.0652221396982717
32.248160271478724,1.1020157106039703
32.25816027147873,1.1343023590215235
32.268160271478735,1.1610564730963249
32.27816027147873,1.1813568708975244
32.28816027147873,1.19446014526868
32.298160271478736,1.1998656358768782
32.30816027147874,1.197361981097697
32.31816027147874,1.1870474293666706
32.32816027147874,1.169320349581499
32.33816027147874,1.1448416148124925
32.34816027147875,1.1144753063384085
32.358160271478745,1.0792172401497047
32.36816027147874,1.0401215459306414
32.37816027147875,0.9982341095967907
32.38816027147875,0.9545388920294852
32.39816027147875,0.9099199239310833
32.40816027147875,0.8651389543769558
32.418160271478754,0.8208267530928589
32.42816027147876,0.7774850321751253
32.43816027147876,0.7354957134071284
32.448160271478756,0.695134564794651
32.45816027147876,0.6565868056719006
32.468160271478766,0.6199629327450286
32.478160271478764,0.5853136229266813
32.48816027147876,0.5526430608673403
32.49816027147877,0.5219204034969738
32.50816027147877,0.49308934095885704
32.51816027147877,0.4660758651847724
32.52816027147877,0.44079443864268675
32.53816027147877,0.4171527886216675
32.54816027147878,0.39505555449989804
32.558160271478776,0.37440699979354625
32.568160271478774,0.3551129763597729
32.57816027147878,0.3370823006911795
32.588160271478785,0.32022767523812457
32.59816027147878,0.30446626298845203
32.60816027147878,0.28972000195136827
32.618160271478786,0.27591572793638625
32.62816027147879,0.2629851589387294
32.63816027147879,0.2508647822120567
32.64816027147879,0.23949567533284083
32.65816027147879,0.22882328483897948
32.6681602714788,0.218797179988751
32.678160271478795,0.20937079451024518
32.68816027147879,0.2005011656199072
32.6981602714788,0.19214867685288042
32.7081602714788,0.18427680918118897
32.7181602714788,0.1768519033489215
32.7281602714788,0.16984293520757568
32.738160271478804,0.1632213049958777
32.74816027147881,0.1569606409035283
32.75816027147881,0.15103661683064967
32.768160271478806,0.14542678396022204
32.77816027147881,0.1401104155656272
32.788160271478816,0.1350683643536848
32.798160271478814,0.1302829315756343
32.80816027147881,0.1257377471093951
32.81816027147882,0.12141765971479648
32.82816027147882,0.11730863668086093
32.83816027147882,0.11339767211438657
32.84816027147882,0.10967270315734942
32.85816027147882,0.10612253346355821
32.86816027147883,0.10273676331010077
32.878160271478826,0.09950572576470465
32.888160271478824,0.09642042837496809
32.89816027147883,0.09347249988863861
32.908160271478835,0.09065414155520174
32.91816027147883,0.08795808259772069
32.92816027147883,0.08537753947996722
32.938160271478836,0.08290617862733195
32.94816027147884,0.08053808229082958
32.95816027147884,0.07826771727184514
32.96816027147884,0.07608990625120506
32.97816027147884,0.07399980148981815
32.98816027147885,0.07199286068967198
32.998160271478845,0.07006482482356545
33.00816027147884,0.06821169775976287
33.01816027147885,0.06642972752388585
33.02816027147885,0.06471538905496986
33.03816027147885,0.06306536832585308
33.04816027147885,0.06147654771005828
33.058160271478854,0.05994599248817173
33.06816027147886,0.058470938396522606
33.07816027147886,0.057048780129842346
33.088160271478856,0.05567706071762034
33.09816027147886,0.054353461701134455
33.108160271478866,0.053075794044699746
33.118160271478864,0.05184198972062814
33.12816027147886,0.05065009391278674
33.13816027147887,0.0494982577885195
33.14816027147887,0.04838473179310937
33.15816027147887,0.0473078594249667
33.16816027147887,0.04626607145336836
33.17816027147887,0.045257880543868624
33.18816027147888,0.04428187625948798
33.198160271478876,0.043336720408504836
33.208160271478874,0.04242114271215045
33.21816027147888,0.041533936767750766
33.228160271478885,0.040673956284897034
33.23816027147888,0.03984011157408552
33.24816027147888,0.03903136626896578
33.258160271478886,0.03824673426487793
33.26816027147889,0.03748527685776242
33.27816027147889,0.03674610006880913
33.28816027147889,0.036028352141388734
33.29816027147889,0.03533122119787934
33.3081602714789,0.03465393304497492
33.318160271478895,0.03399574911695739
33.32816027147889,0.0333559645472366
33.3381602714789,0.0327339063592117
33.3481602714789,0.03212893176819026
33.3581602714789,0.03154042658673152
33.3681602714789,0.030967803726361223
33.378160271478905,0.030410501789134757
33.38816027147891,0.029867983743009457
33.39816027147891,0.029339735675433604
33.408160271478906,0.02882526561997485
33.41816027147891,0.028324102451188323
33.428160271478916,0.02783579484327022
33.438160271478914,0.027359910288363293
33.44816027147891,0.026896034170679546
33.45816027147892,0.026443768892877473
33.46816027147892,0.026002733051379685
33.47816027147892,0.025572560657549575
33.48816027147892,0.025152900401862105
33.49816027147892,0.024743414958402075
33.50816027147893,0.024343780327203468
33.518160271478926,0.023953685212113444
33.528160271478924,0.023572830432023573
33.53816027147893,0.023200928363455754
33.548160271478935,0.022837702412622764
33.55816027147893,0.022482886515208095
33.56816027147893,0.022136224662227727
33.578160271478936,0.021797470450443328
33.58816027147894,0.021466386655894218
33.59816027147894,0.02114274482920808
33.60816027147894,0.020826324911438175
33.61816027147894,0.02051691486925488
33.62816027147895,0.0202143103483916
33.638160271478945,0.01991831434431465
33.64816027147894,0.019628736889152863
33.65816027147895,0.01934539475398241
33.66816027147895,0.01906811116561683
33.67816027147895,0.01879671553710422
33.68816027147895,0.018531043211184046
33.698160271478955,0.018270935216001136
33.70816027147896,0.018016238032415324
33.71816027147896,0.017766803372284746
33.728160271478956,0.017522487967139455
33.73816027147896,0.017283153366696336
33.748160271478966,0.017048665746697098
33.758160271478964,0.01681889572558167
33.76816027147896,0.016593718189538885
33.77816027147897,0.016373012125502556
33.78816027147897,0.01615666046168487
33.79816027147897,0.01594454991526215
33.80816027147897,0.015736570846850987
33.81816027147897,0.015532617121433475
33.82816027147898,0.015332585975407776
33.838160271478976,0.015136377889458616
33.848160271478974,0.01494389646696034
33.85816027147898,0.014755048317640731
33.868160271478985,0.014569742946247861
33.87816027147898,0.014387892645976128
33.88816027147898,0.014209412396421872
33.898160271478986,0.014034219765851454
33.90816027147899,0.013862234817575113
33.91816027147899,0.013693380020230952
33.92816027147899,0.013527580161794906
33.93816027147899,0.013364762267142036
33.948160271479,0.013204855518992666
33.958160271478995,0.013047791182085789
33.96816027147899,0.012893502530430952
33.978160271479,0.012741924777497707
33.988160271479,0.012592995009207882
33.998160271479,0.012446652119602854
34.008160271479,0.012302836749065427
34.018160271479005,0.012161491224981795
34.02816027147901,0.012022559504734102
34.03816027147901,0.011885987120919542
34.048160271479006,0.01175172112869797
34.05816027147901,0.01161971005517461
34.068160271479016,0.01148990385072855
34.078160271479014,0.011362253842201839
34.08816027147901,0.011236712687868994
34.09816027147902,0.011113234334110607
34.10816027147902,0.010991773973717572
34.11816027147902,0.010872288005756113
34.12816027147902,0.010754733996927763
34.13816027147902,0.010639070644361441
34.14816027147903,0.010525257739777269
34.15816027147903,0.010413256134964409
34.168160271479024,0.010303027708518665
34.17816027147903,0.010194535333788068
34.188160271479035,0.010087742847976375
34.19816027147903,0.009982615022356794
34.20816027147903,0.009879117533551012
34.218160271479036,0.009777216935830597
34.22816027147904,0.009676880634399237
34.23816027147904,0.009578076859616187
34.24816027147904,0.009480774642123518
34.25816027147904,0.009384943788841625
34.26816027147905,0.009290554859798263
34.278160271479045,0.009197579145758032
34.28816027147904,0.009105988646621271
34.29816027147905,0.009015756050562547
34.30816027147905,0.008926854713879766
34.31816027147905,0.008839258641526222
34.32816027147905,0.008752942468299581
34.338160271479055,0.008667881440662849
34.34816027147906,0.008584051399173056
34.35816027147906,0.008501428761494303
34.368160271479056,0.00841999050597344
34.37816027147906,0.008339714155757386
34.388160271479066,0.008260577763431613
34.398160271479064,0.008182559896160206
34.40816027147906,0.008105639621309089
34.41816027147907,0.008029796492534817
34.42816027147907,0.007955010536321616
34.43816027147907,0.00788126223895007
34.44816027147907,0.007808532533881947
34.45816027147907,0.007736802789546276
34.46816027147908,0.007666054797512025
34.47816027147908,0.0075962707610332265
34.488160271479074,0.007527433283953508
34.49816027147908,0.007459525359957349
34.508160271479085,0.007392530362155616
34.51816027147908,0.007326432032993384
34.52816027147908,0.007261214474468866
34.538160271479086,0.007196862138652809
34.54816027147909,0.007133359818497635
34.55816027147909,0.007070692638926119
34.56816027147909,0.0070088460481901385
34.57816027147909,0.006947805809490352
34.5881602714791,0.006887557992847686
34.598160271479095,0.0068280889672178964
34.60816027147909,0.006769385392841076
34.6181602714791,0.006711434213818356
34.6281602714791,0.006654222650907969
34.6381602714791,0.0065977381945331115
34.6481602714791,0.006541968597994769
34.658160271479105,0.006486901870882751
34.66816027147911,0.00643252627267827
34.67816027147911,0.00637883030654154
34.688160271479106,0.0063258027132785085
34.69816027147911,0.006273432465480968
34.708160271479116,0.0062217087618342505
34.718160271479114,0.006170621021586934
34.72816027147911,0.00612015887917742
34.73816027147912,0.00607031217901253
34.74816027147912,0.006021070970393034
34.75816027147912,0.005972425502581304
34.76816027147912,0.005924366220006723
34.77816027147912,0.005876883757604565
34.78816027147913,0.005829968936284032
34.79816027147913,0.0057836127585212385
34.808160271479125,0.005737806404073336
34.81816027147913,0.005692541225810164
34.828160271479135,0.005647808745659595
34.83816027147913,0.0056036006506629535
34.84816027147913,0.005559908789137216
34.858160271479136,0.0055167251669408545
34.86816027147914,0.00547404194383998
34.87816027147914,0.00543185142997166
34.88816027147914,0.00539014608240151
34.89816027147914,0.005348918501772879
34.90816027147915,0.005308161429044708
34.918160271479145,0.00526786774231528
34.92816027147914,0.005228030453729423
34.93816027147915,0.00518864270646677
34.94816027147915,0.005149697771808553
34.95816027147915,0.0051111890462804885
34.96816027147915,0.005073110048869645
34.978160271479155,0.0050354544183131705
34.98816027147916,0.004998215910456723
34.99816027147916,0.004961388395680412
35.008160271479156,0.004924965856390425
35.01816027147916,0.004888942384574531
35.028160271479166,0.004853312179419484
35.038160271479164,0.00481806954498848
35.04816027147916,0.004783208887957027
35.05816027147917,0.004748724715405647
35.06816027147917,0.004714611632667711
35.07816027147917,0.004680864341230736
35.08816027147917,0.004647477636689714
35.09816027147917,0.004614446406751126
35.10816027147918,0.00458176562928611
35.11816027147918,0.004549430370431296
35.128160271479175,0.004517435782736101
35.13816027147918,0.004485777103355269
35.148160271479185,0.004454449652285295
35.15816027147918,0.004423448830643464
35.16816027147918,0.0043927701189883876
35.178160271479186,0.004362409075681026
35.18816027147919,0.004332361335284937
35.19816027147919,0.004302622607004687
35.20816027147919,0.004273188673161383
35.21816027147919,0.004244055387704468
35.2281602714792,0.004215218674758691
35.238160271479195,0.004186674527205222
35.24816027147919,0.0041584190052960796
35.2581602714792,0.0041304482353010895
35.2681602714792,0.004102758408186379
35.2781602714792,0.004075345778323523
35.2881602714792,0.004048206662228622
35.298160271479205,0.004021337437330549
35.30816027147921,0.0039947345407675885
35.31816027147921,0.003968394468211583
35.328160271479206,0.003942313772718999
35.33816027147921,0.003916489063608254
35.348160271479216,0.0038909170053625457
35.358160271479214,0.003865594316557487
35.36816027147921,0.003840517768812933
35.37816027147922,0.0038156841857684837
35.38816027147922,0.003791090442081979
35.39816027147922,0.003766733462450308
35.40816027147922,0.003742610220652061
35.41816027147922,0.0037187177386115273
35.42816027147923,0.0036950530854834318
35.43816027147923,0.0036716133767578053
35.448160271479225,0.0036483957733845908
35.45816027147923,0.0036253974809174997
35.468160271479235,0.0036026157486766202
35.47816027147923,0.003580047868929227
35.48816027147923,0.0035576911760883934
35.498160271479236,0.0035355430459290526
35.50816027147924,0.0035136008948209985
35.51816027147924,0.0034918621789783487
35.52816027147924,0.0034703243937251305
35.53816027147924,0.003448985072776658
35.54816027147925,0.003427841787536257
35.558160271479245,0.003406892146406893
35.56816027147924,0.003386133794117408
35.57816027147925,0.0033655644110630843
35.58816027147925,0.0033451817126601085
35.59816027147925,0.0033249834487135564
35.60816027147925,0.0033049674027986376
35.618160271479255,0.0032851313916549356
35.62816027147926,0.003265473264593259
35.63816027147926,0.0032459909029147914
35.648160271479256,0.0032266822193422577
35.65816027147926,0.0032075451574629103
35.668160271479266,0.0031885776911829908
35.678160271479264,0.0031697778241933394
35.68816027147926,0.003151143589445955
35.69816027147927,0.0031326730486413
35.70816027147927,0.0031143642917260453
35.71816027147927,0.0030962154364009547
35.72816027147927,0.003078224627638752
35.73816027147927,0.0030603900372117502
35.74816027147928,0.0030427098632290106
35.75816027147928,0.003025182329682734
35.768160271479275,0.0030078056860037335
35.77816027147928,0.002990578206625828
35.788160271479285,0.0029734981905589135
35.79816027147928,0.0029565639609704522
35.80816027147928,0.0029397738647752515
35.818160271479286,0.002923126272233381
35.82816027147929,0.002906619576556013
35.83816027147929,0.0028902521935189425
35.84816027147929,0.002874022561083678
35.85816027147929,0.002857929139025975
35.8681602714793,0.0028419704085715985
35.878160271479295,0.0028261448720391055
35.88816027147929,0.002810451052489552
35.8981602714793,0.0027948874933830074
35.908160271479304,0.002779452758241667
35.9181602714793,0.002764145430319406
35.9281602714793,0.0027489641122776546
35.938160271479305,0.002733907425867501
35.94816027147931,0.002718974011617858
35.95816027147931,0.0027041625285295014
35.968160271479306,0.0026894716537749085
35.97816027147931,0.0026749000824038056
35.988160271479316,0.002660446527054271
35.998160271479314,0.00264610971766921
36.00816027147931,0.002631888401218163
36.01816027147932,0.0026177813414243376
36.02816027147932,0.0026037873184967344
36.03816027147932,0.0025899051288672185
36.04816027147932,0.0025761335849324584
36.05816027147932,0.0025624715148006797
36.06816027147933,0.0025489177620430952
36.07816027147933,0.0025354711854498617
36.088160271479325,0.002522130658790516
36.09816027147933,0.0025088950705788424
36.108160271479335,0.00249576332384202
36.11816027147933,0.002482734335893945
36.12816027147933,0.002469807038112663
36.138160271479336,0.0024569803757218765
36.14816027147934,0.0024442533075763953
36.15816027147934,0.0024316248059514144
36.16816027147934,0.0024190938563355873
36.17816027147934,0.002406659457227843
36.18816027147935,0.002394320619937826
36.198160271479345,0.00238207636838988
36.20816027147934,0.002369925738930501
36.21816027147935,0.002357867780139254
36.228160271479354,0.002345901552643033
36.23816027147935,0.002334026128933568
36.24816027147935,0.0023222405931881446
36.258160271479355,0.0023105440410935096
36.26816027147936,0.0022989355796728624
36.27816027147936,0.0022874143271158372
36.288160271479356,0.0022759794126114546
36.29816027147936,0.0022646299761840023
36.308160271479366,0.002253365168531776
36.318160271479364,0.0022421841508685728
36.32816027147936,0.00223108609476792
36.33816027147937,0.002220070182010028
36.34816027147937,0.002209135604431362
36.35816027147937,0.002198281563776771
36.36816027147937,0.002187507271554139
36.37816027147937,0.0021768119488915485
36.38816027147938,0.0021661948263968786
36.39816027147938,0.002155655144019751
36.408160271479375,0.0021451921509158156
36.41816027147938,0.0021348051053133627
36.428160271479385,0.0021244932743821783
36.43816027147938,0.002114255934104577
36.44816027147938,0.002104092369148601
36.458160271479386,0.002094001872743369
36.46816027147939,0.0020839837465565013
36.47816027147939,0.0020740373005735642
36.48816027147939,0.002064161852979515
36.49816027147939,0.002054356730042141
36.5081602714794,0.0020446212659974263
36.518160271479395,0.002034954802936781
36.52816027147939,0.002025356690696128
36.5381602714794,0.002015826286746838
36.548160271479404,0.002006362956088454
36.5581602714794,0.001996966071143135
36.5681602714794,0.0019876350116518333
36.578160271479405,0.001978369164572175
36.58816027147941,0.001969167923978006
36.59816027147941,0.001960030690960537
36.608160271479406,0.0019509568735310817
36.61816027147941,0.0019419458865254015
36.628160271479416,0.001932997151509568
36.638160271479414,0.0019241100966873315
36.64816027147941,0.001915284156808959
36.65816027147942,0.0019065187730815608
36.66816027147942,0.0018978133930808423
36.67816027147942,0.001889167470664236
36.68816027147942,0.0018805804658854133
36.69816027147942,0.0018720518449101696
36.70816027147943,0.0018635810799336452
36.71816027147943,0.0018551676490988168
36.728160271479425,0.0018468110364162826
36.73816027147943,0.0018385107316853196
36.748160271479435,0.0018302662304161797
36.75816027147943,0.0018220770337535814
36.76816027147943,0.001813942648401385
36.778160271479436,0.0018058625865484687
36.78816027147944,0.0017978363657957545
36.79816027147944,0.0017898635090843357
36.80816027147944,0.0017819435446247219
36.81816027147944,0.001774076005827191
36.82816027147945,0.0017662604312332195
36.838160271479445,0.0017584963644479326
36.84816027147944,0.0017507833540736
36.85816027147945,0.0017431209536441612
36.868160271479454,0.0017355087215607558
36.87816027147945,0.0017279462210282052
36.88816027147945,0.001720433019992467
36.898160271479455,0.0017129686910790538
36.90816027147946,0.0017055528115323805
36.91816027147946,0.001698184963156012
36.928160271479456,0.0016908647322538039
36.93816027147946,0.0016835917095719512
36.948160271479466,0.001676365490241907
36.958160271479464,0.0016691856737241293
36.96816027147946,0.0016620518637526715
36.97816027147947,0.0016549636682806172
36.98816027147947,0.0016479206994263267
36.99816027147947,0.0016409225734204567
37.00816027147947,0.0016339689105537706
37.01816027147947,0.0016270593351257326
37.02816027147948,0.0016201934753938634
37.03816027147948,0.0016133709635238204
37.048160271479475,0.0016065914355402095
37.05816027147948,0.0015998545312781356
37.068160271479485,0.001593159894335465
37.07816027147948,0.001586507172025761
37.08816027147948,0.0015798960153319047
37.098160271479486,0.0015733260788604103
37.10816027147949,0.0015667970207964015
37.11816027147949,0.00156030850285922
37.12816027147949,0.001553860190258675
37.13816027147949,0.0015474517516519402
37.1481602714795,0.0015410828591010742
37.158160271479495,0.0015347531880311256
37.16816027147949,0.0015284624171888442
37.1781602714795,0.0015222102286019967
37.188160271479504,0.0015159963075392624
37.1981602714795,0.001509820342470683
37.2081602714795,0.001503682025028673
37.218160271479505,0.0014975810499696007
37.22816027147951,0.0014915171151359133
37.23816027147951,0.0014854899214187768
37.248160271479506,0.0014794991727212446
37.25816027147951,0.0014735445759219597
37.268160271479516,0.0014676258408393673
37.278160271479514,0.0014617426801964088
37.28816027147951,0.0014558948095857135
37.29816027147952,0.0014500819474352888
37.30816027147952,0.0014443038149746883
37.31816027147952,0.0014385601362016359
37.32816027147952,0.0014328506378491095
37.33816027147952,0.001427175049352899
37.34816027147953,0.0014215331028196098
37.35816027147953,0.0014159245329950939
37.368160271479525,0.0014103490772333122
37.37816027147953,0.0014048064754656425
37.388160271479535,0.0013992964701706081
37.39816027147953,0.001393818806344002
37.40816027147953,0.0013883732314694211
37.418160271479536,0.001382959495489218
37.42816027147954,0.0013775773507758453
37.43816027147954,0.0013722265521035745
37.44816027147954,0.0013669068566205976
37.45816027147954,0.0013616180238215237
37.46816027147955,0.0013563598155202402
37.478160271479545,0.0013511319958231327
37.48816027147954,0.0013459343311026566
37.49816027147955,0.001340766589971285
37.508160271479554,0.0013356285432557997
37.51816027147955,0.0013305199639719169
37.52816027147955,0.0013254406272992447
37.538160271479555,0.001320390310556593
37.54816027147956,0.0013153687931776118
37.55816027147956,0.0013103758566867338
37.568160271479556,0.001305411284675441
37.57816027147956,0.001300474862778855
37.588160271479566,0.001295566378652636
37.598160271479564,0.0012906856219501767
37.60816027147956,0.0012858323843000878
37.61816027147957,0.0012810064592840016
37.62816027147957,0.001276207642414657
37.63816027147957,0.0012714357311142646
37.64816027147957,0.0012666905246931507
37.658160271479574,0.001261971824328691
37.66816027147958,0.001257279433044522
37.67816027147958,0.001252613155690006
37.688160271479575,0.001247972798919962
37.69816027147958,0.001243358171174672
37.708160271479585,0.0012387690826601465
37.71816027147958,0.0012342053453286278
37.72816027147958,0.0012296667728593472
37.738160271479586,0.001225153180639541
37.74816027147959,0.0012206643857457058
37.75816027147959,0.0012162002069250873
37.76816027147959,0.0012117604645773996
37.77816027147959,0.0012073449807367925
37.7881602714796,0.001202953579054047
37.798160271479595,0.001198586084778985
37.80816027147959,0.0011942423247431008
37.8181602714796,0.001189922127342425
37.828160271479604,0.0011856253225206053
37.8381602714796,0.0011813517417521861
37.8481602714796,0.0011771012180261014
37.858160271479605,0.0011728735858293838
37.86816027147961,0.0011686686811310787
37.87816027147961,0.0011644863413663505
37.888160271479606,0.001160326405420782
37.89816027147961,0.001156188713614884
37.908160271479616,0.0011520731076888006
37.918160271479614,0.0011479794307871851
37.92816027147961,0.001143907527444273
37.93816027147962,0.0011398572435691412
37.94816027147962,0.0011358284264311568
37.95816027147962,0.0011318209246455927
37.96816027147962,0.001127834588159415
37.978160271479624,0.0011238692682372636
37.98816027147963,0.0011199248174475994
37.99816027147963,0.0011160010896490136
38.008160271479625,0.0011120979399766992
38.01816027147963,0.0011082152248291064
38.028160271479635,0.0011043528018547513
38.03816027147963,0.0011005105299391848
38.04816027147963,0.001096688269192107
38.058160271479636,0.0010928858809346601
38.06816027147964,0.0010891032276868686
38.07816027147964,0.0010853401731552212
38.08816027147964,0.0010815965822204047
38.09816027147964,0.0010778723209251943
38.10816027147965,0.0010741672564624878
38.118160271479645,0.0010704812571634768
38.12816027147964,0.0010668141924859579
38.13816027147965,0.0010631659330027894
38.148160271479654,0.0010595363503904957
38.15816027147965,0.001055925317417986
38.16816027147965,0.0010523327079354158
38.178160271479655,0.0010487583968631848
38.18816027147966,0.0010452022601810708
38.19816027147966,0.0010416641749174751
38.208160271479656,0.0010381440191388031
38.21816027147966,0.0010346416719389723
38.228160271479666,0.0010311570134290489
38.238160271479664,0.0010276899247269957
38.24816027147966,0.001024240287947537
38.25816027147967,0.0010208079861921558
38.26816027147967,0.0010173929035392061
38.27816027147967,0.0010139949250341322
38.28816027147967,0.0010106139366797982
38.298160271479674,0.0010072498254269466
38.30816027147968,0.0010039024791647596
38.31816027147968,0.0010005717867115277
38.328160271479675,0.0009972576378054201
38.33816027147968,0.000993959923095376
38.348160271479685,0.0009906785341320982
38.35816027147968,0.000987413363359142
38.36816027147968,0.0009841643041041067
38.378160271479686,0.0009809312505699383
38.38816027147969,0.0009777140978263286
38.39816027147969,0.0009745127418012073
38.40816027147969,0.0009713270792723316
38.41816027147969,0.0009681570078589748
38.4281602714797,0.0009650024260137193
38.438160271479695,0.000961863233014323
