30.358160271478432,4.759883571955613
30.368160271478434,4.7599826643259195
30.378160271478436,4.760083311968158
30.388160271478437,4.76018554764338
30.39816027147844,4.760289404972778
30.40816027147844,4.7603949184644625
30.418160271478442,4.760502123541211
30.428160271478443,4.760611056569206
30.438160271478445,4.760721754887824
30.448160271478447,4.7608342568405
30.458160271478448,4.760948601806732
30.46816027147845,4.761064830235253
30.47816027147845,4.761182983678435
30.488160271478453,4.761303104827969
30.498160271478454,4.761425237551878
30.508160271478456,4.761549426932918
30.518160271478457,4.761675719308431
30.52816027147846,4.761804162311704
30.53816027147846,4.761934804914914
30.548160271478462,4.7620676974737055
30.558160271478464,4.7622028917735
30.568160271478465,4.76234044107759
30.578160271478467,4.762480400177111
30.58816027147847,4.76262282544297
30.59816027147847,4.762767774879819
30.60816027147847,4.762915308182165
30.618160271478473,4.7630654867927165
30.628160271478475,4.763218373963068
30.638160271478476,4.7633740348168265
30.648160271478478,4.763532536415298
30.65816027147848,4.763693947825844
30.66816027147848,4.763858340193057
30.678160271478482,4.764025786812846
30.688160271478484,4.76419636320962
30.698160271478486,4.764370147216669
30.708160271478487,4.764547219059937
30.71816027147849,4.764727661445323
30.72816027147849,4.764911559649693
30.738160271478492,4.765099001615785
30.748160271478493,4.7652900780511915
30.758160271478495,4.7654848825316325
30.768160271478497,4.765683511608722
30.778160271478498,4.765886064922456
30.7881602714785,4.766092645318673
30.7981602714785,4.7663033589717125
30.808160271478503,4.7665183155125685
30.818160271478504,4.766737628162797
30.828160271478506,4.76696141387449
30.838160271478507,4.767189793476622
30.84816027147851,4.767422891828116
30.85816027147851,4.767660837977966
30.868160271478512,4.767903765332815
30.878160271478514,4.768151811832362
30.888160271478515,4.768405120133042
30.898160271478517,4.768663837800417
30.90816027147852,4.768928117510752
30.91816027147852,4.7691981172622935
30.92816027147852,4.769474000596768
30.938160271478523,4.769755936831697
30.948160271478525,4.770044101304107
30.958160271478526,4.770338675626309
30.968160271478528,4.770639847954403
30.97816027147853,4.770947813270265
30.98816027147853,4.771262773677783
30.998160271478532,4.771584938714166
31.008160271478534,4.771914525677218
31.018160271478536,4.772251759969516
31.028160271478537,4.772596875460496
31.03816027147854,4.772950114867516
31.04816027147854,4.773311730157045
31.058160271478542,4.773681982967193
31.068160271478543,4.7740611450528965
31.078160271478545,4.7744494987551525
31.088160271478547,4.774847337495779
31.098160271478548,4.775254966299324
31.10816027147855,4.77567270234381
31.11816027147855,4.776100875542156
31.128160271478553,4.776539829156237
31.138160271478554,4.7769899204456765
31.148160271478556,4.777451521353633
31.158160271478557,4.777925019232
31.16816027147856,4.778410817608606
31.17816027147856,4.778909336999221
31.188160271478562,4.779421015767355
31.198160271478564,4.7799463110350615
31.208160271478565,4.780485699648245
31.218160271478567,4.781039679200161
31.22816027147857,4.781608769117167
31.23816027147857,4.7821935118110215
31.24816027147857,4.782794473902415
31.258160271478573,4.783412247520767
31.268160271478575,4.784047451685703
31.278160271478576,4.78470073377611
31.288160271478578,4.785372771093066
31.29816027147858,4.786064272523537
31.30816027147858,4.7867759803122185
31.318160271478583,4.787508671949562
31.328160271478584,4.7882631621846565
31.338160271478586,4.789040305172391
31.348160271478587,4.789840996765091
31.35816027147859,4.790666176959695
31.36816027147859,4.791516832512499
31.378160271478592,4.792393999734502
31.388160271478593,4.793298767481554
31.398160271478595,4.794232280354715
31.408160271478597,4.795195742127615
31.418160271478598,4.796190419419095
31.4281602714786,4.797217645631036
31.4381602714786,4.7982788251730675
31.448160271478603,4.799375437997877
31.458160271478604,4.800509044472909
31.468160271478606,4.801681290616739
31.478160271478608,4.802893913730944
31.48816027147861,4.804148748461226
31.49816027147861,4.805447733324701
31.508160271478612,4.806792917743799
31.518160271478614,4.808186469631045
31.528160271478615,4.809630683573303
31.538160271478617,4.811127989668713
31.54816027147862,4.812680963074808
31.55816027147862,4.814292334331966
31.56816027147862,4.815965000532749
31.578160271478623,4.817702037414637
31.588160271478625,4.819506712461423
31.598160271478626,4.821382499107092
31.608160271478628,4.823333092145449
31.61816027147863,4.825362424459214
31.62816027147863,4.827474685193863
31.638160271478633,4.829674339514251
31.648160271478634,4.831966150096142
31.658160271478636,4.834355200520353
31.668160271478637,4.836846920754356
31.67816027147864,4.839447114925125
31.68816027147864,4.842161991607806
31.698160271478642,4.844998196877659
31.708160271478643,4.847962850397824
31.718160271478645,4.851063584842841
31.728160271478647,4.8543085889878155
31.738160271478648,4.857706654825557
31.74816027147865,4.861267229109167
31.75816027147865,4.865000469755267
31.768160271478653,4.868917307583298
31.778160271478654,4.873029513908823
31.788160271478656,4.8773497745530605
31.798160271478658,4.881891770876302
31.80816027147866,4.886670268488321
31.81816027147866,4.891701214332879
31.828160271478662,4.897001842883712
31.838160271478664,4.902590792223005
31.848160271478665,4.90848823079611
31.858160271478667,4.914715995642458
31.86816027147867,4.921297742884793
31.87816027147867,4.928259111206659
31.88816027147867,4.935627898948197
31.898160271478673,4.943434255284826
31.908160271478675,4.951710885698855
31.918160271478676,4.960493271579949
31.928160271478678,4.969819903256566
31.93816027147868,4.979732525015298
31.94816027147868,4.990276389641792
31.958160271478683,5.001500518629853
31.968160271478684,5.013457962345623
31.978160271478686,5.026206051963653
31.988160271478687,5.03980663173921
31.99816027147869,5.054326255933639
32.00816027147869,5.069836329209018
32.01816027147869,5.086413162247499
32.0281602714787,5.104137905375429
32.038160271478695,5.123096311692103
32.04816027147869,5.143378267215039
32.0581602714787,5.165077008496557
32.0681602714787,5.188287927807732
32.0781602714787,5.213106842372323
32.0881602714787,5.239627577825207
32.098160271478704,5.2679386884914505
32.10816027147871,5.29811911101995
32.11816027147871,5.330232528175978
32.128160271478706,5.364320213873824
32.13816027147871,5.4003921502460335
32.148160271478716,5.438416268642918
32.158160271478714,5.478305789550618
32.16816027147871,5.5199048455986235
32.17816027147872,5.562972890973911
32.18816027147872,5.607168845744995
32.19816027147872,5.652036490412694
32.20816027147872,5.696993271738487
32.21816027147872,5.7413253045156765
32.22816027147873,5.784191781598823
32.238160271478726,5.824641994414243
32.248160271478724,5.861647450194745
32.25816027147873,5.894149946347085
32.268160271478735,5.921123918349172
32.27816027147873,5.941648231456265
32.28816027147873,5.954979525528758
32.298160271478736,5.960617187058017
32.30816027147874,5.958349901027615
32.31816027147874,5.94827596224064
32.32816027147874,5.930793785697319
32.33816027147874,5.906564290280473
32.34816027147875,5.876451602765931
32.358160271478745,5.841451584299966
32.36816027147874,5.802618409355182
32.37816027147875,5.760998008241408
32.38816027147875,5.717574385813149
32.39816027147875,5.673231616297483
32.40816027147875,5.628731491818301
32.418160271478754,5.5847048246455895
32.42816027147876,5.5416533688871645
32.43816027147876,5.4999590877763564
32.448160271478756,5.459897790178259
32.45816027147876,5.421654735666313
32.468160271478766,5.385340460536089
32.478160271478764,5.351005680609801
32.48816027147876,5.31865461873734
32.49816027147877,5.288256469307336
32.50816027147877,5.259754959150141
32.51816027147877,5.233076116081949
32.52816027147877,5.208134437621169
32.53816027147877,5.184837685241813
32.54816027147878,5.163090531609802
32.558160271478776,5.142797272599922
32.568160271478774,5.123863791466779
32.57816027147878,5.10619893510702
32.588160271478785,5.089715435349306
32.59816027147878,5.074330483501571
32.60816027147878,5.059966044802344
32.618160271478786,5.046548981167044
32.62816027147879,5.034011035540688
32.63816027147879,5.022288718937869
32.64816027147879,5.0113231314743665
32.65816027147879,5.0010597409729955
32.6681602714788,4.991448136689806
32.678160271478795,4.982441771030802
32.68816027147879,4.973997698537838
32.6981602714788,4.9660763186863806
32.7081602714788,4.958641126971229
32.7181602714788,4.95165847720935
32.7281602714788,4.945097356843025
32.738160271478804,4.938929176187638
32.74816027147881,4.933127571963586
32.75816027147881,4.927668225024103
32.768160271478806,4.922528691896318
32.77816027147881,4.917688249557672
32.788160271478816,4.913127752748126
32.798160271478814,4.908829503050616
32.80816027147881,4.904777128943132
32.81816027147882,4.900955476024114
32.82816027147882,4.897350506630301
32.83816027147882,4.893949208096271
32.84816027147882,4.890739508943255
32.85816027147882,4.887710202327648
32.86816027147883,4.884850876124808
32.878160271478826,4.882151849069271
32.888160271478824,4.87960411241738
32.89816027147883,4.87719927664152
32.908160271478835,4.874929522706253
32.91816027147883,4.872787557515315
32.92816027147883,4.870766573154542
32.938160271478836,4.868860209589247
32.94816027147884,4.867062520505374
32.95816027147884,4.8653679420121065
32.96816027147884,4.863771263949558
32.97816027147884,4.862267603568778
32.98816027147885,4.860852381372917
32.998160271478845,4.859521298927939
33.00816027147884,4.858270318469104
33.01816027147885,4.857095644145543
33.02816027147885,4.855993704759898
33.03816027147885,4.8549611378732
33.04816027147885,4.853994775157189
33.058160271478854,4.853091628887079
33.06816027147886,4.852248879477624
33.07816027147886,4.851463863974159
33.088160271478856,4.850734065418375
33.09816027147886,4.850057103015827
33.108160271478866,4.849430723038717
33.118160271478864,4.84885279040351
33.12816027147886,4.848321280868244
33.13816027147887,4.8478342737993545
33.14816027147887,4.847389945462193
33.15816027147887,4.846986562793447
33.16816027147887,4.846622477617319
33.17816027147887,4.846296121270578
33.18816027147888,4.846005999604633
33.198160271478876,4.845750688335453
33.208160271478874,4.84552882871467
33.21816027147888,4.845339123497396
33.228160271478885,4.845180333184387
33.23816027147888,4.845051272517971
33.24816027147888,4.844950807212932
33.258160271478886,4.8448778509050205
33.26816027147889,4.844831362301178
33.27816027147889,4.844810342516889
33.28816027147889,4.844813832587189
33.29816027147889,4.844840911138943
33.3081602714789,4.844890692213033
33.318160271478895,4.844962323225889
33.32816027147889,4.845054983060737
33.3381602714789,4.845167880279564
33.3481602714789,4.8453002514476
33.3581602714789,4.845451359562643
33.3681602714789,4.84562049258222
33.378160271478905,4.845806962042022
33.38816027147891,4.846010101759627
33.39816027147891,4.8462292666178755
33.408160271478906,4.846463831422757
33.41816027147891,4.846713189830989
33.428160271478916,4.846976753342846
33.438160271478914,4.847253950356097
33.44816027147891,4.84754422527723
33.45816027147892,4.847847037686373
33.46816027147892,4.848161861552623
33.47816027147892,4.848488184496684
33.48816027147892,4.848825507097944
33.49816027147892,4.849173342243322
33.50816027147893,4.8495312145154
33.518160271478926,4.8498986596175
33.528160271478924,4.850275223833566
33.53816027147893,4.850660463520803
33.548160271478935,4.8510539446332075
33.55816027147893,4.85145524227421
33.56816027147893,4.851863940276796
33.578160271478936,4.852279630809542
33.58816027147894,4.852701914007155
33.59816027147894,4.853130397624127
33.60816027147894,4.853564696710277
33.61816027147894,4.85400443330696
33.62816027147895,4.854449236162857
33.638160271478945,4.854898740468285
33.64816027147894,4.855352587607063
33.65816027147895,4.855810424924989
33.66816027147895,4.856271905514097
33.67816027147895,4.856736688011848
33.68816027147895,4.8572044364145155
33.698160271478955,4.85767481990403
33.70816027147896,4.8581475126876095
33.71816027147896,4.8586221938495395
33.728160271478956,4.859098547214504
33.73816027147896,4.8595762612218865
33.748160271478966,4.860055028810515
33.758160271478964,4.8605345473133585
33.76816027147896,4.861014518361667
33.77816027147897,4.861494647798131
33.78816027147897,4.861974645598624
33.79816027147897,4.862454225802124
33.80816027147897,4.862933106448437
33.81816027147897,4.863411009523359
33.82816027147898,4.863887660910937
33.838160271478976,4.864362790352497
33.848160271478974,4.864836131412157
33.85816027147898,4.865307421448497
33.868160271478985,4.865776401592143
33.87816027147898,4.866242816728991
33.88816027147898,4.86670641548882
33.898160271478986,4.867166950239067
33.90816027147899,4.867624177083529
33.91816027147899,4.868077855865796
33.92816027147899,4.868527750177197
33.93816027147899,4.868973627369074
33.948160271479,4.869415258569208
33.958160271478995,4.869852418702216
33.96816027147899,4.870284886513749
33.978160271479,4.870712444598351
33.988160271479,4.8711348794308105
33.998160271479,4.871551981400875
34.008160271479,4.871963544851193
34.018160271479005,4.8723693681183375
34.02816027147901,4.8727692535768155
34.03816027147901,4.873163007685915
34.048160271479006,4.873550441039306
34.05816027147901,4.873931368417263
34.068160271479016,4.874305608841421
34.078160271479014,4.874672985631971
34.08816027147901,4.875033326467176
34.09816027147902,4.875386463445146
34.10816027147902,4.875732233147773
34.11816027147902,4.87607047670673
34.12816027147902,4.876401039871482
34.13816027147902,4.8767237730791955
34.14816027147903,4.877038531526509
34.15816027147903,4.877345175243056
34.168160271479024,4.877643569166698
34.17816027147903,4.87793358322038
34.188160271479035,4.878215092390548
34.19816027147903,4.878487976807063
34.20816027147903,4.878752121824544
34.218160271479036,4.879007418105078
34.22816027147904,4.8792537617022305
34.23816027147904,4.879491054146294
34.24816027147904,4.879719202530714
34.25816027147904,4.879938119599626
34.26816027147905,4.880147723836442
34.278160271479045,4.880347939553422
34.28816027147904,4.880538696982162
34.29816027147905,4.880719932364942
34.30816027147905,4.880891588046854
34.31816027147905,4.881053612568651
34.32816027147905,4.881205960760238
34.338160271479055,4.88134859383475
34.34816027147906,4.88148147948311
34.35816027147906,4.881604591969021
34.368160271479056,4.881717912224296
34.37816027147906,4.8818214279444465
34.388160271479066,4.881915133684435
34.398160271479064,4.881999030954519
34.40816027147906,4.882073128316068
34.41816027147907,4.8821374414772745
34.42816027147907,4.882191993388653
34.43816027147907,4.88223681433821
34.44816027147907,4.882271942046187
34.45816027147907,4.882297421759241
34.46816027147908,4.882313306343967
34.47816027147908,4.8823196563796065
34.488160271479074,4.88231654024983
34.49816027147908,4.882304034233442
34.508160271479085,4.88228420059958
34.51816027147908,4.882260992983523
34.52816027147908,4.8822346087627535
34.538160271479086,4.882205150242573
34.54816027147909,4.88217272528254
34.55816027147909,4.882137447383018
34.56816027147909,4.8820994357711545
34.57816027147909,4.8820588154861095
34.5881602714791,4.882015717463312
34.598160271479095,4.881970278617541
34.60816027147909,4.881922641924602
34.6181602714791,4.8818729565013665
34.6281602714791,4.881821377683937
34.6381602714791,4.88176806710368
34.6481602714791,4.881713192760881
34.658160271479105,4.881656929095738
34.66816027147911,4.881599457056441
34.67816027147911,4.881540964164025
34.688160271479106,4.881481644573734
34.69816027147911,4.881421699132571
34.708160271479116,4.881361335432751
34.718160271479114,4.881300767860716
34.72816027147911,4.881240217641414
34.73816027147912,4.881179912877496
34.74816027147912,4.881120088583098
34.75816027147912,4.881060986711886
34.76816027147912,4.881002856178976
34.77816027147912,4.88094595287642
34.78816027147913,4.8808905396818725
34.79816027147913,4.880836886460082
34.808160271479125,4.8807852700568475
34.81816027147913,4.8807359742850664
34.828160271479135,4.880689289902503
34.83816027147913,4.8806455145809045
34.84816027147913,4.880604952866094
34.858160271479136,4.880567916128662
34.86816027147914,4.8805347225048825
34.87816027147914,4.880505696827487
34.88816027147914,4.880481170545925
34.89816027147914,4.880461481635729
34.90816027147915,4.880446974496655
34.918160271479145,4.880437999839198
34.92816027147914,4.880434914559164
34.93816027147915,4.880438081599943
34.94816027147915,4.8804478698021425
34.95816027147915,4.880464653740255
34.96816027147915,4.880488813546052
34.978160271479155,4.880520734718386
34.98816027147916,4.8805608079191245
34.99816027147916,4.880609428754911
35.008160271479156,4.880666997544527
35.01816027147916,4.880733919071565
35.028160271479166,4.880810602322229
35.038160271479164,4.880897460208005
35.04816027147916,4.880994909273049
35.05816027147917,4.881103369386105
35.06816027147917,4.881223263416804
35.07816027147917,4.881355016896233
35.08816027147917,4.881499057661667
35.09816027147917,4.881655815485402
35.10816027147918,4.881825721687627
35.11816027147918,4.882009208733342
35.128160271479175,4.8822067098133255
35.13816027147918,4.8824186584092
35.148160271479185,4.882645487842667
35.15816027147918,4.882887630809034
35.16816027147918,4.8831455188951765
35.178160271479186,4.883419582082112
35.18816027147919,4.883710248232402
35.19816027147919,4.8840179425626475
35.20816027147919,4.884343087101357
35.21816027147919,4.8846861001325355
35.2281602714792,4.885047395625344
35.238160271479195,4.8854273826502626
35.24816027147919,4.885826464782192
35.2581602714792,4.886245039491
35.2681602714792,4.88668349752004
35.2781602714792,4.887142222253213
35.2881602714792,4.887621589071217
35.298160271479205,4.888121964697607
35.30816027147921,4.888643706535405
35.31816027147921,4.889187161994985
35.328160271479206,4.889752667814025
35.33816027147921,4.89034054937036
35.348160271479216,4.890951119988601
35.358160271479214,4.891584680241439
35.36816027147921,4.892241517246582
35.37816027147922,4.892921903960306
35.38816027147922,4.893626098468675
35.39816027147922,4.894354343277471
35.40816027147922,4.895106864601952
35.41816027147922,4.895883871657579
35.42816027147923,4.896685555952871
35.43816027147923,4.897512090585604
35.448160271479225,4.898363629543593
35.45816027147923,4.899240307011306
35.468160271479235,4.900142236683614
35.47816027147923,4.901069511087986
35.48816027147923,4.902022200916478
35.498160271479236,4.903000354368861
35.50816027147924,4.904003996508272
35.51816027147924,4.905033128630786
35.52816027147924,4.9060877276503145
35.53816027147924,4.90716774550023
35.54816027147925,4.908273108553169
35.558160271479245,4.909403717060417
35.56816027147924,4.910559444612328
35.57816027147925,4.911740137621189
35.58816027147925,4.912945614827957
35.59816027147925,4.914175666834301
35.60816027147925,4.915430055661341
35.618160271479255,4.9167085143364755
35.62816027147926,4.918010746509674
35.63816027147926,4.919336426100588
35.648160271479256,4.9206851969778125
35.65816027147926,4.922056672671582
35.668160271479266,4.923450436121183
35.678160271479264,4.924866039458312
35.68816027147926,4.926303003827568
35.69816027147927,4.927760819245236
35.70816027147927,4.929238944497453
35.71816027147927,4.930736807078834
35.72816027147927,4.932253803172548
35.73816027147927,4.933789297672778
35.74816027147928,4.935342624250477
35.75816027147928,4.936913085463227
35.768160271479275,4.938499952909964
35.77816027147928,4.940102467431255
35.788160271479285,4.941719839355746
35.79816027147928,4.943351248793322
35.80816027147928,4.944995845975451
35.818160271479286,4.946652751643077
35.82816027147929,4.9483210574823735
35.83816027147929,4.949999826608588
35.84816027147929,4.95168809409808
35.85816027147929,4.953384867568611
35.8681602714793,4.955089127807817
35.878160271479295,4.956799829449746
35.88816027147929,4.9585159016992035
35.8981602714793,4.960236249103564
35.908160271479304,4.9619597523716426
35.9181602714793,4.963685269239091
35.9281602714793,4.965411635379684
35.938160271479305,4.967137665361784
35.94816027147931,4.968862153649157
35.95816027147931,4.970583875645239
35.968160271479306,4.972301588779816
35.97816027147931,4.97401403363701
35.988160271479316,4.975719935123376
35.998160271479314,4.977418003674792
36.00816027147931,4.979106936500759
36.01816027147932,4.980785418864609
36.02816027147932,4.982452125398042
36.03816027147932,4.984105721448352
36.04816027147932,4.985744864456559
36.05816027147932,4.987368205364625
36.06816027147933,4.988974390049839
36.07816027147933,4.990562060784388
36.088160271479325,4.992129857718037
36.09816027147933,4.993676420381783
36.108160271479335,4.995200389210292
36.11816027147933,4.996700407080845
36.12816027147933,4.998175120866482
36.138160271479336,4.9996231830009545
36.14816027147934,5.001043253053068
36.15816027147934,5.002433999307954
36.16816027147934,5.003794100352741
36.17816027147934,5.005122246664106
36.18816027147935,5.0064171421951045
36.198160271479345,5.007677505958705
36.20816027147934,5.008902073605408
36.21816027147935,5.010089598992293
36.228160271479354,5.011238855740893
36.23816027147935,5.01234863878123
36.24816027147935,5.013417765879387
36.258160271479355,5.014445079145985
36.26816027147936,5.015429446522944
36.27816027147936,5.016369763245956
36.288160271479356,5.017264953280091
36.29816027147936,5.018113970726
36.308160271479366,5.018915801194231
36.318160271479364,5.019669463145206
36.32816027147936,5.020374009192452
36.33816027147937,5.021028527366732
36.34816027147937,5.021632142338816
36.35816027147937,5.022184016598642
36.36816027147937,5.022683351588736
36.37816027147937,5.023129388789806
36.38816027147938,5.023521410756525
36.39816027147938,5.023858742101586
36.408160271479375,5.024140750426221
36.41816027147938,5.024366847195446
36.428160271479385,5.024536488556426
36.43816027147938,5.02464917609841
36.44816027147938,5.024704457552848
36.458160271479386,5.024701927432352
36.46816027147939,5.0246412276073285
36.47816027147939,5.024522047819186
36.48816027147939,5.024344126129162
36.49816027147939,5.024107249301922
36.5081602714794,5.023811253123209
36.518160271479395,5.023456022650958
36.52816027147939,5.023041492399381
36.5381602714794,5.022571148992385
36.548160271479404,5.022051859641252
36.5581602714794,5.021483865189314
36.5681602714794,5.0208672624153845
36.578160271479405,5.0202021819859795
36.58816027147941,5.019488788330183
36.59816027147941,5.018727279476225
36.608160271479406,5.017917886850052
36.61816027147941,5.017060875036197
36.628160271479416,5.016156541501334
36.638160271479414,5.015205216280939
36.64816027147941,5.014207261629566
36.65816027147942,5.013163071635271
36.66816027147942,5.012073071798807
36.67816027147942,5.010937718578229
36.68816027147942,5.009757498899625
36.69816027147942,5.008532929634745
36.70816027147943,5.007264557046326
36.71816027147943,5.0059529562019796
36.728160271479425,5.004598730357542
36.73816027147943,5.003202510310843
36.748160271479435,5.001764953726889
36.75816027147943,5.000286744435476
36.76816027147943,4.99876859170233
36.778160271479436,4.997211229474863
36.78816027147944,4.995615415603704
36.79816027147944,4.993981931041163
36.80816027147944,4.9923115790178505
36.81816027147944,4.990605184198669
36.82816027147945,4.98886359181946
36.838160271479445,4.9870876668055555
36.84816027147944,4.98527829287355
36.85816027147945,4.983436371617631
36.868160271479454,4.981562821581768
36.87816027147945,4.979658577319138
36.88816027147945,4.97772458844012
36.898160271479455,4.975761818650249
36.90816027147946,4.973771244779494
36.91816027147946,4.971753855804217
36.928160271479456,4.969710651863212
36.93816027147946,4.967642643269187
36.948160271479466,4.96555084951706
36.958160271479464,4.963436298290428
36.96816027147946,4.961300024467558
36.97816027147947,4.959143069128259
36.98816027147947,4.9569664785629435
36.99816027147947,4.954771303285198
37.00816027147947,4.952558597049148
37.01816027147947,4.950329415872908
37.02816027147948,4.948084817069358
37.03816027147948,4.94582585828545
37.048160271479475,4.943553596551285
37.05816027147948,4.9412690873401
37.068160271479485,4.938973383640322
37.07816027147948,4.936667535040796
37.08816027147948,4.934352586830242
37.098160271479486,4.9320295791120286
37.10816027147949,4.929699545935226
37.11816027147949,4.927363514442917
37.12816027147949,4.925022504038701
37.13816027147949,4.922677525572278
37.1481602714795,4.920329580544961
37.158160271479495,4.917979660335908
37.16816027147949,4.915628745449847
37.1781602714795,4.91327780478702
37.188160271479504,4.910927794936004
37.1981602714795,4.908579659490042
37.2081602714795,4.906234328387465
37.218160271479505,4.903892717276758
37.22816027147951,4.901555726906734
37.23816027147951,4.899224242542288
37.248160271479506,4.8968991334060945
37.25816027147951,4.894581252146642
37.268160271479516,4.892271434332876
37.278160271479514,4.889970497975723
37.28816027147951,4.887679243076694
37.29816027147952,4.885398451203765
37.30816027147952,4.8831288850946235
37.31816027147952,4.880871288287374
37.32816027147952,4.878626384778724
37.33816027147952,4.876394878709664
37.34816027147953,4.874177454078559
37.35816027147953,4.871974774481581
37.368160271479525,4.869787482880319
37.37816027147953,4.867616201396426
37.388160271479535,4.865461531133063
37.39816027147953,4.863324052022891
37.40816027147953,4.86120432270233
37.418160271479536,4.859102880411752
37.42816027147954,4.85702024092127
37.43816027147954,4.854956898481688
37.44816027147954,4.852913325800239
37.45816027147954,4.850889974040627
37.46816027147955,4.848887272846905
37.478160271479545,4.8469056303906575
37.48816027147954,4.844945433440992
37.49816027147955,4.843007047456732
37.508160271479554,4.84109081670028
37.51816027147955,4.839197064372494
37.52816027147955,4.837326092767992
37.538160271479555,4.8354781834502285
37.54816027147956,4.833653597445686
37.55816027147956,4.831852575456501
37.568160271479556,4.830075338090841
37.57816027147956,4.828322086110337
37.588160271479566,4.82659300069385
37.598160271479564,4.824888243716867
37.60816027147956,4.823207958045765
37.61816027147957,4.821552267846258
37.62816027147957,4.819921278905247
37.63816027147957,4.8183150789653455
37.64816027147957,4.816733738071336
37.658160271479574,4.8151773089278125
37.66816027147958,4.8136458272672655
37.67816027147958,4.812139312227862
37.688160271479575,4.81065776674018
37.69816027147958,4.809201177922173
37.708160271479585,4.807769517481632
37.71816027147958,4.806362742125416
37.72816027147958,4.8049807939747335
37.738160271479586,4.80362360098579
37.74816027147959,4.802291077375089
37.75816027147959,4.800983124048705
37.76816027147959,4.7996996290348575
37.77816027147959,4.798440467919125
37.7881602714796,4.797205504281667
37.798160271479595,4.795994590135789
37.80816027147959,4.794807566367277
37.8181602714796,4.793644263173858
37.828160271479604,4.792504500504245
37.8381602714796,4.791388088496159
37.8481602714796,4.790294827912802
37.858160271479605,4.789224510577246
37.86816027147961,4.788176919804228
37.87816027147961,4.78715183082883
37.888160271479606,4.786149011231609
37.89816027147961,4.785168221359691
37.908160271479616,4.784209214743404
37.918160271479614,4.783271738508033
37.92816027147961,4.782355533780293
37.93816027147962,4.781460336089152
37.94816027147962,4.780585875760649
37.95816027147962,4.779731878306358
37.96816027147962,4.77889806480519
37.978160271479624,4.778084152278243
37.98816027147963,4.777289854056411
37.99816027147963,4.776514880140502
38.008160271479625,4.775758937553628
38.01816027147963,4.775021730685649
38.028160271479635,4.774302961629473
38.03816027147963,4.773602330509035
38.04816027147963,4.772919535798781
38.058160271479636,4.772254274634543
38.06816027147964,4.771606243115646
38.07816027147964,4.7709751365981665
38.08816027147964,4.7703606499792395
38.09816027147964,4.769762477972349
38.10816027147965,4.769180315373534
38.118160271479645,4.768613857318486
38.12816027147964,4.768062799530493
38.13816027147965,4.76752683855924
38.148160271479654,4.767005672010451
38.15816027147965,4.766498998766407
38.16816027147965,4.766006519197354
38.178160271479655,4.765527935363869
38.18816027147966,4.765062951210207
38.19816027147966,4.764611272748738
38.208160271479656,4.764172608235516
38.21816027147966,4.763746668337092
38.228160271479666,4.763333166288666
38.238160271479664,4.762931818043691
38.24816027147966,4.762542342415037
38.25816027147967,4.762164461207855
38.26816027147967,4.761797899344279
38.27816027147967,4.761442384980085
38.28816027147967,4.761097649613493
38.298160271479674,4.760763428186237
38.30816027147968,4.76043945917708
38.31816027147968,4.7601254846879435
38.328160271479675,4.759821250522813
38.33816027147968,4.7595265062596095
38.348160271479685,4.759241005315197
38.35816027147968,4.758964505003709
38.36816027147968,4.7586967665884
38.378160271479686,4.758437555327187
38.38816027147969,4.758186640512079
38.39816027147969,4.757943795502706
38.40816027147969,4.757708797754121
38.41816027147969,4.757481428839069
38.4281602714797,4.757261474464946
38.438160271479695,4.75704872448561
