30.358160271478432,1.0796606288749466e-23
30.368160271478434,1.275217163863384e-23
30.378160271478436,1.5057878880089094e-23
30.388160271478437,1.777567963918294e-23
30.39816027147844,2.0978353284251578e-23
30.40816027147844,2.475137557420578e-23
30.418160271478442,2.9195105606674706e-23
30.428160271478443,3.4427344554971086e-23
30.438160271478445,4.0586328546143296e-23
30.448160271478447,4.7834228343064957e-23
30.458160271478448,5.636124048442016e-23
30.46816027147845,6.63903684772242e-23
30.47816027147845,7.81830088394391e-23
30.488160271478453,9.204547561679464e-23
30.498160271478454,1.0833661886638717e-22
30.508160271478456,1.2747671799402e-22
30.518160271478457,1.499578603121944e-22
30.52816027147846,1.7635604939837592e-22
30.53816027147846,2.0734532752654983e-22
30.548160271478462,2.4371424248350935e-22
30.558160271478464,2.8638504246288277e-22
30.568160271478465,3.364360446078631e-22
30.578160271478467,3.9512769447821534e-22
30.58816027147847,4.639329167848798e-22
30.59816027147847,5.445724539377122e-22
30.60816027147847,6.390560003326712e-22
30.618160271478473,7.497300692198787e-22
30.628160271478475,8.793336781599259e-22
30.638160271478476,1.0310631116210945e-21
30.648160271478478,1.2086472188007747e-21
30.65816027147848,1.4164349354200383e-21
30.66816027147848,1.6594969848213543e-21
30.678160271478482,1.943744021694078e-21
30.688160271478484,2.2760638374888327e-21
30.698160271478486,2.664480657336467e-21
30.708160271478487,3.1183400324282035e-21
30.71816027147849,3.6485233789561565e-21
30.72816027147849,4.267696845910059e-21
30.738160271478492,4.990599921969647e-21
30.748160271478493,5.834380030999038e-21
30.758160271478495,6.81898033297594e-21
30.768160271478497,7.967589061772974e-21
30.778160271478498,9.307160015092877e-21
30.7881602714785,1.0869015290301604e-20
30.7981602714785,1.2689543061883291e-20
30.808160271478503,1.4811005154963962e-20
30.818160271478504,1.7282471422865813e-20
30.828160271478506,2.016090052854499e-20
30.838160271478507,2.3512389709951e-20
30.84816027147851,2.741361953494435e-20
30.85816027147851,3.1953523587825473e-20
30.868160271478512,3.723521755154582e-20
30.878160271478514,4.337822734284895e-20
30.888160271478515,5.052106191975063e-20
30.898160271478517,5.882418322365727e-20
30.90816027147852,6.847343356984733e-20
30.91816027147852,7.968398980582283e-20
30.92816027147852,9.270492388385587e-20
30.938160271478523,1.0782446133200749e-19
30.948160271478525,1.2537604267408319e-19
30.958160271478526,1.4574530839092788e-19
30.968160271478528,1.6937814581551572e-19
30.97816027147853,1.967899567343841e-19
30.98816027147853,2.285763277948688e-19
30.998160271478532,2.654253125094656e-19
31.008160271478534,3.081315641812887e-19
31.018160271478536,3.576125939904676e-19
31.028160271478537,4.1492746839700114e-19
31.03816027147854,4.8129830563360075e-19
31.04816027147854,5.581349831807636e-19
31.058160271478542,6.470635276441594e-19
31.068160271478543,7.499587264237071e-19
31.078160271478545,8.689815781480905e-19
31.088160271478547,1.0066222873805363e-18
31.098160271478548,1.1657496100960905e-18
31.10816027147855,1.34966747160543e-18
31.11816027147855,1.5621799099071906e-18
31.128160271478553,1.8076655471030513e-18
31.138160271478554,2.0911629620181794e-18
31.148160271478556,2.4184685313814937e-18
31.158160271478557,2.7962485280619914e-18
31.16816027147856,3.232167516587706e-18
31.17816027147856,3.7350353726325476e-18
31.188160271478562,4.314975579038131e-18
31.198160271478564,4.983617821551319e-18
31.208160271478565,5.754318328813164e-18
31.218160271478567,6.642411880035688e-18
31.22816027147857,7.665499947933812e-18
31.23816027147857,8.843780062540621e-18
31.24816027147857,1.0200422183350203e-17
31.258160271478573,1.1761998663907971e-17
31.268160271478575,1.35589752970473e-17
31.278160271478576,1.5626271954608706e-17
31.288160271478578,1.8003902498671237e-17
31.29816027147858,2.0737704960099504e-17
31.30816027147858,2.3880174474921478e-17
31.318160271478583,2.7491413162643927e-17
31.328160271478584,3.1640213048947485e-17
31.338160271478586,3.6405290307441645e-17
31.348160271478587,4.1876691554125225e-17
31.35816027147859,4.815739571089189e-17
31.36816027147859,5.5365138102463416e-17
31.378160271478592,6.363448701140035e-17
31.388160271478593,7.311920694103335e-17
31.398160271478595,8.3994947385617e-17
31.408160271478597,9.646230104732868e-17
31.418160271478598,1.1075028124595182e-16
31.4281602714786,1.2712027482330123e-16
31.4381602714786,1.4587053424530266e-16
31.448160271478603,1.673412809563043e-16
31.458160271478604,1.9192050146185309e-16
31.468160271478606,2.20050528241622e-16
31.478160271478608,2.5223550957341134e-16
31.48816027147861,2.8904988585042583e-16
31.49816027147861,3.311480051860245e-16
31.508160271478612,3.792750282340453e-16
31.518160271478614,4.3427929144567114e-16
31.528160271478615,4.971263197003289e-16
31.538160271478617,5.689147036857398e-16
31.54816027147862,6.508940848925318e-16
31.55816027147862,7.444855220038676e-16
31.56816027147862,8.513045472157145e-16
31.578160271478623,9.731872600836106e-16
31.588160271478625,1.1122198503758636e-15
31.598160271478626,1.2707719907019617e-15
31.608160271478628,1.4515345950259722e-15
31.61816027147863,1.657562501291501e-15
31.62816027147863,1.8923227060851183e-15
31.638160271478633,2.159748857449513e-15
31.648160271478634,2.4643027996309244e-15
31.658160271478636,2.8110440618283394e-15
31.668160271478637,3.2057082931527087e-15
31.67816027147864,3.6547957693942914e-15
31.68816027147864,4.165671235385672e-15
31.698160271478642,4.746676501461232e-15
31.708160271478643,5.407257385672261e-15
31.718160271478645,6.158106787156797e-15
31.728160271478647,7.011325892762862e-15
31.738160271478648,7.980605761322054e-15
31.74816027147865,9.081431800812208e-15
31.75816027147865,1.0331313956286807e-14
31.768160271478653,1.1750045764521702e-14
31.778160271478654,1.3359995808852689e-14
31.788160271478656,1.5186435529125686e-14
31.798160271478658,1.7257907812005878e-14
31.80816027147866,1.9606641311604182e-14
31.81816027147866,2.226901603555959e-14
31.828160271478662,2.5286086384141725e-14
31.838160271478664,2.870416855708574e-14
31.848160271478665,3.257550005304315e-14
31.858160271478667,3.695897988891145e-14
31.86816027147867,4.1920999171056153e-14
31.87816027147867,4.7536372768826364e-14
31.88816027147867,5.388938408519763e-14
31.898160271478673,6.10749563036657e-14
31.908160271478675,6.919996502980551e-14
31.918160271478676,7.83847089570688e-14
31.928160271478678,8.876455708792351e-14
31.93816027147868,1.0049179315386369e-13
31.94816027147868,1.1373768022376333e-13
31.958160271478683,1.2869477109441404e-13
31.968160271478684,1.4557949294747442e-13
31.978160271478686,1.646350379637427e-13
31.988160271478687,1.861345951421304e-13
31.99816027147869,2.1038496251378007e-13
32.00816027147869,2.3773058331206e-13
32.01816027147869,2.685580545013659e-13
32.0281602714787,3.03301161430589e-13
32.038160271478695,3.4244649831590275e-13
32.04816027147869,3.8653974083007116e-13
32.0581602714787,4.361926443484434e-13
32.0681602714787,4.920908494467906e-13
32.0781602714787,5.550025851419259e-13
32.0881602714787,6.257883701989899e-13
32.098160271478704,7.054118236950173e-13
32.10816027147871,7.949517080316282e-13
32.11816027147871,8.956153408444944e-13
32.128160271478706,1.008753526888711e-12
32.13816027147871,1.1358771771256369e-12
32.148160271478716,1.2786758000496924e-12
32.158160271478714,1.4390380699373012e-12
32.16816027147871,1.6190746983545786e-12
32.17816027147872,1.821143859124723e-12
32.18816027147872,2.0478794432481585e-12
32.19816027147872,2.302222449222593e-12
32.20816027147872,2.5874558460855632e-12
32.21816027147872,2.907243281582056e-12
32.22816027147873,3.265672046455649e-12
32.238160271478726,3.667300748308419e-12
32.248160271478724,4.117212195138395e-12
32.25816027147873,4.621072039949162e-12
32.268160271478735,5.18519379417478e-12
32.27816027147873,5.816610879547662e-12
32.28816027147873,6.523156455976586e-12
32.298160271478736,7.313551837566999e-12
32.30816027147874,8.197504390730651e-12
32.31816027147874,9.185815898056392e-12
32.32816027147874,1.0290502469984391e-11
32.33816027147874,1.1524927194138216e-11
32.34816027147875,1.2903946830297087e-11
32.358160271478745,1.4444073988362811e-11
32.36816027147874,1.6163656368313153e-11
32.37816027147875,1.8083074796144138e-11
32.38816027147875,2.0224961959416358e-11
32.39816027147875,2.2614443931511216e-11
32.40816027147875,2.52794067764903e-11
32.418160271478754,2.8250790748079747e-11
32.42816027147876,3.15629148384592e-11
32.43816027147876,3.525383469698679e-11
32.448160271478756,3.936573722769547e-11
32.45816027147876,4.394537548946965e-11
32.468160271478766,4.904454786657951e-11
32.478160271478764,5.472062585214049e-11
32.48816027147876,6.103713519572893e-11
32.49816027147877,6.806439561175161e-11
32.50816027147877,7.588022473038921e-11
32.51816027147877,8.457071250132299e-11
32.52816027147877,9.423107283559612e-11
32.53816027147877,1.0496657989688235e-10
32.54816027147878,1.1689359713433385e-10
32.558160271478776,1.3014070788961913e-10
32.568160271478774,1.4484995721551515e-10
32.57816027147878,1.6117821541791076e-10
32.588160271478785,1.7929867478306636e-10
32.59816027147878,1.9940249198343152e-10
32.60816027147878,2.217005897747469e-10
32.618160271478786,2.464256328118068e-10
32.62816027147879,2.7383419372777295e-10
32.63816027147879,3.042091270503591e-10
32.64816027147879,3.378621700760726e-10
32.65816027147879,3.751367915007742e-10
32.6681602714788,4.1641131042119903e-10
32.678160271478795,4.6210231028835417e-10
32.68816027147879,5.126683745212432e-10
32.6981602714788,5.686141727909169e-10
32.7081602714788,6.30494929473908e-10
32.7181602714788,6.989213084643617e-10
32.7281602714788,7.745647514407092e-10
32.738160271478804,8.581633098220109e-10
32.74816027147881,9.505280140391348e-10
32.75816027147881,1.052549827404258e-09
32.768160271478806,1.1652072358083165e-09
32.77816027147881,1.28957452873184e-09
32.788160271478816,1.4268308316428933e-09
32.798160271478814,1.5782699547998664e-09
32.80816027147881,1.74531112880106e-09
32.81816027147882,1.929510702956073e-09
32.82816027147882,2.132574888725664e-09
32.83816027147882,2.35637363711552e-09
32.84816027147882,2.6029557460479496e-09
32.85816027147882,2.874565301409573e-09
32.86816027147883,3.1736595637210737e-09
32.878160271478826,3.50292842123331e-09
32.888160271478824,3.865315539763159e-09
32.89816027147883,4.264041349788717e-09
32.908160271478835,4.702628022275062e-09
32.91816027147883,5.184926596444172e-09
32.92816027147883,5.715146435287272e-09
32.938160271478836,6.297887198102073e-09
32.94816027147884,6.938173533783386e-09
32.95816027147884,7.641492714058352e-09
32.96816027147884,8.413835442400994e-09
32.97816027147884,9.26174009205764e-09
32.98816027147885,1.0192340645541574e-08
32.998160271478845,1.1213418628180545e-08
33.00816027147884,1.23334593498996e-08
33.01816027147885,1.3561712792491225e-08
33.02816027147885,1.490825950424963e-08
33.03816027147885,1.6384081890120367e-08
33.04816027147885,1.8001141313521303e-08
33.058160271478854,1.9772461455850386e-08
33.06816027147886,2.1712218411516686e-08
33.07816027147886,2.383583803021693e-08
33.088160271478856,2.6160101054237614e-08
33.09816027147886,2.8703256636934615e-08
33.108160271478866,3.1485144869365004e-08
33.118160271478864,3.4527328985438654e-08
33.12816027147886,3.785323796203994e-08
33.13816027147887,4.148832027952615e-08
33.14816027147887,4.546020965999366e-08
33.15816027147887,4.9798903655858233e-08
33.16816027147887,5.453695601975427e-08
33.17816027147887,5.970968384874465e-08
33.18816027147888,6.535539056153932e-08
33.198160271478876,7.151560583698253e-08
33.208160271478874,7.823534371566465e-08
33.21816027147888,8.556338014439813e-08
33.228160271478885,9.355255132568242e-08
33.23816027147888,1.0226007432135068e-07
33.24816027147888,1.1174789145149153e-07
33.258160271478886,1.2208304012682035e-07
33.26816027147889,1.333380498551466e-07
33.27816027147889,1.4559136827067026e-07
33.28816027147889,1.5892781814866353e-07
33.29816027147889,1.734390874880958e-07
33.3081602714789,1.8922425487116361e-07
33.318160271478895,2.0639035244171904e-07
33.32816027147889,2.2505296898438647e-07
33.3381602714789,2.453368957331791e-07
33.3481602714789,2.6737681769304675e-07
33.3581602714789,2.913180534200256e-07
33.3681602714789,3.173173463758646e-07
33.378160271478905,3.4554371115152395e-07
33.38816027147891,3.7617933804126883e-07
33.39816027147891,4.094205596452749e-07
33.408160271478906,4.4547888338377317e-07
33.41816027147891,4.845820940206201e-07
33.428160271478916,5.26975430518935e-07
33.438160271478914,5.729228417862898e-07
33.44816027147891,6.227083261119124e-07
33.45816027147892,6.766373593541035e-07
33.46816027147892,7.350384172031989e-07
33.47816027147892,7.982645971236104e-07
33.48816027147892,8.666953458678447e-07
33.49816027147892,9.407382987568171e-07
33.50816027147893,1.0208312372346626e-06
33.518160271478926,1.1074441715322285e-06
33.528160271478924,1.201081555611558e-06
33.53816027147893,1.3022846419146339e-06
33.548160271478935,1.4116339838044144e-06
33.55816027147893,1.5297520939636481e-06
33.56816027147893,1.65730626740701e-06
33.578160271478936,1.7950115781661693e-06
33.58816027147894,1.943634059125522e-06
33.59816027147894,2.1039940749179347e-06
33.60816027147894,2.2769698982341214e-06
33.61816027147894,2.463501500357556e-06
33.62816027147895,2.664594567210278e-06
33.638160271478945,2.8813247526809296e-06
33.64816027147894,3.1148421815051245e-06
33.65816027147895,3.3663762144805133e-06
33.66816027147895,3.6372404893261868e-06
33.67816027147895,3.9288382510352666e-06
33.68816027147895,4.242667986119547e-06
33.698160271478955,4.580329375708466e-06
33.70816027147896,4.94352958304135e-06
33.71816027147896,5.334089891479308e-06
33.728160271478956,5.7539527097584195e-06
33.73816027147896,6.205188961812893e-06
33.748160271478966,6.690005879115206e-06
33.758160271478964,7.210755214106396e-06
33.76816027147896,7.769941893919418e-06
33.77816027147897,8.370233134237233e-06
33.78816027147897,9.014468033774508e-06
33.79816027147897,9.705667670521307e-06
33.80816027147897,1.0447045721536283e-05
33.81816027147897,1.1242019628728318e-05
33.82816027147898,1.2094222333723316e-05
33.838160271478976,1.3007514605564984e-05
33.848160271478974,1.3985997985642672e-05
33.85816027147898,1.5034028374880925e-05
33.868160271478985,1.615623028886517e-05
33.87816027147898,1.73575118072065e-05
33.88816027147898,1.8643080244055877e-05
33.898160271478986,2.0018458567277114e-05
33.90816027147899,2.148950259437761e-05
33.91816027147899,2.3062418993860234e-05
33.92816027147899,2.474378412119526e-05
33.93816027147899,2.6540563719123847e-05
33.948160271479,2.8460133512499473e-05
33.958160271478995,3.0510300728333475e-05
33.96816027147899,3.269932657211963e-05
33.978160271479,3.503594969189045e-05
33.988160271479,3.752941066180902e-05
33.998160271479,4.0189477517392494e-05
34.008160271479,4.3026472374692175e-05
34.018160271479005,4.605129916593795e-05
34.02816027147901,4.927547252429351e-05
34.03816027147901,5.271114785043623e-05
34.048160271479006,5.63711525936513e-05
34.05816027147901,6.0269018780046517e-05
34.068160271479016,6.441901682035241e-05
34.078160271479014,6.883619062953697e-05
34.08816027147901,7.353639409011054e-05
34.09816027147902,7.853632889056641e-05
34.10816027147902,8.385358376990369e-05
34.11816027147902,8.950667519855272e-05
34.12816027147902,9.551508952525832e-05
34.13816027147902,0.00010189932661861338
34.14816027147903,0.00010868094503098468
34.15816027147903,0.00011588260871147687
34.168160271479024,0.00012352813529330713
34.17816027147903,0.00013164254597956964
34.188160271479035,0.00014025211704989202
34.19816027147903,0.0001493844330088099
34.20816027147903,0.00015906844139481857
34.218160271479036,0.00016933450926704847
34.22816027147904,0.00018021448138439832
34.23816027147904,0.00019174174008963584
34.24816027147904,0.00020395126690840503
34.25816027147904,0.00021687970587035501
34.26816027147905,0.00023056542855679483
34.278160271479045,0.00024504860087618533
34.28816027147904,0.0002603712515654428
34.29816027147905,0.0002765773424115182
34.30816027147905,0.00029371284018408903
34.31816027147905,0.00031182579026632363
34.32816027147905,0.0003309663919664636
34.338160271479055,0.0003511870754885987
34.34816027147906,0.0003725425805365539
34.35816027147906,0.0003950900365200453
34.368160271479056,0.0004188890443271311
34.37816027147906,0.00044400175962173446
34.388160271479066,0.0004704929776196628
34.398160271479064,0.0004984302192908909
34.40816027147906,0.0005278838189298221
34.41816027147907,0.0005589270130290599
34.42816027147907,0.000591636030386024
34.43816027147907,0.0006260901833651742
34.44816027147907,0.0006623719602316459
34.45816027147907,0.0007005671184650365
34.46816027147908,0.0007407647789550577
34.47816027147908,0.0007830575209733644
34.488160271479074,0.0008275414778080546
34.49816027147908,0.0008743164329394728
34.508160271479085,0.0009234859166281871
34.51816027147908,0.000975157302777917
34.52816027147908,0.0010294419059275843
34.538160271479086,0.0010864550782181844
34.54816027147909,0.0011463163061718185
34.55816027147909,0.0012091493071115958
34.56816027147909,0.0012750821250419773
34.57816027147909,0.0013442472258001347
34.5881602714791,0.0014167815912802958
34.598160271479095,0.0014928268125240516
34.60816027147909,0.001572529181460169
34.6181602714791,0.0016560397810682916
34.6281602714791,0.0017435145737322568
34.6381602714791,0.0018351144875398148
34.6481602714791,0.0019310055002760501
34.658160271479105,0.0020313587208488954
34.66816027147911,0.002136350467876771
34.67816027147911,0.0022461623451598555
34.688160271479106,0.002360981313747443
34.69816027147911,0.002480999760305501
34.708160271479116,0.00260641556148095
34.718160271479114,0.0027374321439516706
34.72816027147911,0.0028742585398428807
34.73816027147912,0.0030171094371833555
34.74816027147912,0.00316620522506877
34.75816027147912,0.0033217720331931364
34.76816027147912,0.0034840417654025445
34.77816027147912,0.003653252126919683
34.78816027147913,0.0038296466448834525
34.79816027147913,0.004013474681843627
34.808160271479125,0.004204991441845643
34.81816027147913,0.004404457968737115
34.828160271479135,0.0046121411363260634
34.83816027147913,0.004828313630018988
34.84816027147913,0.005053253919564627
34.858160271479136,0.005287246222528564
34.86816027147914,0.0055305804581253235
34.87816027147914,0.005783552191036079
34.88816027147914,0.006046462564840666
34.89816027147914,0.006319618224695603
34.90816027147915,0.0066033312288948124
34.918160271479145,0.00689791894895515
34.92816027147914,0.007203703957873059
34.93816027147915,0.007521013906205403
34.94816027147915,0.00785018138563729
34.95816027147915,0.008191543779708928
34.96816027147915,0.008545443101382201
34.978160271479155,0.0089122258171387
34.98816027147916,0.009292242657315469
34.99816027147916,0.009685848412398817
35.008160271479156,0.010093401715009463
35.01816027147916,0.010515264807328267
35.028160271479166,0.01095180329373143
35.038160271479164,0.0114033858784231
35.04816027147916,0.011870384087870972
35.05816027147917,0.01235317197787135
35.06816027147917,0.012852125825095222
35.07816027147917,0.013367623802990931
35.08816027147917,0.01390004564194143
35.09816027147917,0.014449772273599955
35.10816027147918,0.015017185459358338
35.11816027147918,0.015602667402931076
35.128160271479175,0.016206600347065565
35.13816027147918,0.016829366154418757
35.148160271479185,0.017471345872676673
35.15816027147918,0.018132919284026425
35.16816027147918,0.018814464439121232
35.178160271479186,0.019516357175714066
35.18816027147919,0.020238970622175098
35.19816027147919,0.020982674686145952
35.20816027147919,0.021747835528617976
35.21816027147919,0.02253481502375963
35.2281602714792,0.023343970204862178
35.238160271479195,0.02417565269681323
35.24816027147919,0.025030208135544005
35.2581602714792,0.025907975574937073
35.2681602714792,0.026809286881727224
35.2781602714792,0.02773446611897101
35.2881602714792,0.028683828918697134
35.298160271479205,0.029657681844392252
35.30816027147921,0.030656321744023763
35.31816027147921,0.03168003509434389
35.328160271479206,0.03272909733725638
35.33816027147921,0.03380377220906786
35.348160271479216,0.03490431106349311
35.358160271479214,0.03603095218932501
35.36816027147921,0.03718392012371391
35.37816027147922,0.03836342496204001
35.38816027147922,0.03956966166540732
35.39816027147922,0.04080280936682565
35.40816027147922,0.04206303067717708
35.41816027147922,0.04335047099209771
35.42816027147923,0.044665257800946295
35.43816027147923,0.04600749999906413
35.448160271479225,0.047377287204553906
35.45816027147923,0.04877468908083365
35.468160271479235,0.05019975466625596
35.47816027147923,0.05165251171210908
35.48816027147923,0.05313296603033011
35.498160271479236,0.05464110085228208
35.50816027147924,0.05617687619997139
35.51816027147924,0.05774022827110006
35.52816027147924,0.05933106883935033
35.53816027147924,0.06094928467131028
35.54816027147925,0.0625947369614645
35.558160271479245,0.06426726078668013
35.56816027147924,0.06596666458161017
35.57816027147925,0.06769272963643531
35.58816027147925,0.06944520961836895
35.59816027147925,0.07122383011834431
35.60816027147925,0.07302828822428128
35.618160271479255,0.07485825212231514
35.62816027147926,0.07671336072736247
35.63816027147926,0.0785932233443786
35.648160271479256,0.08049741936162529
35.65816027147926,0.08242549797723975
35.668160271479266,0.08437697796037376
35.678160271479264,0.08635134744813765
35.68816027147926,0.0883480637795341
35.69816027147927,0.09036655336752332
35.70816027147927,0.09240621161032722
35.71816027147927,0.09446640284303051
35.72816027147927,0.0965464603304735
35.73816027147927,0.09864568630237322
35.74816027147928,0.10076335203156342
35.75816027147928,0.10289869795618008
35.768160271479275,0.10505093384654239
35.77816027147928,0.10721923901740885
35.788160271479285,0.10940276258622905
35.79816027147928,0.11160062377793659
35.80816027147928,0.11381191227673888
35.818160271479286,0.1160356886252793
35.82816027147929,0.11827098467147619
35.83816027147929,0.12051680406325989
35.84816027147929,0.12277212279132717
35.85816027147929,0.12503588977994542
35.8681602714793,0.12730702752575887
35.878160271479295,0.1295844327844574
35.88816027147929,0.13186697730506283
35.8981602714793,0.1341535086114897
35.908160271479304,0.13644285083095745
35.9181602714793,0.13873380556873133
35.9281602714793,0.1410251528285608
35.938160271479305,0.14331565197808524
35.94816027147931,0.14560404275839245
35.95816027147931,0.14788904633681715
35.968160271479306,0.15016936640195697
35.97816027147931,0.15244369029978602
35.988160271479316,0.15471069020966366
35.998160271479314,0.15696902435894114
36.00816027147931,0.1592173382747626
36.01816027147932,0.16145426607156474
36.02816027147932,0.16367843177270355
36.03816027147932,0.16588845066454724
36.04816027147932,0.1680829306812775
36.05816027147932,0.1702604738185578
36.06816027147933,0.1724196775741609
36.07816027147933,0.17455913641357004
36.088160271479325,0.17667744325848236
36.09816027147933,0.1787731909960737
36.108160271479335,0.18084497400682983
36.11816027147933,0.1828913897086862
36.12816027147933,0.18491104011514875
36.138160271479336,0.18690253340501392
36.14816027147934,0.18886448550127
36.15816027147934,0.19079552165671573
36.16816027147934,0.19269427804378092
36.17816027147934,0.19455940334600075
36.18816027147935,0.1963895603485764
36.198160271479345,0.1981834275254293
36.20816027147934,0.19993970062012767
36.21816027147935,0.20165709421805114
36.228160271479354,0.20333434330716124
36.23816027147935,0.2049702048247434
36.24816027147935,0.2065634591874792
36.258160271479355,0.20811291180221858
36.26816027147936,0.20961739455484532
36.27816027147936,0.21107576727464966
36.288160271479356,0.21248691917163964
36.29816027147936,0.2138497702442561
36.308160271479366,0.21516327265500257
36.318160271479364,0.2164264120715443
36.32816027147936,0.21763820897087258
36.33816027147937,0.21879771990418542
36.34816027147937,0.2199040387202048
36.35816027147937,0.22095629774471384
36.36816027147937,0.22195366891416182
36.37816027147937,0.22289536486126296
36.38816027147938,0.22378063995059952
36.39816027147938,0.22460879126232614
36.408160271479375,0.2253791595221558
36.41816027147938,0.22609112997590278
36.428160271479385,0.22674413320696238
36.43816027147938,0.22733764589520683
36.44816027147938,0.22787119151587942
36.458160271479386,0.2283443409771789
36.46816027147939,0.22875671319534197
36.47816027147939,0.2291079756061466
36.48816027147939,0.2293978446118722
36.49816027147939,0.2296260859628759
36.5081602714794,0.22979251507306747
36.518160271479395,0.22989699726868865
36.52816027147939,0.22993944796992563
36.5381602714794,0.22992333534169945
36.548160271479404,0.22985550876857436
36.5581602714794,0.22973619189651895
36.5681602714794,0.22956546493329033
36.578160271479405,0.2293434425974649
36.58816027147941,0.22907027398997468
36.59816027147941,0.2287461424272365
36.608160271479406,0.22837126523613568
36.61816027147941,0.22794589351118594
36.628160271479416,0.22747031183424585
36.638160271479414,0.2269448379572274
36.64816027147941,0.22636982244829318
36.65816027147942,0.22574564830209515
36.66816027147942,0.2250727305146608
36.67816027147942,0.22435151562358518
36.68816027147942,0.2235824812142428
36.69816027147942,0.22276613539278664
36.70816027147943,0.22190301622674682
36.71816027147943,0.22099369115408737
36.728160271479425,0.2200387563616324
36.73816027147943,0.21903883613381717
36.748160271479435,0.21799458217275727
36.75816027147943,0.21690667289066956
36.76816027147943,0.21577581267572177
36.778160271479436,0.21460273113242617
36.78816027147944,0.21338818229772058
36.79816027147944,0.21213294383391101
36.80816027147944,0.21083781619968753
36.81816027147944,0.20950362180045234
36.82816027147945,0.20813120411921862
36.838160271479445,0.20672142682935898
36.84816027147944,0.20527517289051206
36.85816027147945,0.20379334362897314
36.868160271479454,0.20227685780390278
36.87816027147945,0.20072665066070017
36.88816027147945,0.1991436729729051
36.898160271479455,0.19752889007400315
36.90816027147946,0.19588328088050413
36.91816027147946,0.19420783690766608
36.928160271479456,0.1925035612792475
36.93816027147946,0.1907714677326683
36.948160271479466,0.18901257962094645
36.958160271479464,0.1872279289127704
36.96816027147946,0.18541855519206607
36.97816027147947,0.18358550465840917
36.98816027147947,0.18172982912960628
36.99816027147947,0.1798525850477546
37.00816027147947,0.17795483249008023
37.01816027147947,0.17603763418583562
37.02816027147948,0.17410205454050443
37.03816027147948,0.1721491586685355
37.048160271479475,0.17018001143581407
37.05816027147948,0.16819567651304854
37.068160271479485,0.16619721544121144
37.07816027147948,0.1641856867101406
37.08816027147948,0.16216214485138386
37.098160271479486,0.16012763954633755
37.10816027147949,0.15808321475067907
37.11816027147949,0.15602990783605825
37.12816027147949,0.15396874874998268
37.13816027147949,0.15190075919479398
37.1481602714795,0.14982695182657751
37.158160271479495,0.14774832947480754
37.16816027147949,0.1456658843834962
37.1781602714795,0.14358059747457358
37.188160271479504,0.1414934376341671
37.1981602714795,0.13940536102240592
37.2081602714795,0.13731731040733977
37.218160271479505,0.13523021452351766
37.22816027147951,0.1331449874557127
37.23816027147951,0.13106252804823304
37.248160271479506,0.12898371934022423
37.25816027147951,0.12690942802732189
37.268160271479516,0.1248405039499548
37.278160271479514,0.12277777960855263
37.28816027147951,0.12072206970587857
37.29816027147952,0.1186741707166601
37.30816027147952,0.11663486048463644
37.31816027147952,0.11460489784709342
37.32816027147952,0.11258502228692803
37.33816027147952,0.11057595361223738
37.34816027147953,0.10857839166337571
37.35816027147953,0.10659301604737957
37.368160271479525,0.10462048589963269
37.37816027147953,0.10266143967260173
37.388160271479535,0.10071649495142386
37.39816027147953,0.09878624829608922
37.40816027147953,0.09687127510993658
37.418160271479536,0.0949721295341442
37.42816027147954,0.09308934436785234
37.43816027147954,0.09122343101352236
37.44816027147954,0.08937487944711535
37.45816027147954,0.08754415821264348
37.46816027147955,0.0857317144406074
37.478160271479545,0.08393797388980614
37.48816027147954,0.08216334101199038
37.49816027147955,0.08040819903880513
37.508160271479554,0.07867291009043471
37.51816027147955,0.07695781530534186
37.52816027147955,0.07526323499048268
37.538160271479555,0.0735894687913607
37.54816027147956,0.07193679588125654
37.55816027147956,0.07030547516895429
37.568160271479556,0.06869574552428233
37.57816027147956,0.06710782602077316
37.588160271479566,0.06554191619472614
37.598160271479564,0.0639981963199498
37.60816027147956,0.06247682769745987
37.61816027147957,0.06097795295940383
37.62816027147957,0.05950169638646842
37.63816027147957,0.05804816423802364
37.64816027147957,0.056617445094263585
37.658160271479574,0.05520961020960316
37.66816027147958,0.053824713876581984
37.67816027147958,0.05246279379952943
37.688160271479575,0.05112387147725599
37.69816027147958,0.04980795259404007
37.708160271479585,0.04851502741817733
37.71816027147958,0.04724507120736674
37.72816027147958,0.04599804462022329
37.738160271479586,0.044773894133215524
37.74816027147959,0.04357255246232876
37.75816027147959,0.042393938988766616
37.76816027147959,0.041237960188021915
37.77816027147959,0.04010451006166078
37.7881602714796,0.03899347057116993
37.798160271479595,0.037904712073232906
37.80816027147959,0.036838093755821366
37.8181602714796,0.03579346407450418
37.828160271479604,0.0347706611883861
37.8381602714796,0.033769513395105644
37.8481602714796,0.032789839564345474
37.858160271479605,0.03183144956932578
37.86816027147961,0.030894144715763835
37.87816027147961,0.029977718167802262
37.888160271479606,0.02908195537043287
37.89816027147961,0.028206634467962448
37.908160271479616,0.02735152671808024
37.918160271479614,0.02651639690110822
37.92816027147961,0.025701003724039342
37.93816027147962,0.024905100218989118
37.94816027147962,0.02412843413570082
37.95816027147962,0.02337074832776544
37.96816027147962,0.022631781132242106
37.978160271479624,0.021911266742384118
37.98816027147963,0.021208935573191527
37.99816027147963,0.020524514619531527
38.008160271479625,0.019857727806591126
38.01816027147963,0.019208296332446376
38.028160271479635,0.01857593900254698
38.03816027147963,0.01796037255593484
38.04816027147963,0.017361311983037236
38.058160271479636,0.016778470834893346
38.06816027147964,0.016211561523687246
38.07816027147964,0.015660295614478213
38.08816027147964,0.015124384108040078
38.09816027147964,0.014603537714737424
38.10816027147965,0.01409746711937983
38.118160271479645,0.0136058832370112
38.12816027147964,0.01312849745961021
38.13816027147965,0.01266502189369178
38.148160271479654,0.01221516958881163
38.15816027147965,0.011778654756989854
38.16816027147965,0.011355192983085707
38.178160271479655,0.01094450142616817
38.18816027147966,0.010546299011936846
38.19816027147966,0.010160306616259688
38.208160271479656,0.00978624723990777
38.21816027147966,0.009423846174577628
38.228160271479666,0.009072831160299662
38.238160271479664,0.008732932534341098
38.24816027147966,0.008403883371722874
38.25816027147967,0.008085419617478355
38.26816027147967,0.00777728021078761
38.27816027147967,0.007479207201128775
38.28816027147967,0.007190945856596702
38.298160271479674,0.006912244764545298
38.30816027147968,0.006642855924714041
38.31816027147968,0.006382534835004809
38.328160271479675,0.006131040570081581
38.33816027147968,0.0058881358529697765
38.348160271479685,0.0056535871198342535
38.35816027147968,0.005427164578118839
38.36816027147968,0.0052086422582343405
38.378160271479686,0.004997798058984612
38.38816027147969,0.0047944137869207525
38.39816027147969,0.004598275189815618
38.40816027147969,0.004409171984453052
38.41816027147969,0.004226897878927191
38.4281602714797,0.004051250589646335
38.438160271479695,0.0038820318532363355
