0,65.45801082222172
1,74.46505500472932
2,84.49779249537133
3,95.64039235897013
4,107.97929124409727
5,121.6025643344526
6,136.59919237755287
7,153.05822317735257
8,171.0678277079302
9,190.71425299549716
10,212.08067610527107
11,235.24596592989664
12,260.28336197086026
13,287.2590818896463
14,316.2308722296847
15,347.24651931511994
16,380.3423398539049
17,415.5416731419144
18,452.8533989098091
19,492.27050670207404
20,533.7687441554942
21,577.305372582639
22,622.8180588001503
23,670.2239321146749
24,719.418834743795
25,770.2767926698963
26,822.6497319801617
27,876.3674631300188
28,931.2379522917778
29,987.0478950441889
30,1043.5636031700835
31,1100.5322103243443
32,1157.6831968971073
33,1214.7302286277247
34,1271.3732975385894
35,1327.3011476816116
36,1382.1939621603485
37,1435.7262820498304
38,1487.570122328365
39,1537.398244903665
40,1584.8875443960717
41,1629.7224986609824
42,1671.5986332033249
43,1710.2259467537294
44,1745.3322444127373
45,1776.6663249757955
46,1804.0009703521025
47,1827.135687381364
48,1845.8991558032621
49,1860.1513405863845
50,1869.7852321915668
51,1874.728184519532
52,1875.020397595776
53,1871.2197970502768
54,1863.4621519694997
55,1851.7967396942533
56,1836.2974019468938
57,1817.0617663646458
58,1794.2102223689144
59,1767.884666399944
60,1738.2470348107697
61,1705.4776456363768
62,1669.7733729818672
63,1631.3456798647244
64,1590.4185369682882
65,1547.2262558939692
66,1502.0112661269993
67,1455.0218650538254
68,1406.5099699984116
69,1356.7289003995504
70,1305.9312169610691
71,1254.3666429091918
72,1202.280090431285
73,1149.9098129987806
74,1097.4857016499718
75,1045.2277404845183
76,993.3446336615858
77,942.0326131585942
78,891.4744334974284
79,841.8385566371963
80,793.2785273210627
81,745.9325363985794
82,699.9231670679505
83,655.3573166322714
84,612.3262842706702
85,570.9060135130969
86,531.1574765927261
87,493.1271866419135
88,456.84782279884956
89,422.3389526984567
90,389.60783652269953
91,358.65029676698146
92,329.4516381207461
93,301.98760233801437
94,276.22534366055754
95,252.12441122376515
96,229.63772589266011
97,208.71254011200634
98,189.29137057929026
99,171.31289483258197
100,154.71280415839678
101,139.42460654108584
102,125.38037467078045
103,112.51143527992058
104,100.7489972702796
105,90.02471720751659
106,80.2712017861258
107,71.42244779471825
108,63.41422093334065
109,56.1843755472782
110,49.67311794434492
111,43.82321645621241
112,38.58016179209499
113,33.89228152006501
114,29.71081270384404
115,25.989936828656216
116,22.686781177041073
117,19.761390773355618
118,17.17667491330052
119,14.898332141482964
120,12.89475734493374
121,11.136934402441238
122,9.598317576884222
123,8.254704568172341
124,7.084103864976738
125,6.066598750444775
126,5.184210036047447
127,4.4207593233106515
128,3.761734329352488
129,3.1941575620429834
130,2.706459396654838
131,2.2883563898482024
132,1.930735469882747
133,1.6255444646858737
134,1.36568927195924
135,1.1449378376029364
136,0.9578309897643988
137,0.799600074891711
138,0.6660912581907793
139,0.5536962826016452
140,0.4592894264664657
141,0.38017035904891644
142,0.3140125635527612
143,0.2588169778623979
144,0.21287049251985093
145,0.17470894215533392
146,0.14308422947811267
147,0.11693522888028499
148,0.09536212867868087
149,0.07760388609479425
150,0.06301848643078643
151,0.05106571682654958
152,0.041292184864332435
153,0.033318332604050184
154,0.026827216952970887
155,0.021554847247623472
156,0.017281890276144848
157,0.013826571483374578
158,0.011038618623261394
159,0.008794110547131513
160,0.00699110907743289
161,0.005545965984961773
162,0.0043902099621122015
163,0.003467930187074354
164,0.0027335836436385525
165,0.0021501628511915484
166,0.001687669131975253
167,0.001321844066315615
168,0.0010331184334309135
169,0.0008057437789866052
170,0.0006270768636545597
171,0.00048699170052467433
172,0.0003773977513057664
173,0.00029184618611359124
174,0.00022520897931301286
175,0.0001734180698551718
176,0.00013325390965172233
177,0.0001021745039065056
178,7.817755456263296e-05
179,5.968958931833396e-05
180,4.5477027072936285e-05
181,3.4575025373656904e-05
182,2.6230702066814506e-05
183,1.985794427897761e-05
184,1.5001532482403049e-05
185,1.1308732507503812e-05
186,8.506858369379142e-06
187,6.385596008023875e-06
188,4.7831130040427135e-06
189,3.5751709260092986e-06
190,2.6666127065671654e-06
191,1.9847236483861535e-06
192,1.4740666157951544e-06
193,1.0924740820786889e-06
194,8.07945637703338e-07
195,5.962523506650326e-07
196,4.3909150388799276e-07
197,3.2266876695030023e-07
198,2.3661146848932572e-07
199,1.7313768976778818e-07
200,1.2642251085990932e-07
201,9.211580901528078e-08
202,6.69762604844567e-08
203,4.859421676895457e-08
204,3.5182382302925623e-08
205,2.5418087254275884e-08
206,1.832472453256638e-08
207,1.3182840856858528e-08
208,9.463625149110339e-09
209,6.779271326351208e-09
210,4.846022968135036e-09
211,3.4567254430992057e-09
212,2.4604881073203378e-09
213,1.7476506389394302e-09
214,1.2386965723700508e-09
215,8.760970490330421e-10
216,6.183245143237854e-10
217,4.3546943559679087e-10
218,3.060383542270059e-10
219,2.1462040152034323e-10
220,1.5019072514602692e-10
221,1.0487988226424862e-10
222,7.30833142733644e-11
223,5.081842990107861e-11
224,3.526153528582513e-11
225,2.441508036325719e-11
226,1.686910589871089e-11
227,1.1630621886372846e-11
228,8.001856803319093e-12
229,5.493581594956039e-12
230,3.763547047305193e-12
231,2.5728595869752167e-12
232,1.7551400937944105e-12
233,1.1947704009679164e-12
234,8.115851437043465e-13
235,5.501241215293445e-13
236,3.721039270835846e-13
237,2.5115670961914837e-13
238,1.6916179387234047e-13
239,1.1369379027576508e-13
240,7.625146182965829e-14
241,5.1031292593708316e-14
242,3.4080183905835337e-14
243,2.2711418305753616e-14
244,1.5103011353927876e-14
245,1.0022124819813667e-14
246,6.636407289230082e-15
247,4.385137563445135e-15
248,2.891414655890656e-15
249,1.9024554692840292e-15
250,1.2490953394752418e-15
251,8.183774267642307e-16
252,5.350429691132779e-16
253,3.490604522660436e-16
254,2.272425209451688e-16
