32.42248123932891,0.5000000000023793
32.47248123932891,0.5000000000023793
32.522481239328904,0.5000000000023793
32.5724812393289,0.5000000000023793
32.6224812393289,0.5000000000023793
32.672481239328896,0.5000000000023793
32.72248123932889,0.5000000000023793
32.77248123932889,0.5000000000023793
32.82248123932889,0.5000000000023793
32.872481239328884,0.5000000000023793
32.92248123932888,0.5000000000023793
32.97248123932888,0.5000000000023793
33.022481239328876,0.5000000000023793
33.07248123932887,0.5000000000023793
33.12248123932887,0.5000000000023793
33.17248123932887,0.5000000000023793
33.222481239328864,0.5000000000023793
33.27248123932886,0.5000000000023793
33.32248123932886,0.5000000000023793
33.372481239328856,0.5000000000023793
33.42248123932885,0.5000000000023793
33.47248123932885,0.5000000000023793
33.52248123932885,0.5000000000023793
33.572481239328845,0.5000000000023793
33.62248123932884,0.5000000000023793
33.67248123932884,0.5000000000023794
33.722481239328836,0.5000000000023912
33.77248123932883,0.5000000000031114
33.82248123932883,0.5000000000390344
33.87248123932883,0.5000000014970173
33.922481239328825,0.5000000496363217
33.97248123932882,0.5000013423456284
34.02248123932882,0.5000295658578778
34.072481239328816,0.5005303460943638
34.12248123932881,0.5077476564018119
34.17248123932881,0.5921771735182039
34.22248123932881,1.3931378158229277
34.272481239328805,7.547833326985707
34.3224812393288,45.79339012047016
34.3724812393288,237.55880291512938
34.422481239328796,1010.9606416457816
34.47248123932879,3508.218821269186
34.52248123932879,9917.314739914023
34.57248123932879,22833.431991828566
34.622481239328785,42815.231237350694
34.67248123932878,65383.79711858425
34.72248123932878,81317.70975738569
34.772481239328776,82365.02066194567
34.82248123932877,67942.75208653085
34.87248123932877,45644.296184636856
34.92248123932877,24973.207620513665
34.972481239328765,11127.845259855598
35.02248123932876,4038.437110286513
35.07248123932876,1193.85482591052
35.122481239328756,287.72463936699734
35.172481239328754,56.80096618998648
35.22248123932875,9.487772252888456
35.27248123932875,1.6685043301756002
35.322481239328745,0.6237230590054832
35.37248123932874,0.5106687374707943
35.42248123932874,0.5007492339784939
35.47248123932874,0.500042851297714
35.522481239328734,0.5000019959654499
35.57248123932873,0.5000000757175848
35.62248123932873,0.5000000023415169
35.672481239328725,0.5000000000612326
35.72248123932872,0.5000000000035852
35.77248123932872,0.5000000000023994
35.82248123932872,0.5000000000023795
35.872481239328714,0.5000000000023793
35.92248123932871,0.5000000000023793
35.97248123932871,0.5000000000023793
36.022481239328705,0.5000000000023793
36.0724812393287,0.5000000000023793
36.1224812393287,0.5000000000023793
36.1724812393287,0.5000000000023793
36.222481239328694,0.5000000000023793
36.27248123932869,0.5000000000023793
36.32248123932869,0.5000000000023793
36.372481239328685,0.5000000000023793
36.42248123932868,0.5000000000023793
36.47248123932868,0.5000000000023793
36.52248123932868,0.5000000000023793
36.572481239328674,0.5000000000023793
36.62248123932867,0.5000000000023793
36.67248123932867,0.5000000000023793
36.722481239328665,0.5000000000023793
36.77248123932866,0.5000000000023793
36.82248123932866,0.5000000000023793
36.87248123932866,0.5000000000023793
36.922481239328654,0.5000000000023793
36.97248123932865,0.5000000000023793
37.02248123932865,0.5000000000023793
37.072481239328646,0.5000000000023793
37.12248123932864,0.5000000000023793
37.17248123932864,0.5000000000023793
37.22248123932864,0.5000000000023793
37.272481239328634,0.5000000000023793
37.32248123932863,0.5000000000023793
37.37248123932863,0.5000000000023793
37.422481239328626,0.5000000000023793
37.47248123932862,0.5000000000023793
37.52248123932862,0.5000000000023793
37.57248123932862,0.5000000000023793
37.622481239328614,0.5000000000023793
37.67248123932861,0.5000000000023793
37.72248123932861,0.5000000000023793
37.772481239328606,0.5000000000023793
37.8224812393286,0.5000000000023793
37.8724812393286,0.5000000000023793
37.9224812393286,0.5000000000023793
37.972481239328594,0.5000000000023793
38.02248123932859,0.5000000000023793
38.07248123932859,0.5000000000023793
38.122481239328586,0.5000000000023793
38.17248123932858,0.5000000000023793
38.22248123932858,0.5000000000023793
38.27248123932858,0.5000000000023793
38.322481239328575,0.5000000000023793
38.37248123932857,0.5000000000023793
38.42248123932857,0.5000000000023793
38.472481239328566,0.5000000000023793
38.52248123932856,0.5000000000023793
38.57248123932856,0.5000000000023793
38.62248123932856,0.5000000000023793
38.672481239328555,0.5000000000023793
38.72248123932855,0.5000000000023793
38.77248123932855,0.5000000000023793
38.822481239328546,0.5000000000023793
38.87248123932854,0.5000000000023793
38.92248123932854,0.5000000000023793
38.97248123932854,0.5000000000023793
39.022481239328535,0.5000000000023793
39.07248123932853,0.5000000000023793
39.12248123932853,0.5000000000023793
39.172481239328526,0.5000000000023793
39.22248123932852,0.5000000000023793
39.27248123932852,0.5000000000023793
39.32248123932852,0.5000000000023793
39.372481239328515,0.5000000000023793
39.42248123932851,0.5000000000023793
39.47248123932851,0.5000000000023793
39.522481239328506,0.5000000000023793
39.5724812393285,0.5000000000023793
39.6224812393285,0.5000000000023793
39.6724812393285,0.5000000000023793
39.722481239328495,0.5000000000023793
39.77248123932849,0.5000000000023793
39.82248123932849,0.5000000000023793
39.872481239328486,0.5000000000023793
39.922481239328484,0.5000000000023793
39.97248123932848,0.5000000000023793
40.02248123932848,0.5000000000023793
40.072481239328475,0.5000000000023793
40.12248123932847,0.5000000000023793
40.17248123932847,0.5000000000023793
40.22248123932847,0.5000000000023793
40.272481239328464,0.5000000000023793
40.32248123932846,0.5000000000023793
40.37248123932846,0.5000000000023793
40.422481239328455,0.5000000000023793
40.47248123932845,0.5000000000023793
40.52248123932845,0.5000000000023793
40.57248123932845,0.5000000000023793
40.622481239328444,0.5000000000023793
40.67248123932844,0.5000000000023793
40.72248123932844,0.5000000000023793
40.772481239328435,0.5000000000023793
40.82248123932843,0.5000000000023793
40.87248123932843,0.5000000000023793
40.92248123932843,0.5000000000023793
40.972481239328424,0.5000000000023793
41.02248123932842,0.5000000000023793
41.07248123932842,0.5000000000023793
41.122481239328415,0.5000000000023793
41.17248123932841,0.5000000000023793
41.22248123932841,0.5000000000023793
41.27248123932841,0.5000000000023793
41.322481239328404,0.5000000000023793
41.3724812393284,0.5000000000023793
41.4224812393284,0.5000000000023793
41.472481239328395,0.5000000000023793
41.52248123932839,0.5000000000023793
41.57248123932839,0.5000000000023793
41.62248123932839,0.5000000000023793
41.672481239328384,0.5000000000023793
41.72248123932838,0.5000000000023793
41.77248123932838,0.5000000000023793
41.822481239328376,0.5000000000023793
41.87248123932837,0.5000000000023793
41.92248123932837,0.5000000000023793
41.97248123932837,0.5000000000023793
42.022481239328364,0.5000000000023793
42.07248123932836,0.5000000000023793
42.12248123932836,0.5000000000023793
42.172481239328356,0.5000000000023793
42.22248123932835,0.5000000000023793
42.27248123932835,0.5000000000023793
42.32248123932835,0.5000000000023793
42.372481239328344,0.5000000000023793
42.42248123932834,0.5000000000023793
42.47248123932834,0.5000000000023793
42.522481239328336,0.5000000000023793
42.57248123932833,0.5000000000023793
42.62248123932833,0.5000000000023793
42.67248123932833,0.5000000000023793
42.722481239328324,0.5000000000023793
42.77248123932832,0.5000000000023793
42.82248123932832,0.5000000000023793
42.872481239328316,0.5000000000023793
42.92248123932831,0.5000000000023793
42.97248123932831,0.5000000000023793
43.02248123932831,0.5000000000023793
43.072481239328305,0.5000000000023793
43.1224812393283,0.5000000000023793
43.1724812393283,0.5000000000023793
43.222481239328296,0.5000000000023793
43.27248123932829,0.5000000000023793
43.32248123932829,0.5000000000023793
43.37248123932829,0.5000000000023793
43.422481239328285,0.5000000000023793
43.47248123932828,0.5000000000023793
43.52248123932828,0.5000000000023793
43.572481239328276,0.5000000000023793
43.62248123932827,0.5000000000023793
43.67248123932827,0.5000000000023793
43.72248123932827,0.5000000000023793
43.772481239328265,0.5000000000023793
43.82248123932826,0.5000000000023793
43.87248123932826,0.5000000000023793
43.922481239328256,0.5000000000023793
43.97248123932825,0.5000000000023793
44.02248123932825,0.5000000000023793
44.07248123932825,0.5000000000023793
44.122481239328245,0.5000000000023793
44.17248123932824,0.5000000000023793
44.22248123932824,0.5000000000023793
44.272481239328236,0.5000000000023793
44.32248123932823,0.5000000000023793
44.37248123932823,0.5000000000023793
44.42248123932823,0.5000000000023793
44.472481239328225,0.5000000000023793
44.52248123932822,0.5000000000023793
44.57248123932822,0.5000000000023793
44.622481239328216,0.5000000000023793
44.672481239328214,0.5000000000023793
44.72248123932821,0.5000000000023793
44.77248123932821,0.5000000000023793
44.822481239328205,0.5000000000023793
44.8724812393282,0.5000000000023793
44.9224812393282,0.5000000000023793
44.9724812393282,0.5000000000023793
45.022481239328194,0.5000000000023793
45.07248123932819,0.5000000000023793
45.12248123932819,0.5000000000023793
45.172481239328185,0.5000000000023793
45.22248123932818,0.5000000000023793
45.27248123932818,0.5000000000023793
45.32248123932818,0.5000000000023793
45.372481239328174,0.5000000000023793
45.42248123932817,0.5000000000023793
45.47248123932817,0.5000000000023793
45.522481239328165,0.5000000000023793
45.57248123932816,0.5000000000023793
45.62248123932816,0.5000000000023793
45.67248123932816,0.5000000000023793
45.722481239328154,0.5000000000023793
45.77248123932815,0.5000000000023793
45.82248123932815,0.5000000000023793
45.872481239328145,0.5000000000023793
45.92248123932814,0.5000000000023793
45.97248123932814,0.5000000000023793
46.02248123932814,0.5000000000023793
46.072481239328134,0.5000000000023793
46.12248123932813,0.5000000000023793
46.17248123932813,0.5000000000023793
46.222481239328125,0.5000000000023793
46.27248123932812,0.5000000000023793
46.32248123932812,0.5000000000023793
46.37248123932812,0.5000000000023793
46.422481239328114,0.5000000000023793
46.47248123932811,0.5000000000023793
46.52248123932811,0.5000000000023793
46.572481239328106,0.5000000000023793
46.6224812393281,0.5000000000023793
46.6724812393281,0.5000000000023793
46.7224812393281,0.5000000000023793
46.772481239328094,0.5000000000023793
46.82248123932809,0.5000000000023793
46.87248123932809,0.5000000000023793
46.922481239328086,0.5000000000023793
46.97248123932808,0.5000000000023793
47.02248123932808,0.5000000000023793
47.07248123932808,0.5000000000023793
47.122481239328074,0.5000000000023793
47.17248123932807,0.5000000000023793
47.22248123932807,0.5000000000023793
47.272481239328066,0.5000000000023793
47.32248123932806,0.5000000000023793
47.37248123932806,0.5000000000023793
47.42248123932806,0.5000000000023793
47.472481239328054,0.5000000000023793
47.52248123932805,0.5000000000023793
47.57248123932805,0.5000000000023793
47.622481239328046,0.5000000000023793
47.67248123932804,0.5000000000023793
47.72248123932804,0.5000000000023793
47.77248123932804,0.5000000000023793
47.822481239328035,0.5000000000023793
47.87248123932803,0.5000000000023793
47.92248123932803,0.5000000000023793
47.972481239328026,0.5000000000023793
48.02248123932802,0.5000000000023793
48.07248123932802,0.5000000000023793
48.12248123932802,0.5000000000023793
48.172481239328015,0.5000000000023793
48.22248123932801,0.5000000000023793
48.27248123932801,0.5000000000023793
48.322481239328006,0.5000000000023793
48.372481239328,0.5000000000023793
48.422481239328,0.5000000000023793
48.472481239328,0.5000000000023793
48.522481239327995,0.5000000000023793
48.57248123932799,0.5000000000023793
48.62248123932799,0.5000000000023793
48.672481239327986,0.5000000000023793
48.72248123932798,0.5000000000023793
48.77248123932798,0.5000000000023793
48.82248123932798,0.5000000000023793
48.872481239327975,0.5000000000023793
48.92248123932797,0.5000000000023793
48.97248123932797,0.5000000000023793
49.022481239327966,0.5000000000023793
49.07248123932796,0.5000000000023793
49.12248123932796,0.5000000000023793
49.17248123932796,0.5000000000023793
49.222481239327955,0.5000000000023793
49.27248123932795,0.5000000000023793
49.32248123932795,0.5000000000023793
49.372481239327946,0.5000000000023793
49.422481239327944,0.5000000000023793
49.47248123932794,0.5000000000023793
49.52248123932794,0.5000000000023793
49.572481239327935,0.5000000000023793
49.62248123932793,0.5000000000023793
49.67248123932793,0.5000000000023793
49.72248123932793,0.5000000000023793
49.772481239327924,0.5000000000023793
49.82248123932792,0.5000000000023793
49.87248123932792,0.5000000000023793
49.922481239327915,0.5000000000023793
49.97248123932791,0.5000000000023793
50.02248123932791,0.5000000000023793
50.07248123932791,0.5000000000023793
50.122481239327904,0.5000000000023793
50.1724812393279,0.5000000000023793
50.2224812393279,0.5000000000023793
50.272481239327895,0.5000000000023793
50.32248123932789,0.5000000000023793
50.37248123932789,0.5000000000023793
50.42248123932789,0.5000000000023793
50.472481239327884,0.5000000000023793
50.52248123932788,0.5000000000023793
50.57248123932788,0.5000000000023793
50.622481239327875,0.5000000000023793
50.67248123932787,0.5000000000023793
50.72248123932787,0.5000000000023793
50.77248123932787,0.5000000000023793
50.822481239327864,0.5000000000023793
50.87248123932786,0.5000000000023793
50.92248123932786,0.5000000000023793
50.972481239327855,0.5000000000023793
51.02248123932785,0.5000000000023793
51.07248123932785,0.5000000000023793
51.12248123932785,0.5000000000023793
51.172481239327844,0.5000000000023793
51.22248123932784,0.5000000000023793
51.27248123932784,0.5000000000023793
51.322481239327836,0.5000000000023793
51.37248123932783,0.5000000000023793
51.42248123932783,0.5000000000023793
51.47248123932783,0.5000000000023793
51.522481239327824,0.5000000000023793
51.57248123932782,0.5000000000023793
51.62248123932782,0.5000000000023793
51.672481239327816,0.5000000000023793
51.72248123932781,0.5000000000023793
51.77248123932781,0.5000000000023793
51.82248123932781,0.5000000000023793
51.872481239327804,0.5000000000023793
51.9224812393278,0.5000000000023793
51.9724812393278,0.5000000000023793
52.022481239327796,0.5000000000023793
52.07248123932779,0.5000000000023793
52.12248123932779,0.5000000000023793
52.17248123932779,0.5000000000023793
52.222481239327784,0.5000000000023793
52.27248123932778,0.5000000000023793
52.32248123932778,0.5000000000023793
52.372481239327776,0.5000000000023793
52.42248123932777,0.5000000000023793
52.47248123932777,0.5000000000023793
52.52248123932777,0.5000000000023793
52.572481239327765,0.5000000000023793
52.62248123932776,0.5000000000023793
52.67248123932776,0.5000000000023793
52.722481239327756,0.5000000000023793
52.77248123932775,0.5000000000023793
52.82248123932775,0.5000000000023793
52.87248123932775,0.5000000000023793
52.922481239327745,0.5000000000023793
52.97248123932774,0.5000000000023793
53.02248123932774,0.5000000000023793
53.072481239327736,0.5000000000023793
53.12248123932773,0.5000000000023793
53.17248123932773,0.5000000000023793
53.22248123932773,0.5000000000023793
53.272481239327725,0.5000000000023793
53.32248123932772,0.5000000000023793
53.37248123932772,0.5000000000023793
53.422481239327716,0.5000000000023793
53.47248123932771,0.5000000000023793
53.52248123932771,0.5000000000023793
53.57248123932771,0.5000000000023793
53.622481239327705,0.5000000000023793
53.6724812393277,0.5000000000023793
53.7224812393277,0.5000000000023793
53.772481239327696,0.5000000000023793
53.82248123932769,0.5000000000023793
53.87248123932769,0.5000000000023793
53.92248123932769,0.5000000000023793
53.972481239327685,0.5000000000023793
54.02248123932768,0.5000000000023793
54.07248123932768,0.5000000000023793
54.122481239327676,0.5000000000023793
54.172481239327674,0.5000000000023793
54.22248123932767,0.5000000000023793
54.27248123932767,0.5000000000023793
54.322481239327665,0.5000000000023793
54.37248123932766,0.5000000000023793
54.42248123932766,0.5000000000023793
54.47248123932766,0.5000000000023793
54.522481239327654,0.5000000000023793
54.57248123932765,0.5000000000023793
54.62248123932765,0.5000000000023793
54.672481239327645,0.5000000000023793
54.72248123932764,0.5000000000023793
54.77248123932764,0.5000000000023793
54.82248123932764,0.5000000000023793
54.872481239327634,0.5000000000023793
54.92248123932763,0.5000000000023793
54.97248123932763,0.5000000000023793
55.022481239327625,0.5000000000023793
55.07248123932762,0.5000000000023793
55.12248123932762,0.5000000000023793
55.17248123932762,0.5000000000023793
55.222481239327614,0.5000000000023793
55.27248123932761,0.5000000000023793
55.32248123932761,0.5000000000023793
55.372481239327605,0.5000000000023793
55.4224812393276,0.5000000000023793
55.4724812393276,0.5000000000023793
55.5224812393276,0.5000000000023793
55.572481239327594,0.5000000000023793
55.62248123932759,0.5000000000023793
55.67248123932759,0.5000000000023793
55.722481239327585,0.5000000000023793
55.77248123932758,0.5000000000023793
55.82248123932758,0.5000000000023793
55.87248123932758,0.5000000000023793
55.922481239327574,0.5000000000023793
55.97248123932757,0.5000000000023793
56.02248123932757,0.5000000000023793
56.072481239327566,0.5000000000023793
56.12248123932756,0.5000000000023793
56.17248123932756,0.5000000000023793
56.22248123932756,0.5000000000023793
56.272481239327554,0.5000000000023793
56.32248123932755,0.5000000000023793
56.37248123932755,0.5000000000023793
56.422481239327546,0.5000000000023793
56.47248123932754,0.5000000000023793
56.52248123932754,0.5000000000023793
56.57248123932754,0.5000000000023793
56.622481239327534,0.5000000000023793
56.67248123932753,0.5000000000023793
56.72248123932753,0.5000000000023793
56.772481239327526,0.5000000000023793
56.82248123932752,0.5000000000023793
56.87248123932752,0.5000000000023793
56.92248123932752,0.5000000000023793
56.972481239327514,0.5000000000023793
57.02248123932751,0.5000000000023793
57.07248123932751,0.5000000000023793
57.122481239327506,0.5000000000023793
57.1724812393275,0.5000000000023793
57.2224812393275,0.5000000000023793
57.2724812393275,0.5000000000023793
57.322481239327495,0.5000000000023793
57.37248123932749,0.5000000000023793
57.42248123932749,0.5000000000023793
57.472481239327486,0.5000000000023793
57.52248123932748,0.5000000000023793
57.57248123932748,0.5000000000023793
57.62248123932748,0.5000000000023793
57.672481239327475,0.5000000000023793
57.72248123932747,0.5000000000023793
57.77248123932747,0.5000000000023793
57.822481239327466,0.5000000000023793
57.87248123932746,0.5000000000023793
57.92248123932746,0.5000000000023793
57.97248123932746,0.5000000000023793
58.022481239327455,0.5000000000023793
58.07248123932745,0.5000000000023793
58.12248123932745,0.5000000000023793
58.172481239327446,0.5000000000023793
58.22248123932744,0.5000000000023793
58.27248123932744,0.5000000000023793
58.32248123932744,0.5000000000023793
58.372481239327435,0.5000000000023793
58.42248123932743,0.5000000000023793
58.47248123932743,0.5000000000023793
58.522481239327426,0.5000000000023793
58.57248123932742,0.5000000000023793
58.62248123932742,0.5000000000023793
58.67248123932742,0.5000000000023793
58.722481239327415,0.5000000000023793
58.77248123932741,0.5000000000023793
58.82248123932741,0.5000000000023793
58.872481239327406,0.5000000000023793
58.922481239327404,0.5000000000023793
58.9724812393274,0.5000000000023793
59.0224812393274,0.5000000000023793
59.072481239327395,0.5000000000023793
59.12248123932739,0.5000000000023793
59.17248123932739,0.5000000000023793
59.22248123932739,0.5000000000023793
59.272481239327384,0.5000000000023793
59.32248123932738,0.5000000000023793
59.37248123932738,0.5000000000023793
59.422481239327375,0.5000000000023793
59.47248123932737,0.5000000000023793
59.52248123932737,0.5000000000023793
59.57248123932737,0.5000000000023793
59.622481239327364,0.5000000000023793
59.67248123932736,0.5000000000023793
59.72248123932736,0.5000000000023793
59.772481239327355,0.5000000000023793
59.82248123932735,0.5000000000023793
59.87248123932735,0.5000000000023793
59.92248123932735,0.5000000000023793
59.972481239327344,0.5000000000023793
60.02248123932734,0.5000000000023793
60.07248123932734,0.5000000000023793
60.122481239327335,0.5000000000023793
60.17248123932733,0.5000000000023793
60.22248123932733,0.5000000000023793
60.27248123932733,0.5000000000023793
60.322481239327324,0.5000000000023793
60.37248123932732,0.5000000000023793
60.42248123932732,0.5000000000023793
60.472481239327315,0.5000000000023793
60.52248123932731,0.5000000000023793
60.57248123932731,0.5000000000023793
60.62248123932731,0.5000000000023793
60.672481239327304,0.5000000000023793
60.7224812393273,0.5000000000023793
60.7724812393273,0.5000000000023793
60.822481239327296,0.5000000000023793
60.87248123932729,0.5000000000023793
60.92248123932729,0.5000000000023793
60.97248123932729,0.5000000000023793
61.022481239327284,0.5000000000023793
61.07248123932728,0.5000000000023793
61.12248123932728,0.5000000000023793
61.172481239327276,0.5000000000023793
61.22248123932727,0.5000000000023793
61.27248123932727,0.5000000000023793
61.32248123932727,0.5000000000023793
61.372481239327264,0.5000000000023793
61.42248123932726,0.5000000000023793
61.47248123932726,0.5000000000023793
61.522481239327256,0.5000000000023793
61.57248123932725,0.5000000000023793
61.62248123932725,0.5000000000023793
61.67248123932725,0.5000000000023793
61.722481239327244,0.5000000000023793
61.77248123932724,0.5000000000023793
61.82248123932724,0.5000000000023793
61.872481239327236,0.5000000000023793
61.92248123932723,0.5000000000023793
61.97248123932723,0.5000000000023793
62.02248123932723,0.5000000000023793
62.072481239327225,0.5000000000023793
62.12248123932722,0.5000000000023793
62.17248123932722,0.5000000000023793
62.222481239327216,0.5000000000023793
62.27248123932721,0.5000000000023793
62.32248123932721,0.5000000000023793
62.37248123932721,0.5000000000023793
62.422481239327205,0.5000000000023793
62.4724812393272,0.5000000000023793
62.5224812393272,0.5000000000023793
62.572481239327196,0.5000000000023793
62.62248123932719,0.5000000000023793
62.67248123932719,0.5000000000023793
62.72248123932719,0.5000000000023793
62.772481239327185,0.5000000000023793
62.82248123932718,0.5000000000023793
62.87248123932718,0.5000000000023793
62.922481239327176,0.5000000000023793
62.97248123932717,0.5000000000023793
63.02248123932717,0.5000000000023793
63.07248123932717,0.5000000000023793
63.122481239327165,0.5000000000023793
63.17248123932716,0.5000000000023793
63.22248123932716,0.5000000000023793
63.272481239327156,0.5000000000023793
63.32248123932715,0.5000000000023793
63.37248123932715,0.5000000000023793
63.42248123932715,0.5000000000023793
63.472481239327145,0.5000000000023793
63.52248123932714,0.5000000000023793
63.57248123932714,0.5000000000023793
63.622481239327136,0.5000000000023793
63.67248123932713,0.5000000000023793
63.72248123932713,0.5000000000023793
63.77248123932713,0.5000000000023793
63.822481239327125,0.5000000000023793
63.87248123932712,0.5000000000023793
63.92248123932712,0.5000000000023793
63.97248123932712,0.5000000000023793
64.0224812393271,0.5000000000023793
64.07248123932712,0.5000000000023793
64.1224812393271,0.5000000000023793
64.17248123932711,0.5000000000023793
64.2224812393271,0.5000000000023793
64.2724812393271,0.5000000000023793
64.32248123932709,0.5000000000023793
64.3724812393271,0.5000000000023793
64.42248123932708,0.5000000000023793
64.4724812393271,0.5000000000023793
64.52248123932708,0.5000000000023793
64.57248123932709,0.5000000000023793
64.62248123932707,0.5000000000023793
64.67248123932708,0.5000000000023793
64.72248123932707,0.5000000000023793
64.77248123932708,0.5000000000023793
64.82248123932706,0.5000000000023793
64.87248123932707,0.5000000000023793
64.92248123932706,0.5000000000023793
64.97248123932707,0.5000000000023793
65.02248123932705,0.5000000000023793
65.07248123932706,0.5000000000023793
65.12248123932704,0.5000000000023793
65.17248123932706,0.5000000000023793
65.22248123932704,0.5000000000023793
65.27248123932705,0.5000000000023793
65.32248123932703,0.5000000000023793
65.37248123932704,0.5000000000023793
65.42248123932703,0.5000000000023793
65.47248123932704,0.5000000000023793
65.52248123932702,0.5000000000023793
65.57248123932703,0.5000000000023793
65.62248123932702,0.5000000000023793
65.67248123932703,0.5000000000023793
65.72248123932701,0.5000000000023793
65.77248123932702,0.5000000000023793
65.822481239327,0.5000000000023793
65.87248123932702,0.5000000000023793
65.922481239327,0.5000000000023793
65.97248123932701,0.5000000000023793
66.02248123932699,0.5000000000023793
66.072481239327,0.5000000000023793
66.12248123932699,0.5000000000023793
66.172481239327,0.5000000000023793
66.22248123932698,0.5000000000023793
66.27248123932699,0.5000000000023793
66.32248123932698,0.5000000000023793
66.37248123932699,0.5000000000023793
66.42248123932697,0.5000000000023793
66.47248123932698,0.5000000000023793
66.52248123932696,0.5000000000023793
66.57248123932698,0.5000000000023793
66.62248123932696,0.5000000000023793
66.67248123932697,0.5000000000023793
66.72248123932695,0.5000000000023793
66.77248123932696,0.5000000000023793
66.82248123932695,0.5000000000023793
66.87248123932696,0.5000000000023793
66.92248123932694,0.5000000000023793
66.97248123932695,0.5000000000023793
67.02248123932694,0.5000000000023793
67.07248123932695,0.5000000000023793
67.12248123932693,0.5000000000023793
67.17248123932694,0.5000000000023793
67.22248123932692,0.5000000000023793
67.27248123932694,0.5000000000023793
67.32248123932692,0.5000000000023793
67.37248123932693,0.5000000000023793
67.42248123932691,0.5000000000023793
67.47248123932692,0.5000000000023793
67.52248123932691,0.5000000000023793
67.57248123932692,0.5000000000023793
67.6224812393269,0.5000000000023793
67.67248123932691,0.5000000000023793
67.7224812393269,0.5000000000023793
67.77248123932691,0.5000000000023793
67.82248123932689,0.5000000000023793
67.8724812393269,0.5000000000023793
67.92248123932688,0.5000000000023793
67.9724812393269,0.5000000000023793
68.02248123932688,0.5000000000023793
68.07248123932689,0.5000000000023793
68.12248123932687,0.5000000000023793
68.17248123932688,0.5000000000023793
68.22248123932687,0.5000000000023793
68.27248123932688,0.5000000000023793
68.32248123932686,0.5000000000023793
68.37248123932687,0.5000000000023793
68.42248123932686,0.5000000000023793
68.47248123932687,0.5000000000023793
68.52248123932685,0.5000000000023793
68.57248123932686,0.5000000000023793
68.62248123932685,0.5000000000023793
68.67248123932686,0.5000000000023793
68.72248123932684,0.5000000000023793
68.77248123932685,0.5000000000023793
68.82248123932683,0.5000000000023793
68.87248123932685,0.5000000000023793
68.92248123932683,0.5000000000023793
68.97248123932684,0.5000000000023793
69.02248123932682,0.5000000000023793
69.07248123932683,0.5000000000023793
69.12248123932682,0.5000000000023793
69.17248123932683,0.5000000000023793
69.22248123932681,0.5000000000023793
69.27248123932682,0.5000000000023793
69.3224812393268,0.5000000000023793
69.37248123932682,0.5000000000023793
69.4224812393268,0.5000000000023793
69.47248123932681,0.5000000000023793
69.5224812393268,0.5000000000023793
69.5724812393268,0.5000000000023793
69.62248123932679,0.5000000000023793
69.6724812393268,0.5000000000023793
69.72248123932678,0.5000000000023793
69.7724812393268,0.5000000000023793
69.82248123932678,0.5000000000023793
69.87248123932679,0.5000000000023793
69.92248123932677,0.5000000000023793
69.97248123932678,0.5000000000023793
70.02248123932677,0.5000000000023793
70.07248123932678,0.5000000000023793
70.12248123932676,0.5000000000023793
70.17248123932677,0.5000000000023793
70.22248123932675,0.5000000000023793
70.27248123932677,0.5000000000023793
70.32248123932675,0.5000000000023793
70.37248123932676,0.5000000000023793
70.42248123932674,0.5000000000023793
70.47248123932675,0.5000000000023793
70.52248123932674,0.5000000000023793
70.57248123932675,0.5000000000023793
70.62248123932673,0.5000000000023793
70.67248123932674,0.5000000000023793
70.72248123932673,0.5000000000023793
70.77248123932674,0.5000000000023793
70.82248123932672,0.5000000000023793
70.87248123932673,0.5000000000023793
70.92248123932671,0.5000000000023793
70.97248123932673,0.5000000000023793
71.02248123932671,0.5000000000023793
71.07248123932672,0.5000000000023793
71.1224812393267,0.5000000000023793
71.17248123932671,0.5000000000023793
71.2224812393267,0.5000000000023793
71.27248123932671,0.5000000000023793
71.32248123932669,0.5000000000023793
71.3724812393267,0.5000000000023793
71.42248123932669,0.5000000000023793
71.4724812393267,0.5000000000023793
71.52248123932668,0.5000000000023793
71.57248123932669,0.5000000000023793
71.62248123932667,0.5000000000023793
71.67248123932669,0.5000000000023793
71.72248123932667,0.5000000000023793
71.77248123932668,0.5000000000023793
71.82248123932666,0.5000000000023793
71.87248123932667,0.5000000000023793
71.92248123932666,0.5000000000023793
71.97248123932667,0.5000000000023793
72.02248123932665,0.5000000000023795
72.07248123932666,0.5000000000023933
72.12248123932665,0.5000000000030747
72.17248123932666,0.5000000000307808
72.22248123932664,0.5000000009554698
72.27248123932665,0.5000000262786897
72.32248123932663,0.500000595159456
72.37248123932665,0.5000110748000012
72.42248123932663,0.5001693078045982
72.47248123932664,0.5021264497416542
72.52248123932662,0.5219416987891864
72.57248123932663,0.6860040292385209
72.62248123932662,1.7954224877858431
72.67248123932663,7.912035459407136
72.72248123932661,35.34179501881072
72.77248123932662,135.05521392450677
72.8224812393266,427.41116919600324
72.87248123932662,1113.2855568568666
72.9224812393266,2383.4910963615457
72.97248123932661,4192.97359268869
73.0224812393266,6060.257271283718
73.0724812393266,7196.267089651427
73.12248123932659,7020.4811135501695
73.1724812393266,5626.915051895736
73.22248123932658,3705.298271614646
73.2724812393266,2004.6690038528657
73.32248123932658,891.2197733897191
73.37248123932659,325.7256740274122
73.42248123932657,98.05859294496837
73.47248123932658,24.54269849160261
73.52248123932657,5.367857641334503
73.57248123932658,1.3097100027396014
73.62248123932656,0.6106517065635596
73.67248123932657,0.5124229204734673
73.72248123932656,0.5011458460476743
73.77248123932657,0.5000868292048466
73.82248123932655,0.5000054055827697
73.87248123932656,0.500000276477353
73.92248123932654,0.5000000116197085
73.97248123932656,0.500000000403425
74.02248123932654,0.5000000000137534
74.07248123932655,0.5000000000026443
74.12248123932653,0.5000000000023844
74.17248123932654,0.5000000000023794
74.22248123932653,0.5000000000023793
74.27248123932654,0.5000000000023793
74.32248123932652,0.5000000000023793
74.37248123932653,0.5000000000023793
74.42248123932652,0.5000000000023793
74.47248123932653,0.5000000000023793
74.52248123932651,0.5000000000023793
74.57248123932652,0.5000000000023793
74.6224812393265,0.5000000000023793
74.67248123932652,0.5000000000023793
74.7224812393265,0.5000000000023793
74.77248123932651,0.5000000000023793
74.82248123932649,0.5000000000023793
74.8724812393265,0.5000000000023793
74.92248123932649,0.5000000000023793
74.9724812393265,0.5000000000023793
75.02248123932648,0.5000000000023793
75.07248123932649,0.5000000000023793
75.12248123932648,0.5000000000023793
75.17248123932649,0.5000000000023793
75.22248123932647,0.5000000000023793
75.27248123932648,0.5000000000023793
75.32248123932646,0.5000000000023793
75.37248123932648,0.5000000000023793
75.42248123932646,0.5000000000023793
75.47248123932647,0.5000000000023793
75.52248123932645,0.5000000000023793
75.57248123932646,0.5000000000023793
75.62248123932645,0.5000000000023793
75.67248123932646,0.5000000000023793
75.72248123932644,0.5000000000023793
75.77248123932645,0.5000000000023793
