32.42248123932891,0.0
32.47248123932891,0.0
32.522481239328904,0.0
32.5724812393289,0.0
32.6224812393289,0.0
32.672481239328896,0.0
32.72248123932889,0.0
32.77248123932889,0.0
32.82248123932889,0.0
32.872481239328884,0.0
32.92248123932888,0.0
32.97248123932888,0.0
33.022481239328876,0.0
33.07248123932887,0.0
33.12248123932887,0.0
33.17248123932887,0.0
33.222481239328864,0.0
33.27248123932886,0.0
33.32248123932886,0.0
33.372481239328856,0.0
33.42248123932885,0.0
33.47248123932885,0.0
33.52248123932885,0.0
33.572481239328845,0.0
33.62248123932884,0.0
33.67248123932884,0.0
33.722481239328836,0.0
33.77248123932883,0.0
33.82248123932883,0.0
33.87248123932883,0.0
33.922481239328825,0.0
33.97248123932882,0.0
34.02248123932882,0.0
34.072481239328816,0.0
34.12248123932881,0.0
34.17248123932881,0.0
34.22248123932881,0.0
34.272481239328805,0.0
34.3224812393288,0.0
34.3724812393288,0.0
34.422481239328796,0.0
34.47248123932879,0.0
34.52248123932879,0.0
34.57248123932879,0.0
34.622481239328785,0.0
34.67248123932878,0.0
34.72248123932878,0.0
34.772481239328776,0.0
34.82248123932877,0.0
34.87248123932877,0.0
34.92248123932877,0.0
34.972481239328765,0.0
35.02248123932876,0.0
35.07248123932876,0.0
35.122481239328756,0.0
35.172481239328754,0.0
35.22248123932875,0.0
35.27248123932875,0.0
35.322481239328745,0.0
35.37248123932874,0.0
35.42248123932874,0.0
35.47248123932874,0.0
35.522481239328734,0.0
35.57248123932873,0.0
35.62248123932873,0.0
35.672481239328725,0.0
35.72248123932872,0.0
35.77248123932872,0.0
35.82248123932872,0.0
35.872481239328714,0.0
35.92248123932871,0.0
35.97248123932871,0.0
36.022481239328705,0.0
36.0724812393287,0.0
36.1224812393287,0.0
36.1724812393287,0.0
36.222481239328694,0.0
36.27248123932869,0.0
36.32248123932869,0.0
36.372481239328685,0.0
36.42248123932868,0.0
36.47248123932868,0.0
36.52248123932868,0.0
36.572481239328674,0.0
36.62248123932867,0.0
36.67248123932867,0.0
36.722481239328665,0.0
36.77248123932866,0.0
36.82248123932866,0.0
36.87248123932866,0.0
36.922481239328654,0.0
36.97248123932865,0.0
37.02248123932865,0.0
37.072481239328646,0.0
37.12248123932864,0.0
37.17248123932864,0.0
37.22248123932864,0.0
37.272481239328634,0.0
37.32248123932863,0.0
37.37248123932863,0.0
37.422481239328626,0.0
37.47248123932862,0.0
37.52248123932862,0.0
37.57248123932862,0.0
37.622481239328614,0.0
37.67248123932861,0.0
37.72248123932861,0.0
37.772481239328606,0.0
37.8224812393286,0.0
37.8724812393286,0.0
37.9224812393286,0.0
37.972481239328594,0.0
38.02248123932859,0.0
38.07248123932859,0.0
38.122481239328586,0.0
38.17248123932858,0.0
38.22248123932858,0.0
38.27248123932858,0.0
38.322481239328575,0.0
38.37248123932857,0.0
38.42248123932857,0.0
38.472481239328566,0.0
38.52248123932856,0.0
38.57248123932856,0.0
38.62248123932856,0.0
38.672481239328555,0.0
38.72248123932855,0.0
38.77248123932855,0.0
38.822481239328546,0.0
38.87248123932854,0.0
38.92248123932854,0.0
38.97248123932854,0.0
39.022481239328535,0.0
39.07248123932853,0.0
39.12248123932853,0.0
39.172481239328526,0.0
39.22248123932852,0.0
39.27248123932852,0.0
39.32248123932852,0.0
39.372481239328515,0.0
39.42248123932851,0.0
39.47248123932851,0.0
39.522481239328506,0.0
39.5724812393285,0.0
39.6224812393285,0.0
39.6724812393285,0.0
39.722481239328495,0.0
39.77248123932849,0.0
39.82248123932849,0.0
39.872481239328486,0.0
39.922481239328484,0.0
39.97248123932848,0.0
40.02248123932848,0.0
40.072481239328475,0.0
40.12248123932847,0.0
40.17248123932847,0.0
40.22248123932847,0.0
40.272481239328464,0.0
40.32248123932846,0.0
40.37248123932846,0.0
40.422481239328455,0.0
40.47248123932845,0.0
40.52248123932845,0.0
40.57248123932845,0.0
40.622481239328444,0.0
40.67248123932844,0.0
40.72248123932844,0.0
40.772481239328435,0.0
40.82248123932843,0.0
40.87248123932843,0.0
40.92248123932843,0.0
40.972481239328424,0.0
41.02248123932842,0.0
41.07248123932842,0.0
41.122481239328415,0.0
41.17248123932841,0.0
41.22248123932841,0.0
41.27248123932841,0.0
41.322481239328404,0.0
41.3724812393284,0.0
41.4224812393284,0.0
41.472481239328395,0.0
41.52248123932839,0.0
41.57248123932839,0.0
41.62248123932839,0.0
41.672481239328384,0.0
41.72248123932838,0.0
41.77248123932838,0.0
41.822481239328376,0.0
41.87248123932837,0.0
41.92248123932837,0.0
41.97248123932837,0.0
42.022481239328364,0.0
42.07248123932836,0.0
42.12248123932836,0.0
42.172481239328356,0.0
42.22248123932835,0.0
42.27248123932835,0.0
42.32248123932835,0.0
42.372481239328344,0.0
42.42248123932834,0.0
42.47248123932834,0.0
42.522481239328336,0.0
42.57248123932833,0.0
42.62248123932833,0.0
42.67248123932833,0.0
42.722481239328324,0.0
42.77248123932832,0.0
42.82248123932832,0.0
42.872481239328316,0.0
42.92248123932831,0.0
42.97248123932831,0.0
43.02248123932831,0.0
43.072481239328305,0.0
43.1224812393283,0.0
43.1724812393283,0.0
43.222481239328296,0.0
43.27248123932829,0.0
43.32248123932829,0.0
43.37248123932829,0.0
43.422481239328285,0.0
43.47248123932828,0.0
43.52248123932828,0.0
43.572481239328276,0.0
43.62248123932827,0.0
43.67248123932827,0.0
43.72248123932827,0.0
43.772481239328265,0.0
43.82248123932826,0.0
43.87248123932826,0.0
43.922481239328256,0.0
43.97248123932825,0.0
44.02248123932825,0.0
44.07248123932825,0.0
44.122481239328245,0.0
44.17248123932824,0.0
44.22248123932824,0.0
44.272481239328236,0.0
44.32248123932823,0.0
44.37248123932823,0.0
44.42248123932823,0.0
44.472481239328225,0.0
44.52248123932822,0.0
44.57248123932822,0.0
44.622481239328216,0.0
44.672481239328214,0.0
44.72248123932821,0.0
44.77248123932821,0.0
44.822481239328205,0.0
44.8724812393282,0.0
44.9224812393282,0.0
44.9724812393282,0.0
45.022481239328194,0.0
45.07248123932819,0.0
45.12248123932819,0.0
45.172481239328185,0.0
45.22248123932818,0.0
45.27248123932818,0.0
45.32248123932818,0.0
45.372481239328174,0.0
45.42248123932817,0.0
45.47248123932817,0.0
45.522481239328165,0.0
45.57248123932816,0.0
45.62248123932816,0.0
45.67248123932816,0.0
45.722481239328154,0.0
45.77248123932815,0.0
45.82248123932815,0.0
45.872481239328145,0.0
45.92248123932814,0.0
45.97248123932814,0.0
46.02248123932814,0.0
46.072481239328134,0.0
46.12248123932813,0.0
46.17248123932813,0.0
46.222481239328125,0.0
46.27248123932812,0.0
46.32248123932812,0.0
46.37248123932812,0.0
46.422481239328114,0.0
46.47248123932811,0.0
46.52248123932811,0.0
46.572481239328106,0.0
46.6224812393281,0.0
46.6724812393281,0.0
46.7224812393281,0.0
46.772481239328094,0.0
46.82248123932809,0.0
46.87248123932809,0.0
46.922481239328086,0.0
46.97248123932808,0.0
47.02248123932808,0.0
47.07248123932808,0.0
47.122481239328074,0.0
47.17248123932807,0.0
47.22248123932807,0.0
47.272481239328066,0.0
47.32248123932806,0.0
47.37248123932806,0.0
47.42248123932806,0.0
47.472481239328054,0.0
47.52248123932805,0.0
47.57248123932805,0.0
47.622481239328046,0.0
47.67248123932804,0.0
47.72248123932804,0.0
47.77248123932804,0.0
47.822481239328035,0.0
47.87248123932803,0.0
47.92248123932803,0.0
47.972481239328026,0.0
48.02248123932802,0.0
48.07248123932802,0.0
48.12248123932802,0.0
48.172481239328015,0.0
48.22248123932801,0.0
48.27248123932801,0.0
48.322481239328006,0.0
48.372481239328,0.0
48.422481239328,0.0
48.472481239328,0.0
48.522481239327995,0.0
48.57248123932799,0.0
48.62248123932799,0.0
48.672481239327986,0.0
48.72248123932798,0.0
48.77248123932798,0.0
48.82248123932798,0.0
48.872481239327975,0.0
48.92248123932797,0.0
48.97248123932797,0.0
49.022481239327966,0.0
49.07248123932796,0.0
49.12248123932796,0.0
49.17248123932796,0.0
49.222481239327955,0.0
49.27248123932795,0.0
49.32248123932795,0.0
49.372481239327946,0.0
49.422481239327944,0.0
49.47248123932794,0.0
49.52248123932794,0.0
49.572481239327935,0.0
49.62248123932793,0.0
49.67248123932793,0.0
49.72248123932793,0.0
49.772481239327924,0.0
49.82248123932792,0.0
49.87248123932792,0.0
49.922481239327915,0.0
49.97248123932791,0.0
50.02248123932791,0.0
50.07248123932791,0.0
50.122481239327904,0.0
50.1724812393279,0.0
50.2224812393279,0.0
50.272481239327895,0.0
50.32248123932789,0.0
50.37248123932789,0.0
50.42248123932789,0.0
50.472481239327884,0.0
50.52248123932788,0.0
50.57248123932788,0.0
50.622481239327875,0.0
50.67248123932787,0.0
50.72248123932787,0.0
50.77248123932787,0.0
50.822481239327864,0.0
50.87248123932786,0.0
50.92248123932786,0.0
50.972481239327855,0.0
51.02248123932785,0.0
51.07248123932785,0.0
51.12248123932785,0.0
51.172481239327844,0.0
51.22248123932784,0.0
51.27248123932784,0.0
51.322481239327836,0.0
51.37248123932783,0.0
51.42248123932783,0.0
51.47248123932783,0.0
51.522481239327824,0.0
51.57248123932782,0.0
51.62248123932782,0.0
51.672481239327816,0.0
51.72248123932781,0.0
51.77248123932781,0.0
51.82248123932781,0.0
51.872481239327804,0.0
51.9224812393278,0.0
51.9724812393278,0.0
52.022481239327796,0.0
52.07248123932779,0.0
52.12248123932779,0.0
52.17248123932779,0.0
52.222481239327784,0.0
52.27248123932778,0.0
52.32248123932778,0.0
52.372481239327776,0.0
52.42248123932777,0.0
52.47248123932777,0.0
52.52248123932777,0.0
52.572481239327765,0.0
52.62248123932776,0.0
52.67248123932776,0.0
52.722481239327756,0.0
52.77248123932775,0.0
52.82248123932775,0.0
52.87248123932775,0.0
52.922481239327745,0.0
52.97248123932774,0.0
53.02248123932774,0.0
53.072481239327736,0.0
53.12248123932773,0.0
53.17248123932773,0.0
53.22248123932773,0.0
53.272481239327725,0.0
53.32248123932772,0.0
53.37248123932772,0.0
53.422481239327716,0.0
53.47248123932771,0.0
53.52248123932771,0.0
53.57248123932771,0.0
53.622481239327705,0.0
53.6724812393277,0.0
53.7224812393277,0.0
53.772481239327696,0.0
53.82248123932769,0.0
53.87248123932769,0.0
53.92248123932769,0.0
53.972481239327685,0.0
54.02248123932768,0.0
54.07248123932768,0.0
54.122481239327676,0.0
54.172481239327674,0.0
54.22248123932767,0.0
54.27248123932767,0.0
54.322481239327665,0.0
54.37248123932766,0.0
54.42248123932766,0.0
54.47248123932766,0.0
54.522481239327654,0.0
54.57248123932765,0.0
54.62248123932765,0.0
54.672481239327645,0.0
54.72248123932764,0.0
54.77248123932764,0.0
54.82248123932764,0.0
54.872481239327634,0.0
54.92248123932763,0.0
54.97248123932763,0.0
55.022481239327625,0.0
55.07248123932762,0.0
55.12248123932762,0.0
55.17248123932762,0.0
55.222481239327614,0.0
55.27248123932761,0.0
55.32248123932761,0.0
55.372481239327605,0.0
55.4224812393276,0.0
55.4724812393276,0.0
55.5224812393276,0.0
55.572481239327594,0.0
55.62248123932759,0.0
55.67248123932759,0.0
55.722481239327585,0.0
55.77248123932758,0.0
55.82248123932758,0.0
55.87248123932758,0.0
55.922481239327574,0.0
55.97248123932757,0.0
56.02248123932757,0.0
56.072481239327566,0.0
56.12248123932756,0.0
56.17248123932756,0.0
56.22248123932756,0.0
56.272481239327554,0.0
56.32248123932755,0.0
56.37248123932755,0.0
56.422481239327546,0.0
56.47248123932754,0.0
56.52248123932754,0.0
56.57248123932754,0.0
56.622481239327534,0.0
56.67248123932753,0.0
56.72248123932753,0.0
56.772481239327526,0.0
56.82248123932752,0.0
56.87248123932752,0.0
56.92248123932752,0.0
56.972481239327514,0.0
57.02248123932751,0.0
57.07248123932751,0.0
57.122481239327506,0.0
57.1724812393275,0.0
57.2224812393275,0.0
57.2724812393275,0.0
57.322481239327495,0.0
57.37248123932749,0.0
57.42248123932749,0.0
57.472481239327486,0.0
57.52248123932748,0.0
57.57248123932748,0.0
57.62248123932748,0.0
57.672481239327475,0.0
57.72248123932747,0.0
57.77248123932747,0.0
57.822481239327466,0.0
57.87248123932746,0.0
57.92248123932746,0.0
57.97248123932746,0.0
58.022481239327455,0.0
58.07248123932745,0.0
58.12248123932745,0.0
58.172481239327446,0.0
58.22248123932744,0.0
58.27248123932744,0.0
58.32248123932744,0.0
58.372481239327435,0.0
58.42248123932743,0.0
58.47248123932743,0.0
58.522481239327426,0.0
58.57248123932742,0.0
58.62248123932742,0.0
58.67248123932742,0.0
58.722481239327415,0.0
58.77248123932741,0.0
58.82248123932741,0.0
58.872481239327406,0.0
58.922481239327404,0.0
58.9724812393274,0.0
59.0224812393274,0.0
59.072481239327395,0.0
59.12248123932739,0.0
59.17248123932739,0.0
59.22248123932739,0.0
59.272481239327384,0.0
59.32248123932738,0.0
59.37248123932738,0.0
59.422481239327375,0.0
59.47248123932737,0.0
59.52248123932737,0.0
59.57248123932737,0.0
59.622481239327364,0.0
59.67248123932736,0.0
59.72248123932736,0.0
59.772481239327355,0.0
59.82248123932735,0.0
59.87248123932735,0.0
59.92248123932735,0.0
59.972481239327344,0.0
60.02248123932734,0.0
60.07248123932734,0.0
60.122481239327335,0.0
60.17248123932733,0.0
60.22248123932733,0.0
60.27248123932733,0.0
60.322481239327324,0.0
60.37248123932732,0.0
60.42248123932732,0.0
60.472481239327315,0.0
60.52248123932731,0.0
60.57248123932731,0.0
60.62248123932731,0.0
60.672481239327304,0.0
60.7224812393273,0.0
60.7724812393273,0.0
60.822481239327296,0.0
60.87248123932729,0.0
60.92248123932729,0.0
60.97248123932729,0.0
61.022481239327284,0.0
61.07248123932728,0.0
61.12248123932728,0.0
61.172481239327276,0.0
61.22248123932727,0.0
61.27248123932727,0.0
61.32248123932727,0.0
61.372481239327264,0.0
61.42248123932726,0.0
61.47248123932726,0.0
61.522481239327256,0.0
61.57248123932725,0.0
61.62248123932725,0.0
61.67248123932725,0.0
61.722481239327244,0.0
61.77248123932724,0.0
61.82248123932724,0.0
61.872481239327236,0.0
61.92248123932723,0.0
61.97248123932723,0.0
62.02248123932723,0.0
62.072481239327225,0.0
62.12248123932722,0.0
62.17248123932722,0.0
62.222481239327216,0.0
62.27248123932721,0.0
62.32248123932721,0.0
62.37248123932721,0.0
62.422481239327205,0.0
62.4724812393272,0.0
62.5224812393272,0.0
62.572481239327196,0.0
62.62248123932719,0.0
62.67248123932719,0.0
62.72248123932719,0.0
62.772481239327185,0.0
62.82248123932718,0.0
62.87248123932718,0.0
62.922481239327176,0.0
62.97248123932717,0.0
63.02248123932717,0.0
63.07248123932717,0.0
63.122481239327165,0.0
63.17248123932716,0.0
63.22248123932716,0.0
63.272481239327156,0.0
63.32248123932715,0.0
63.37248123932715,0.0
63.42248123932715,0.0
63.472481239327145,0.0
63.52248123932714,0.0
63.57248123932714,0.0
63.622481239327136,0.0
63.67248123932713,0.0
63.72248123932713,0.0
63.77248123932713,0.0
63.822481239327125,0.0
63.87248123932712,0.0
63.92248123932712,0.0
63.97248123932712,0.0
64.0224812393271,0.0
64.07248123932712,0.0
64.1224812393271,0.0
64.17248123932711,0.0
64.2224812393271,0.0
64.2724812393271,0.0
64.32248123932709,0.0
64.3724812393271,0.0
64.42248123932708,0.0
64.4724812393271,0.0
64.52248123932708,0.0
64.57248123932709,0.0
64.62248123932707,0.0
64.67248123932708,0.0
64.72248123932707,0.0
64.77248123932708,0.0
64.82248123932706,0.0
64.87248123932707,0.0
64.92248123932706,0.0
64.97248123932707,0.0
65.02248123932705,0.0
65.07248123932706,0.0
65.12248123932704,0.0
65.17248123932706,0.0
65.22248123932704,0.0
65.27248123932705,0.0
65.32248123932703,0.0
65.37248123932704,0.0
65.42248123932703,0.0
65.47248123932704,0.0
65.52248123932702,0.0
65.57248123932703,0.0
65.62248123932702,0.0
65.67248123932703,0.0
65.72248123932701,0.0
65.77248123932702,0.0
65.822481239327,0.0
65.87248123932702,0.0
65.922481239327,0.0
65.97248123932701,0.0
66.02248123932699,0.0
66.072481239327,0.0
66.12248123932699,0.0
66.172481239327,0.0
66.22248123932698,0.0
66.27248123932699,0.0
66.32248123932698,0.0
66.37248123932699,0.0
66.42248123932697,0.0
66.47248123932698,0.0
66.52248123932696,0.0
66.57248123932698,0.0
66.62248123932696,0.0
66.67248123932697,0.0
66.72248123932695,0.0
66.77248123932696,0.0
66.82248123932695,0.0
66.87248123932696,0.0
66.92248123932694,0.0
66.97248123932695,0.0
67.02248123932694,0.0
67.07248123932695,0.0
67.12248123932693,0.0
67.17248123932694,0.0
67.22248123932692,0.0
67.27248123932694,0.0
67.32248123932692,0.0
67.37248123932693,0.0
67.42248123932691,0.0
67.47248123932692,0.0
67.52248123932691,0.0
67.57248123932692,0.0
67.6224812393269,0.0
67.67248123932691,0.0
67.7224812393269,0.0
67.77248123932691,0.0
67.82248123932689,0.0
67.8724812393269,0.0
67.92248123932688,0.0
67.9724812393269,0.0
68.02248123932688,0.0
68.07248123932689,0.0
68.12248123932687,0.0
68.17248123932688,0.0
68.22248123932687,0.0
68.27248123932688,0.0
68.32248123932686,0.0
68.37248123932687,0.0
68.42248123932686,0.0
68.47248123932687,0.0
68.52248123932685,0.0
68.57248123932686,0.0
68.62248123932685,0.0
68.67248123932686,0.0
68.72248123932684,0.0
68.77248123932685,2.73998419e-315
68.82248123932683,5.864415022265435e-308
68.87248123932685,1.0311943665585514e-300
68.92248123932683,1.489681219482595e-293
68.97248123932684,1.768003539239323e-286
69.02248123932682,1.7238913643116745e-279
69.07248123932683,1.3809362647478827e-272
69.12248123932682,9.08812626060348e-266
69.17248123932683,4.9137385620559323e-259
69.22248123932681,2.1826631504347415e-252
69.27248123932682,7.965230782816403e-246
69.3224812393268,2.3880696388423594e-239
69.37248123932682,5.882102490956339e-233
69.4224812393268,1.1902965213865529e-226
69.47248123932681,1.9788583960946917e-220
69.5224812393268,2.702783431936639e-214
69.5724812393268,3.0328068670656485e-208
69.62248123932679,2.7958588243477715e-202
69.6724812393268,2.1174964849627408e-196
69.72248123932678,1.31755008889234e-190
69.7724812393268,6.735169778870662e-185
69.82248123932678,2.828570043506448e-179
69.87248123932679,9.759381698053945e-174
69.92248123932677,2.7663979045622e-168
69.97248123932678,6.442344824371069e-163
70.02248123932677,1.2325662245501225e-157
70.07248123932678,1.9373743055603368e-152
70.12248123932676,2.5018068945826193e-147
70.17248123932677,2.6541839037229242e-142
70.22248123932675,2.3133706093897345e-137
70.27248123932677,1.6565188910425438e-132
70.32248123932675,9.745060705216609e-128
70.37248123932676,4.7098782554518635e-123
70.42248123932674,1.870129971108898e-118
70.47248123932675,6.100576480331732e-114
70.52248123932674,1.634959271268689e-109
70.57248123932675,3.5998133005481096e-105
70.62248123932673,6.511634159318724e-101
70.67248123932674,9.676916305015828e-97
70.72248123932673,1.1814652532509168e-92
70.77248123932674,1.1850642555832803e-88
70.82248123932672,9.765619997402879e-85
70.87248123932673,6.611419577044458e-81
70.92248123932671,3.677279109929377e-77
70.97248123932673,1.680333347439992e-73
71.02248123932671,6.308139294668921e-70
71.07248123932672,1.945557540468003e-66
71.1224812393267,4.92973825884943e-63
71.17248123932671,1.0262203429823952e-59
71.2224812393267,1.7550696426766812e-56
71.27248123932671,2.465954538004277e-53
71.32248123932669,2.8465102615552135e-50
71.3724812393267,2.699463243514737e-47
71.42248123932669,2.1031926706348026e-44
71.4724812393267,1.3462250810611604e-41
71.52248123932668,7.079348170309862e-39
71.57248123932669,3.05848139514066e-36
71.62248123932667,1.0855638952138476e-33
71.67248123932669,3.1654970634060376e-31
71.72248123932667,7.583425347521972e-29
71.77248123932668,1.492539705571202e-26
71.82248123932666,2.4133668749645485e-24
71.87248123932667,3.2059576282767797e-22
71.92248123932666,3.4988811087726065e-20
71.97248123932667,3.137166504702445e-18
72.02248123932665,2.3109094575916596e-16
72.07248123932666,1.3985090049372798e-14
72.12248123932665,6.953197748598578e-13
72.17248123932666,2.8401473429858365e-11
72.22248123932664,9.530904945244622e-10
72.27248123932665,2.627631029587613e-08
72.32248123932663,5.951570767657075e-07
72.37248123932665,1.1074797621875096e-05
72.42248123932663,0.00016930780221890887
72.47248123932664,0.002126449739274861
72.52248123932662,0.021941698786807066
72.57248123932663,0.1860040292361416
72.62248123932662,1.295422487783464
72.67248123932663,7.412035459404756
72.72248123932661,34.84179501880834
72.77248123932662,134.5552139245044
72.8224812393266,426.91116919600086
72.87248123932662,1112.7855568568643
72.9224812393266,2382.9910963615434
72.97248123932661,4192.473592688687
73.0224812393266,6059.757271283715
73.0724812393266,7195.767089651425
73.12248123932659,7019.981113550167
73.1724812393266,5626.415051895733
73.22248123932658,3704.798271614644
73.2724812393266,2004.1690038528634
73.32248123932658,890.7197733897167
73.37248123932659,325.2256740274098
73.42248123932657,97.558592944966
73.47248123932658,24.04269849160023
73.52248123932657,4.867857641332123
73.57248123932658,0.8097100027372219
73.62248123932656,0.11065170656118024
73.67248123932657,0.012422920471087954
73.72248123932656,0.0011458460452949439
73.77248123932657,8.682920246726777e-05
73.82248123932655,5.4055803904087414e-06
73.87248123932656,2.7647497374464633e-07
73.92248123932654,1.1617329227209213e-08
73.97248123932656,4.0104559028750754e-10
74.02248123932654,1.1374129543727928e-11
74.07248123932655,2.6502056269522224e-13
74.12248123932653,5.073152877688048e-15
74.17248123932654,7.978354044955968e-17
74.22248123932653,1.0308266451654576e-18
74.27248123932654,1.0941955487903024e-20
74.32248123932652,9.542039900350139e-23
74.37248123932653,6.836353151616415e-25
74.42248123932652,4.0238772794549226e-27
74.47248123932653,1.9458167673381227e-29
74.52248123932651,7.730296153553467e-32
74.57248123932652,2.5230583820546523e-34
74.6224812393265,6.765430611187659e-37
74.67248123932652,1.4903921858673957e-39
74.7224812393265,2.6973832868942838e-42
74.77248123932651,4.010714390430349e-45
74.82248123932649,4.899342341702336e-48
74.8724812393265,4.9168936414867554e-51
74.92248123932649,4.0539726823521706e-54
74.9724812393265,2.7460459387706065e-57
75.02248123932648,1.528170301475539e-60
75.07248123932649,6.986709545797486e-64
75.12248123932648,2.6242825898046738e-67
75.17248123932649,8.098143832411913e-71
75.22248123932647,2.05303970971893e-74
75.27248123932648,4.276083622371973e-78
75.32248123932646,7.316982330792073e-82
75.37248123932648,1.0286196098984429e-85
75.42248123932646,1.1879948814816238e-89
75.47248123932647,1.127226826821734e-93
75.52248123932645,8.78708928164503e-98
75.57248123932646,5.62750304691245e-102
75.62248123932645,2.9608977853206046e-106
75.67248123932646,1.2798765090945561e-110
75.72248123932644,4.545165459331475e-115
75.77248123932645,1.3260756602635565e-119
