29.302900902070217,12.70711319676262
29.352900902070218,12.955973603690854
29.40290090207022,13.212210850691392
29.45290090207022,13.476119155521099
29.50290090207022,13.748007539064098
29.55290090207022,14.028200727372703
29.60290090207022,14.317040118435012
29.652900902070222,14.614884819027196
29.702900902070223,14.922112757512133
29.752900902070223,15.239121879002951
29.802900902070224,15.566331429926006
29.852900902070225,15.904183339700532
29.902900902070225,16.25314370800893
29.952900902070226,16.61370440697171
30.002900902070227,16.986384808474686
30.052900902070228,17.37173364793468
30.10290090207023,17.770331036946626
30.15290090207023,18.182790638544763
30.20290090207023,18.60976202025062
30.25290090207023,19.051933201689778
30.30290090207023,19.510033415360724
30.352900902070232,19.984836101157168
30.402900902070233,20.477162157509564
30.452900902070233,20.987883474555918
30.502900902070234,21.517926777613358
30.552900902070235,22.06827781244658
30.602900902070235,22.639985907466347
30.652900902070236,23.234168952100372
30.702900902070237,23.85201883522897
30.752900902070238,24.494807392846102
30.80290090207024,25.163892920086692
30.85290090207024,25.860727309558683
30.90290090207024,26.58686388565827
30.95290090207024,27.343966013374875
31.00290090207024,28.13381657017811
31.052900902070242,28.958328381123106
31.102900902070242,29.81955573054616
31.152900902070243,30.71970707892827
31.202900902070244,31.661159131003508
31.252900902070245,32.64647242137101
31.302900902070245,33.67840860718917
31.352900902070246,34.7599496845338
31.402900902070247,35.89431937633771
31.452900902070247,37.08500697626944
31.502900902070248,38.33579397538592
31.55290090207025,39.65078384801762
31.60290090207025,41.03443543146148
31.65290090207025,42.49160040228454
31.70290090207025,44.027565432346
31.75290090207025,45.648099702409894
31.802900902070252,47.3595085633549
31.852900902070253,49.16869426804347
31.902900902070254,51.083224855249675
31.952900902070255,53.111412456030685
32.00290090207025,55.262402519182444
32.052900902070256,57.54627572416681
32.10290090207026,59.97416467734051
32.15290090207026,62.55838788324084
32.202900902070255,65.31260396306172
32.25290090207026,68.2519896774604
32.30290090207026,71.39344602593705
32.35290090207026,74.75583757258008
32.40290090207026,78.36027122924389
32.45290090207026,82.23042206513114
32.502900902070266,86.39291537443594
32.55290090207026,90.87777630936118
32.60290090207026,95.71896098922151
32.652900902070265,100.95498627762167
32.70290090207027,106.6296795763524
32.752900902070266,112.79307527792639
32.80290090207026,119.5024912962588
32.85290090207027,126.82382782238642
32.90290090207027,134.83314175644242
32.95290090207027,143.61856499866127
33.002900902070266,153.282654101458
33.05290090207027,163.9452842860236
33.102900902070274,175.7472347157546
33.15290090207027,188.85465726627083
33.20290090207027,203.4646821431305
33.25290090207027,219.81249664873403
33.30290090207028,238.18034681420195
33.352900902070274,258.9090678024336
33.40290090207027,282.4129656094543
33.452900902070276,309.19917502749615
33.50290090207028,339.89304359027824
33.55290090207028,375.2716905757703
33.602900902070274,416.3087381019237
33.65290090207028,464.2344101391807
33.70290090207028,520.6168790746593
33.75290090207028,587.4730654952599
33.80290090207028,667.420196023244
33.85290090207028,763.8832389257576
33.902900902070286,881.3771625986469
33.95290090207028,1025.8842273987584
34.00290090207028,1205.3376998502913
34.052900902070284,1430.1844571787162
34.10290090207029,1713.880219525193
34.152900902070286,2072.8587873052784
34.20290090207028,2524.786726075017
34.25290090207029,3082.481690316157
34.30290090207029,3739.042552632123
34.35290090207029,4440.976401946448
34.402900902070286,5060.8155342000155
34.45290090207029,5413.866839090188
34.502900902070294,5361.3998191483015
34.55290090207029,4925.637889141467
34.60290090207029,4269.605587557753
34.65290090207029,3570.1369868203687
34.7029009020703,2935.2863304212906
34.752900902070294,2404.097079127377
34.80290090207029,1976.5805311997608
34.852900902070296,1637.7729649266455
34.9029009020703,1369.9763893283089
34.9529009020703,1157.4244502909896
35.002900902070294,987.4316611976494
35.0529009020703,850.222513597799
35.1029009020703,738.3940616664563
35.1529009020703,646.3658317960625
35.2029009020703,569.9220578149935
35.2529009020703,505.8594587919171
35.302900902070306,451.72530282060575
35.3529009020703,405.6253431233475
35.4029009020703,366.08353465471
35.452900902070304,331.93939652056923
35.50290090207031,302.2725523717109
35.552900902070306,276.34688341519677
35.6029009020703,253.5688820545734
35.65290090207031,233.4563445728896
35.70290090207031,215.61464252741993
35.75290090207031,199.71859102650853
35.802900902070306,185.49848253904335
35.85290090207031,172.72924539815668
35.902900902070314,161.22196459353154
35.95290090207031,150.81720219110716
36.00290090207031,141.37969898689101
36.05290090207031,132.79414394388075
36.10290090207032,124.96177485243142
36.152900902070314,117.79763040286761
36.20290090207031,111.22831604305603
36.252900902070316,105.19017757255847
36.30290090207032,99.62780022790591
36.35290090207032,94.49276907538923
36.402900902070314,89.74264032215187
36.45290090207032,85.34008375762558
36.50290090207032,81.25216473394315
36.55290090207032,77.44974046834238
36.60290090207032,73.90695043573406
36.65290090207032,70.60078453942677
36.702900902070326,67.51071584623571
36.75290090207032,64.61838713337019
36.80290090207032,61.90734245905079
36.852900902070324,59.36279654426593
36.90290090207033,56.971436022177585
36.952900902070326,54.7212476384301
37.00290090207032,52.60136931975639
37.05290090207033,50.6019607086589
37.10290090207033,48.71409031907117
37.15290090207033,46.92963692581639
37.202900902070326,45.241203178407304
37.25290090207033,43.64203974239748
37.302900902070334,42.12597853118253
37.35290090207033,40.687373807542635
37.40290090207033,39.321050115101656
37.45290090207033,38.02225615154093
37.50290090207034,36.78662382294116
37.552900902070334,35.61013182618497
37.60290090207033,34.48907319731294
37.652900902070336,33.420026340855756
37.70290090207034,32.39982912073564
37.75290090207034,31.42555564921933
37.802900902070334,30.494495458156244
37.85290090207034,29.604134777631373
37.90290090207034,28.752139682266467
37.95290090207034,27.93634089560577
38.00290090207034,27.15472006906517
38.05290090207034,26.405397374424076
38.102900902070346,25.686620268320887
38.15290090207034,24.996753304114655
38.20290090207034,24.334268881169248
38.252900902070344,23.697738834411535
38.30290090207035,23.085826778179435
38.352900902070346,22.497281128134695
38.40290090207034,21.930928733561633
38.45290090207035,21.385669059868455
38.50290090207035,20.860468867692767
38.55290090207035,20.354357340808722
38.602900902070346,19.866421620142187
38.65290090207035,19.395802705710015
38.702900902070354,18.941691692286284
38.75290090207035,18.503326308128877
38.80290090207035,18.07998772923071
38.85290090207035,17.67099764434004
38.90290090207036,17.27571554846536
38.952900902070354,16.89353624478146
39.00290090207035,16.523887536815923
39.052900902070355,16.16622809454717
39.10290090207036,15.820045479610247
39.15290090207036,15.484854316208107
39.202900902070354,15.160194595581977
39.25290090207036,14.845630103020797
39.30290090207036,14.540746957400865
39.35290090207036,14.245152254156375
39.40290090207036,13.9584728034007
39.45290090207036,13.680353955655919
39.502900902070365,13.410458508313202
39.55290090207036,13.148465686547643
39.60290090207036,12.894070192954752
39.652900902070364,12.646981320667116
39.70290090207037,12.406922125154754
39.752900902070365,12.173628650316122
39.80290090207036,11.946849204833466
39.85290090207037,11.726343685098644
39.90290090207037,11.511882941317657
39.95290090207037,11.303248183677534
40.002900902070365,11.100230425709809
40.05290090207037,10.902629962213418
40.102900902070374,10.710255879307844
40.15290090207037,10.522925594377755
40.20290090207037,10.340464423844344
40.25290090207037,10.162705176857655
40.30290090207038,9.989487773149337
40.352900902070374,9.82065888341876
40.40290090207037,9.656071590747622
40.452900902070375,9.495585071650295
40.50290090207038,9.3390642954699
40.55290090207038,9.186379740924485
40.602900902070374,9.03740712869492
40.65290090207038,8.8920271690258
40.70290090207038,8.750125323384342
40.75290090207038,8.61159157928978
40.80290090207038,8.476320237488556
40.85290090207038,8.344209710708212
40.902900902070385,8.215162333275881
40.95290090207038,8.089084180936434
41.00290090207038,7.9658849002508925
41.052900902070384,7.845477546997718
41.10290090207039,7.727778433038239
41.152900902070385,7.612706981143516
41.20290090207038,7.500185587313336
41.25290090207039,7.390139490148983
41.30290090207039,7.282496646869879
41.35290090207039,7.1771876155907846
41.402900902070385,7.07414544350112
41.45290090207039,6.973305560610787
41.502900902070394,6.874605678748159
41.55290090207039,6.777985695515636
41.60290090207039,6.683387602926828
41.65290090207039,6.590755400466477
41.7029009020704,6.50003501233019
41.752900902070394,6.411174208615912
41.80290090207039,6.324122530253106
41.852900902070395,6.238831217468514
41.9029009020704,6.155253141599391
41.9529009020704,6.0733427400764155
42.002900902070394,5.993055954409076
42.0529009020704,5.914350171016242
42.1029009020704,5.8371841647536815
42.1529009020704,5.761518044998995
42.2029009020704,5.68731320416251
42.2529009020704,5.614532268500288
42.302900902070405,5.543139051112342
42.3529009020704,5.473098507015816
42.4029009020704,5.404376690189185
42.452900902070404,5.336940712489295
42.50290090207041,5.270758704348546
42.552900902070405,5.205799777164563
42.6029009020704,5.142033987299631
42.65290090207041,5.079432301611719
42.70290090207041,5.0179665644430385
42.75290090207041,4.9576094659961045
42.802900902070405,4.8983345120311315
42.85290090207041,4.840115994822067
42.902900902070414,4.782928965311862
42.95290090207041,4.726749206410705
43.00290090207041,4.6715532073839725
43.05290090207041,4.617318139279372
43.10290090207042,4.5640218313454115
43.152900902070414,4.51164274839567
43.20290090207041,4.460159969075854
43.252900902070415,4.409553164992737
43.30290090207042,4.359802580666121
43.35290090207042,4.310889014266939
43.402900902070414,4.262793799106476
43.45290090207042,4.215498785843476
43.50290090207042,4.168986325377448
43.55290090207042,4.12323925239811
43.60290090207042,4.078240869562369
43.65290090207042,4.0339749322716605
43.702900902070425,3.9904256340237616
43.75290090207042,3.9475775923143863
43.80290090207042,3.9054158350651527
43.852900902070424,3.8639257875556043
43.90290090207043,3.8230932598379908
43.952900902070425,3.7829044346145095
44.00290090207042,3.7433458555577124
44.05290090207043,3.7044044160557
44.10290090207043,3.6660673483645017
44.15290090207043,3.6283222131508874
44.202900902070425,3.5911568894096524
44.25290090207043,3.5545595647401513
44.302900902070434,3.5185187259675166
44.35290090207043,3.483023150094633
44.40290090207043,3.44806189557165
44.45290090207043,3.4136242938703654
44.50290090207044,3.379699941351362
44.552900902070434,3.346278691412311
44.60290090207043,3.313350646906415
44.652900902070435,3.2809061528204317
44.70290090207044,3.248935789202166
44.75290090207044,3.2174303643277304
44.802900902070434,3.1863809080993684
44.85290090207044,3.155778665664998
44.90290090207044,3.125615091250993
44.95290090207044,3.0958818422000838
45.00290090207044,3.0665707732066334
45.05290090207044,3.037673930741878
45.102900902070445,3.0091835476619853
45.15290090207044,2.9810920379921115
45.20290090207044,2.9533919918799323
45.252900902070444,2.9260761707123932
45.30290090207045,2.8991375023896726
45.352900902070445,2.8725690767505747
45.40290090207044,2.8463641411438583
45.452900902070446,2.820516096140205
45.50290090207045,2.7950184913797536
45.55290090207045,2.7698650215502894
45.602900902070445,2.7450495224914433
45.65290090207045,2.7205659674204137
45.70290090207045,2.6964084632748824
45.75290090207045,2.6725712471689893
45.80290090207045,2.6490486829583735
45.85290090207045,2.6258352579105035
45.902900902070456,2.6029255794766
45.95290090207045,2.580314372161603
46.00290090207045,2.5579964744888293
46.052900902070455,2.5359668360560503
46.10290090207046,2.5142205146798635
46.152900902070456,2.4927526736253203
46.20290090207045,2.4715585789179353
46.25290090207046,2.4506335967352886
46.30290090207046,2.4299731908755478
46.35290090207046,2.4095729203002927
46.402900902070456,2.3894284367491943
46.45290090207046,2.369535482424154
46.502900902070465,2.3498898877405967
46.55290090207046,2.330487569143688
46.60290090207046,2.3113245269873546
46.65290090207046,2.2923968434740636
46.70290090207047,2.2737006806533717
46.752900902070465,2.2552322784773144
46.80290090207046,2.236987952910825
46.852900902070466,2.218964094095411
46.90290090207047,2.2011571645643704
46.95290090207047,2.1835636975078914
47.002900902070465,2.166180295086465
47.05290090207047,2.1490036267910764
47.10290090207047,2.132030427848707
47.15290090207047,2.115257497671688
47.20290090207047,2.098681698349567
47.25290090207047,2.0822999531821575
47.302900902070476,2.0661092452524747
47.35290090207047,2.050106616038337
47.40290090207047,2.0342891640614242
47.452900902070475,2.018654043572668
47.50290090207048,2.003198463272847
47.552900902070476,1.9879196850673062
47.60290090207047,1.9728150228537724
47.65290090207048,1.9578818413422703
47.70290090207048,1.9431175549061706
47.75290090207048,1.9285196264634188
47.802900902070476,1.914085566387056
47.85290090207048,1.8998129314441605
47.902900902070485,1.8856993237623672
47.95290090207048,1.8717423898231322
48.00290090207048,1.8579398194809653
48.05290090207048,1.844289345007878
48.10290090207049,1.8307887401622993
48.152900902070485,1.8174358192817361
48.20290090207048,1.804228436398502
48.252900902070486,1.7911644843778471
48.30290090207049,1.7782418940778415
48.35290090207049,1.765458633530376
48.402900902070485,1.7528127071426844
48.45290090207049,1.7403021549188096
48.50290090207049,1.727925051700438
48.55290090207049,1.7156795064265467
48.60290090207049,1.7035636614113407
48.65290090207049,1.6915756916399698
48.702900902070496,1.6797138040815256
48.75290090207049,1.6679762370188191
48.80290090207049,1.656361259394491
48.852900902070495,1.6448671701729978
48.9029009020705,1.6334922977180337
48.952900902070496,1.6222349991849563
49.00290090207049,1.611093659927807
49.0529009020705,1.600066692920539
49.1029009020705,1.5891525381920515
49.1529009020705,1.578349662274658
49.202900902070496,1.5676565576656223
49.2529009020705,1.557071742301421
49.302900902070505,1.5465937590443823
49.3529009020705,1.5362211751813621
49.4029009020705,1.5259525819341473
49.4529009020705,1.5157865939812685
49.50290090207051,1.5057218489909265
49.552900902070505,1.4957570071647253
49.6029009020705,1.4858907507919308
49.652900902070506,1.476121783813992
49.70290090207051,1.4664488313990418
49.75290090207051,1.456870639526117
49.802900902070505,1.4473859745788455
49.85290090207051,1.4379936229483667
49.90290090207051,1.4286923906452338
49.95290090207051,1.4194811029200667
50.00290090207051,1.4103586038927325
50.05290090207051,1.4013237561898435
50.102900902070516,1.3923754405903512
50.15290090207051,1.3835125556790298
50.20290090207051,1.3747340175076501
50.252900902070515,1.3660387592636556
50.30290090207052,1.35742573094615
50.352900902070516,1.3488938990490007
50.40290090207051,1.3404422462508927
50.45290090207052,1.3320697711121559
50.50290090207052,1.3237754877782022
50.55290090207052,1.3155584256893915
50.602900902070516,1.3074176292971864
50.65290090207052,1.2993521577864309
50.702900902070525,1.291361084803609
50.75290090207052,1.283443498190928
50.80290090207052,1.2755984997260827
50.85290090207052,1.2678252048675813
50.90290090207053,1.260122742505475
50.952900902070525,1.2524902547173755
51.00290090207052,1.2449268965296154
51.052900902070526,1.2374318356834562
51.10290090207053,1.2300042524061963
51.15290090207053,1.2226433391870706
51.202900902070525,1.2153483005578312
51.25290090207053,1.2081183528778932
51.30290090207053,1.200952724123945
51.35290090207053,1.193850653683902
51.40290090207053,1.1868113921551158
51.45290090207053,1.1798342011467353
51.502900902070536,1.1729183530861194
51.55290090207053,1.1660631310292098
51.60290090207053,1.1592678284747644
51.652900902070535,1.1525317491823748
51.70290090207054,1.14585420699417
51.752900902070536,1.1392345256601244
51.80290090207053,1.1326720386668818
51.85290090207054,1.1261660890700245
51.90290090207054,1.1197160293297068
51.95290090207054,1.113321221149565
52.002900902070536,1.10698103531884
52.05290090207054,1.100694851557637
52.102900902070544,1.0944620583652551
52.15290090207054,1.0882820528715087
52.20290090207054,1.0821542406909732
52.25290090207054,1.0760780357801059
52.30290090207055,1.0700528602971584
52.352900902070544,1.064078144464828
52.40290090207054,1.0581533264355794
52.452900902070546,1.052277852159593
52.50290090207055,1.0464511752552654
52.55290090207055,1.0406727568822105
52.602900902070544,1.0349420656167103
52.65290090207055,1.0292585773295573
52.70290090207055,1.0236217750662426
52.75290090207055,1.0180311489294251
52.80290090207055,1.0124861959636466
52.85290090207055,1.0069864200422358
52.902900902070556,1.0015313317563574
52.95290090207055,0.9961204483061589
53.00290090207055,0.9907532933939638
53.052900902070554,0.9854293971194813
53.10290090207056,0.9801482958769763
53.152900902070556,0.9749095322543643
53.20290090207055,0.9697126549341837
53.25290090207056,0.9645572185964164
53.30290090207056,0.9594427838231104
53.35290090207056,0.9543689170047626
53.402900902070556,0.9493351902484329
53.45290090207056,0.9443411812875488
53.502900902070564,0.9393864733933687
53.55290090207056,0.9344706552880605
53.60290090207056,0.9295933210593713
53.65290090207056,0.9247540700768513
53.70290090207057,0.9199525069095996
53.752900902070564,0.9151882412455011
53.80290090207056,0.9104608878119177
53.852900902070566,0.9057700662978185
53.90290090207057,0.9011154012773035
53.95290090207057,0.8964965221345013
54.002900902070564,0.8919130629898083
54.05290090207057,0.8873646626274457
54.10290090207057,0.8828509644243089
54.15290090207057,0.878371616280073
54.20290090207057,0.8739262705485413
54.25290090207057,0.8695145839702042
54.302900902070576,0.8651362176059895
54.35290090207057,0.8607908367721735
54.40290090207057,0.8564781109764318
54.452900902070574,0.8521977138550144
54.50290090207058,0.8479493231110117
54.552900902070576,0.8437326204536978
54.60290090207057,0.8395472915389217
54.65290090207058,0.8353930259105367
54.70290090207058,0.831269516942839
54.75290090207058,0.8271764617839958
54.802900902070576,0.8231135613004489
54.85290090207058,0.8190805200222678
54.902900902070584,0.8150770460894444
54.95290090207058,0.8111028511990954
55.00290090207058,0.8071576505535679
55.05290090207058,0.8032411628094261
55.10290090207059,0.7993531100273016
55.152900902070584,0.7954932176225912
55.20290090207058,0.7916612143169828
55.252900902070586,0.7878568320908013
55.30290090207059,0.7840798061361512
55.35290090207059,0.7803298748108445
55.402900902070584,0.7766067795930943
55.45290090207059,0.7729102650369671
55.50290090207059,0.7692400787285759
55.55290090207059,0.7655959712429946
55.60290090207059,0.7619776961018891
55.65290090207059,0.7583850097318444
55.702900902070596,0.7548176714233827
55.75290090207059,0.7512754432906492
55.80290090207059,0.747758090231758
55.852900902070594,0.7442653798897918
55.9029009020706,0.7407970826144327
55.952900902070596,0.7373529714242194
56.00290090207059,0.7339328219694139
56.0529009020706,0.730536412495474
56.1029009020706,0.7271635238071134
56.1529009020706,0.7238139392329417
56.202900902070596,0.7204874445906713
56.2529009020706,0.7171838281528842
56.302900902070604,0.7139028806133496
56.3529009020706,0.710644395053873
56.4029009020706,0.7074081669116788
56.4529009020706,0.7041939939473083
56.50290090207061,0.7010016762130309
56.552900902070604,0.6978310160217515
56.6029009020706,0.6946818179164084
56.652900902070606,0.6915538886398576
56.70290090207061,0.688447037105227
56.75290090207061,0.6853610743667381
56.802900902070604,0.6822958135909796
56.85290090207061,0.6792510700286357
56.90290090207061,0.6762266609866522
56.95290090207061,0.6732224058008336
57.00290090207061,0.6702381258088678
57.05290090207061,0.6672736443237659
57.102900902070616,0.6643287866077171
57.15290090207061,0.6614033798463397
57.20290090207061,0.6584972531233321
57.252900902070614,0.6556102373955124
57.30290090207062,0.6527421654682397
57.352900902070616,0.6498928719712113
57.40290090207061,0.6470621933346257
57.45290090207062,0.6442499677657132
57.50290090207062,0.6414560352256196
57.55290090207062,0.6386802374066406
57.602900902070616,0.6359224177097987
57.65290090207062,0.6331824212227602
57.702900902070624,0.6304600946980854
57.75290090207062,0.6277552865318016
57.80290090207062,0.6250678467423
57.85290090207062,0.6223976269495463
57.90290090207063,0.6197444803546048
57.952900902070624,0.6171082617194631
58.00290090207062,0.6144888273471574
58.052900902070625,0.6118860350621947
58.10290090207063,0.6092997441912629
58.15290090207063,0.6067298155442262
58.202900902070624,0.6041761113953976
58.25290090207063,0.6016384954650921
58.30290090207063,0.5991168329014462
58.35290090207063,0.5966109902625043
58.40290090207063,0.5941208354985675
58.45290090207063,0.5916462379347988
58.502900902070635,0.5891870682540836
58.55290090207063,0.5867431984801351
58.60290090207063,0.5843145019608479
58.652900902070634,0.5819008533518893
58.70290090207064,0.5795021286005311
58.752900902070635,0.5771182049297108
58.80290090207063,0.5747489608223216
58.85290090207064,0.5723942760057307
58.90290090207064,0.5700540314365166
58.95290090207064,0.5677281092854258
59.002900902070635,0.5654163929225413
59.05290090207064,0.5631187669026649
59.102900902070644,0.560835116950907
59.15290090207064,0.558565329948477
59.20290090207064,0.5563092939186783
59.25290090207064,0.5540668980130985
59.30290090207065,0.5518380324979965
59.352900902070644,0.5496225887408774
59.40290090207064,0.5474204591972587
59.452900902070645,0.5452315373976194
59.50290090207065,0.5430557179345337
59.55290090207065,0.5408928964499822
59.602900902070644,0.5387429696228391
59.65290090207065,0.5366058351565355
59.70290090207065,0.5344813917668917
59.75290090207065,0.532369539170119
59.80290090207065,0.5302701780709846
59.85290090207065,0.5281832101511424
59.902900902070655,0.5261085380576239
59.95290090207065,0.5240460653914848
60.00290090207065,0.5219956966966083
60.052900902070654,0.519957337448662
60.10290090207066,0.5179308940442057
60.152900902070655,0.5159162737899456
60.20290090207065,0.5139133848921354
60.25290090207066,0.5119221364461217
60.30290090207066,0.5099424384260307
60.35290090207066,0.5079742016745941
60.402900902070655,0.5060173378931105
60.45290090207066,0.504071759631545
60.502900902070664,0.5021373802787601
60.55290090207066,0.5002141140528763
60.60290090207066,0.4983018759917642
60.65290090207066,0.4964005819436608
60.70290090207067,0.49451014855791464
60.752900902070664,0.49263049327584957
60.80290090207066,0.49076153432175285
60.852900902070665,0.48890319069398164
60.90290090207067,0.4870553821561875
60.95290090207067,0.4852180292286569
61.002900902070664,0.4833910531797641
61.05290090207067,0.4815743760175388
61.10290090207067,0.47976792048134365
61.15290090207067,0.47797161003366045
61.20290090207067,0.47618536885198287
61.25290090207067,0.47440912182081746
61.302900902070675,0.47264279452378744
61.35290090207067,0.47088631323583824
61.40290090207067,0.469139604915546
61.45290090207068,0.4674025971975239
61.50290090207068,0.46567521838493053
61.552900902070675,0.4639573974420682
61.60290090207067,0.46224906398708354
61.652900902070684,0.4605501482847577
61.70290090207068,0.45886058123939183
61.75290090207068,0.45718029438778063
61.802900902070675,0.4555092198922783
61.85290090207069,0.4538472905339523
61.902900902070684,0.45219443970582496
61.95290090207068,0.4505506014061989
62.00290090207068,0.4489157102320699
62.05290090207069,0.44728970137262086
62.10290090207069,0.44567251060280205
62.152900902070684,0.44406407427698585
62.20290090207068,0.44246432932270824
62.25290090207069,0.44087321323448414
62.30290090207069,0.4392906640677051
62.35290090207069,0.437716620432608
62.402900902070684,0.4361510214883233
62.452900902070695,0.4345938069369962
62.50290090207069,0.4330449170179826
62.55290090207069,0.43150429250211425
62.60290090207069,0.4299718746860376
62.6529009020707,0.4284476053866225
62.702900902070695,0.4269314269354412
62.75290090207069,0.4254232821733114
62.80290090207069,0.423923114444912
62.8529009020707,0.42243086759346127
62.9029009020707,0.42094648595546424
62.952900902070695,0.419469914355519
63.00290090207069,0.4180010981011923
63.052900902070704,0.41653998297795436
63.1029009020707,0.41508651524417794
63.1529009020707,0.4136406416261952
63.202900902070695,0.41220230931341767
63.25290090207071,0.41077146595351394
63.302900902070704,0.4093480596476476
63.3529009020707,0.40793203894576935
63.4029009020707,0.40652335284196983
63.45290090207071,0.4051219507698856
63.50290090207071,0.403727782598164
63.552900902070704,0.4023407986259769
63.6029009020707,0.4009609495785942
63.65290090207071,0.39958818660300627
63.70290090207071,0.39822246126360233
63.75290090207071,0.39686372553789584
63.802900902070704,0.3955119318123046
63.852900902070715,0.39416703287797983
63.90290090207071,0.3928289819266854
63.95290090207071,0.3914977325467241
64.0029009020707,0.3901732387189138
64.05290090207072,0.388855454812611
64.10290090207072,0.387544335581782
64.15290090207071,0.38623983616111707
64.20290090207071,0.38494191206219475
64.25290090207072,0.38365051916968756
64.30290090207072,0.3823656137376158
64.35290090207072,0.38108715238564056
64.40290090207071,0.37981509209540426
64.45290090207072,0.3785493902069111
64.50290090207072,0.3772900044149526
64.55290090207072,0.37603689276557045
64.60290090207072,0.37479001365256387
64.65290090207073,0.37354932581403644
64.70290090207072,0.3723147883289832
64.75290090207072,0.37108636061391537
64.80290090207072,0.36986400241952616
64.85290090207073,0.368647673827394
64.90290090207073,0.3674373352467247
64.95290090207072,0.36623294741112794
65.00290090207072,0.36503447137543477
65.05290090207073,0.3638418685125478
65.10290090207073,0.3626551005103315
65.15290090207073,0.36147412936853274
65.20290090207072,0.3602989173957407
65.25290090207073,0.3591294272063792
65.30290090207073,0.35796562171773455
65.35290090207073,0.356807464147015
65.40290090207073,0.35565491800844484
65.45290090207074,0.3545079471103916
65.50290090207073,0.35336651555252524
65.55290090207073,0.35223058772300814
65.60290090207073,0.35110012829571846
65.65290090207074,0.34997510222750317
65.70290090207074,0.3488554747554639
65.75290090207073,0.34774121139426994
65.80290090207073,0.3466322779335041
65.85290090207074,0.3455286404350363
65.90290090207074,0.34443026523042874
65.95290090207074,0.3433371189183662
66.00290090207073,0.3422491683621181
66.05290090207075,0.3411663806870271
66.10290090207074,0.3400887232780267
66.15290090207074,0.3390161637771841
66.20290090207074,0.33794867008127194
66.25290090207075,0.3368862103393662
66.30290090207075,0.3358287529504717
66.35290090207074,0.33477626656117
66.40290090207074,0.33372872006329773
66.45290090207075,0.3326860825916466
66.50290090207075,0.3316483235216919
66.55290090207075,0.33061541246734144
66.60290090207074,0.32958731927871304
66.65290090207075,0.3285640140399341
66.70290090207075,0.3275454670669663
66.75290090207075,0.326531648905451
66.80290090207075,0.32552253032858236
66.85290090207076,0.32451808233499907
66.90290090207075,0.3235182761467029
66.95290090207075,0.32252308320699535
67.00290090207075,0.3215324751784404
67.05290090207076,0.3205464239408461
67.10290090207076,0.31956490158927053
67.15290090207075,0.3185878804320467
67.20290090207075,0.31761533298882927
67.25290090207076,0.316647231988663
67.30290090207076,0.31568355036807155
67.35290090207076,0.314724261269165
67.40290090207075,0.3137693380377692
67.45290090207077,0.3128187542215744
67.50290090207076,0.31187248356830455
67.55290090207076,0.3109305000239025
67.60290090207076,0.3099927777307388
67.65290090207077,0.30905929102583607
67.70290090207077,0.3081300144391151
67.75290090207076,0.3072049226916551
67.80290090207076,0.30628399069397627
67.85290090207077,0.3053671935443384
67.90290090207077,0.3044545065270582
67.95290090207077,0.3035459051108423
68.00290090207076,0.30264136494714006
68.05290090207077,0.3017408618685123
68.10290090207077,0.3008443718870171
68.15290090207077,0.2999518711926121
68.20290090207077,0.2990633361515738
68.25290090207078,0.2981787433049332
68.30290090207077,0.29729806936692804
68.35290090207077,0.2964212912234689
68.40290090207077,0.29554838593062444
68.45290090207078,0.2946793307131192
68.50290090207078,0.29381410296284904
68.55290090207077,0.29295268023741033
68.60290090207077,0.29209504025864463
68.65290090207078,0.29124116091119856
68.70290090207078,0.29039102024109875
68.75290090207078,0.28954459645434005
68.80290090207077,0.288701867915489
68.85290090207079,0.2878628131463011
68.90290090207078,0.28702741082435385
68.95290090207078,0.28619563978169005
69.00290090207078,0.28536747900347836
69.05290090207079,0.28454290762668527
69.10290090207079,0.2837219049387627
69.15290090207078,0.2829044503763451
69.20290090207078,0.2820905235239636
69.25290090207079,0.2812801041127707
69.30290090207079,0.2804731720192794
69.35290090207079,0.2796697072641125
69.40290090207078,0.27886969001076717
69.4529009020708,0.27807310056439033
69.50290090207079,0.277279919370567
69.55290090207079,0.27649012701411924
69.60290090207079,0.2757037042179194
69.6529009020708,0.2749206318417127
69.7029009020708,0.2741408908809544
69.75290090207079,0.2733644624656546
69.80290090207079,0.2725913278592384
69.8529009020708,0.2718214684574147
69.9029009020708,0.2710548657870578
69.9529009020708,0.2702915015050984
70.00290090207079,0.2695313573974269
70.0529009020708,0.2687744153778067
70.1029009020708,0.2680206574867993
70.1529009020708,0.2672700658906979
70.2029009020708,0.26652262288047307
70.2529009020708,0.26577831087072823
70.3029009020708,0.2650371123986663
70.3529009020708,0.26429901012306367
70.4029009020708,0.2635639868232575
70.45290090207081,0.26283202539814005
70.5029009020708,0.262103108865166
70.5529009020708,0.2613772203593653
70.6029009020708,0.26065434313236874
70.65290090207081,0.2599344605514417
70.70290090207081,0.2592175560985284
70.7529009020708,0.2585036133693027
70.8029009020708,0.2577926160722308
70.85290090207081,0.25708454802764175
70.90290090207081,0.25637939316680725
70.95290090207081,0.2556771355310295
71.0029009020708,0.25497775927073846
71.05290090207082,0.2542812486445979
71.10290090207081,0.25358758801862
71.15290090207081,0.2528967618652869
71.20290090207081,0.25220875476268306
71.25290090207082,0.2515235513936337
71.30290090207082,0.2508411365448531
71.35290090207081,0.2501614951060995
71.40290090207081,0.24948461206933928
71.45290090207082,0.24881047252791783
71.50290090207082,0.24813906167573976
71.55290090207082,0.2474703648064554
71.60290090207081,0.24680436731265532
71.65290090207083,0.2461410546850729
71.70290090207082,0.24548041251179487
71.75290090207082,0.24482242647747723
71.80290090207082,0.2441670823625706
71.85290090207083,0.24351436604255144
71.90290090207083,0.24286426348716242
71.95290090207082,0.24221676075965648
72.00290090207082,0.24157184401605145
72.05290090207083,0.24092949950438916
72.10290090207083,0.24028971356400378
72.15290090207083,0.23965247262479367
72.20290090207082,0.23901776320650306
72.25290090207083,0.23838557191800896
72.30290090207083,0.23775588545661516
72.35290090207083,0.23712869060735156
72.40290090207083,0.2365039742422816
72.45290090207084,0.23588172331981525
72.50290090207083,0.23526192488402864
72.55290090207083,0.23464456606398873
72.60290090207083,0.23402963407308644
72.65290090207084,0.2334171162083733
72.70290090207084,0.23280699984990688
72.75290090207083,0.2321992724600993
72.80290090207083,0.23159392158307437
72.85290090207084,0.23099093484402852
72.90290090207084,0.2303902999485992
72.95290090207084,0.22979200468223757
73.00290090207083,0.22919603690958776
73.05290090207085,0.22860238457387133
73.10290090207084,0.2280110356962784
73.15290090207084,0.2274219783753623
73.20290090207084,0.2268352007864412
73.25290090207085,0.22625069118100466
73.30290090207085,0.22566843788612628
73.35290090207084,0.22508842930387968
73.40290090207084,0.22451065391076183
73.45290090207085,0.2239351002571203
73.50290090207085,0.223361756966587
73.55290090207085,0.22279061273551456
73.60290090207084,0.2222216563324201
73.65290090207085,0.22165487659743313
73.70290090207085,0.2210902624417483
73.75290090207085,0.22052780284708245
73.80290090207085,0.2199674868651379
73.85290090207086,0.21940930361706915
73.90290090207085,0.2188532422929554
73.95290090207085,0.2182992921512765
74.00290090207085,0.21774744251839487
74.05290090207086,0.21719768278804077
74.10290090207086,0.2166500024208035
74.15290090207085,0.21610439094362538
74.20290090207085,0.21556083794930195
74.25290090207086,0.21501933309598484
74.30290090207086,0.21447986610669087
74.35290090207086,0.21394242676881364
74.40290090207085,0.2134070049336406
74.45290090207087,0.2128735905158736
74.50290090207086,0.2123421734931548
74.55290090207086,0.21181274390559512
74.60290090207086,0.21128529185530776
74.65290090207087,0.21075980750594556
74.70290090207087,0.21023628108224324
74.75290090207086,0.20971470286956156
74.80290090207086,0.20919506321343734
74.85290090207087,0.20867735251913652
74.90290090207087,0.208161561251212
