29.302900902070217,0.0
29.352900902070218,0.0
29.40290090207022,0.0
29.45290090207022,0.0
29.50290090207022,0.0
29.55290090207022,0.0
29.60290090207022,0.0
29.652900902070222,0.0
29.702900902070223,0.0
29.752900902070223,0.0
29.802900902070224,0.0
29.852900902070225,0.0
29.902900902070225,0.0
29.952900902070226,0.0
30.002900902070227,0.0
30.052900902070228,0.0
30.10290090207023,0.0
30.15290090207023,0.0
30.20290090207023,0.0
30.25290090207023,0.0
30.30290090207023,0.0
30.352900902070232,0.0
30.402900902070233,0.0
30.452900902070233,0.0
30.502900902070234,0.0
30.552900902070235,0.0
30.602900902070235,0.0
30.652900902070236,0.0
30.702900902070237,0.0
30.752900902070238,0.0
30.80290090207024,0.0
30.85290090207024,0.0
30.90290090207024,0.0
30.95290090207024,0.0
31.00290090207024,0.0
31.052900902070242,0.0
31.102900902070242,0.0
31.152900902070243,0.0
31.202900902070244,0.0
31.252900902070245,0.0
31.302900902070245,0.0
31.352900902070246,0.0
31.402900902070247,0.0
31.452900902070247,0.0
31.502900902070248,0.0
31.55290090207025,0.0
31.60290090207025,0.0
31.65290090207025,0.0
31.70290090207025,0.0
31.75290090207025,0.0
31.802900902070252,0.0
31.852900902070253,0.0
31.902900902070254,0.0
31.952900902070255,0.0
32.00290090207025,0.0
32.052900902070256,0.0
32.10290090207026,0.0
32.15290090207026,0.0
32.202900902070255,0.0
32.25290090207026,0.0
32.30290090207026,0.0
32.35290090207026,0.0
32.40290090207026,0.0
32.45290090207026,0.0
32.502900902070266,0.0
32.55290090207026,0.0
32.60290090207026,0.0
32.652900902070265,0.0
32.70290090207027,0.0
32.752900902070266,0.0
32.80290090207026,0.0
32.85290090207027,0.0
32.90290090207027,0.0
32.95290090207027,0.0
33.002900902070266,0.0
33.05290090207027,0.0
33.102900902070274,0.0
33.15290090207027,0.0
33.20290090207027,0.0
33.25290090207027,0.0
33.30290090207028,0.0
33.352900902070274,0.0
33.40290090207027,0.0
33.452900902070276,0.0
33.50290090207028,0.0
33.55290090207028,0.0
33.602900902070274,0.0
33.65290090207028,0.0
33.70290090207028,0.0
33.75290090207028,0.0
33.80290090207028,0.0
33.85290090207028,0.0
33.902900902070286,0.0
33.95290090207028,0.0
34.00290090207028,0.0
34.052900902070284,0.0
34.10290090207029,0.0
34.152900902070286,0.0
34.20290090207028,0.0
34.25290090207029,0.0
34.30290090207029,0.0
34.35290090207029,0.0
34.402900902070286,0.0
34.45290090207029,0.0
34.502900902070294,0.0
34.55290090207029,0.0
34.60290090207029,0.0
34.65290090207029,0.0
34.7029009020703,0.0
34.752900902070294,0.0
34.80290090207029,0.0
34.852900902070296,0.0
34.9029009020703,0.0
34.9529009020703,0.0
35.002900902070294,0.0
35.0529009020703,0.0
35.1029009020703,0.0
35.1529009020703,0.0
35.2029009020703,0.0
35.2529009020703,0.0
35.302900902070306,0.0
35.3529009020703,0.0
35.4029009020703,0.0
35.452900902070304,0.0
35.50290090207031,0.0
35.552900902070306,0.0
35.6029009020703,0.0
35.65290090207031,0.0
35.70290090207031,0.0
35.75290090207031,0.0
35.802900902070306,0.0
35.85290090207031,0.0
35.902900902070314,0.0
35.95290090207031,0.0
36.00290090207031,0.0
36.05290090207031,0.0
36.10290090207032,0.0
36.152900902070314,0.0
36.20290090207031,0.0
36.252900902070316,0.0
36.30290090207032,0.0
36.35290090207032,0.0
36.402900902070314,0.0
36.45290090207032,0.0
36.50290090207032,0.0
36.55290090207032,0.0
36.60290090207032,0.0
36.65290090207032,0.0
36.702900902070326,0.0
36.75290090207032,0.0
36.80290090207032,0.0
36.852900902070324,0.0
36.90290090207033,0.0
36.952900902070326,0.0
37.00290090207032,0.0
37.05290090207033,0.0
37.10290090207033,0.0
37.15290090207033,0.0
37.202900902070326,0.0
37.25290090207033,0.0
37.302900902070334,0.0
37.35290090207033,0.0
37.40290090207033,0.0
37.45290090207033,0.0
37.50290090207034,0.0
37.552900902070334,0.0
37.60290090207033,0.0
37.652900902070336,0.0
37.70290090207034,0.0
37.75290090207034,0.0
37.802900902070334,0.0
37.85290090207034,0.0
37.90290090207034,0.0
37.95290090207034,0.0
38.00290090207034,0.0
38.05290090207034,0.0
38.102900902070346,0.0
38.15290090207034,0.0
38.20290090207034,0.0
38.252900902070344,0.0
38.30290090207035,0.0
38.352900902070346,0.0
38.40290090207034,0.0
38.45290090207035,0.0
38.50290090207035,0.0
38.55290090207035,0.0
38.602900902070346,0.0
38.65290090207035,0.0
38.702900902070354,0.0
38.75290090207035,0.0
38.80290090207035,0.0
38.85290090207035,0.0
38.90290090207036,0.0
38.952900902070354,0.0
39.00290090207035,0.0
39.052900902070355,0.0
39.10290090207036,0.0
39.15290090207036,0.0
39.202900902070354,0.0
39.25290090207036,0.0
39.30290090207036,0.0
39.35290090207036,0.0
39.40290090207036,0.0
39.45290090207036,0.0
39.502900902070365,0.0
39.55290090207036,0.0
39.60290090207036,0.0
39.652900902070364,0.0
39.70290090207037,0.0
39.752900902070365,0.0
39.80290090207036,0.0
39.85290090207037,0.0
39.90290090207037,0.0
39.95290090207037,0.0
40.002900902070365,0.0
40.05290090207037,0.0
40.102900902070374,0.0
40.15290090207037,0.0
40.20290090207037,0.0
40.25290090207037,0.0
40.30290090207038,0.0
40.352900902070374,0.0
40.40290090207037,0.0
40.452900902070375,0.0
40.50290090207038,0.0
40.55290090207038,0.0
40.602900902070374,0.0
40.65290090207038,0.0
40.70290090207038,0.0
40.75290090207038,0.0
40.80290090207038,0.0
40.85290090207038,0.0
40.902900902070385,0.0
40.95290090207038,0.0
41.00290090207038,0.0
41.052900902070384,0.0
41.10290090207039,0.0
41.152900902070385,0.0
41.20290090207038,0.0
41.25290090207039,0.0
41.30290090207039,0.0
41.35290090207039,0.0
41.402900902070385,0.0
41.45290090207039,0.0
41.502900902070394,0.0
41.55290090207039,0.0
41.60290090207039,0.0
41.65290090207039,0.0
41.7029009020704,0.0
41.752900902070394,0.0
41.80290090207039,0.0
41.852900902070395,0.0
41.9029009020704,0.0
41.9529009020704,0.0
42.002900902070394,0.0
42.0529009020704,0.0
42.1029009020704,0.0
42.1529009020704,0.0
42.2029009020704,0.0
42.2529009020704,0.0
42.302900902070405,0.0
42.3529009020704,0.0
42.4029009020704,0.0
42.452900902070404,0.0
42.50290090207041,0.0
42.552900902070405,0.0
42.6029009020704,0.0
42.65290090207041,0.0
42.70290090207041,0.0
42.75290090207041,0.0
42.802900902070405,0.0
42.85290090207041,0.0
42.902900902070414,0.0
42.95290090207041,0.0
43.00290090207041,0.0
43.05290090207041,0.0
43.10290090207042,0.0
43.152900902070414,0.0
43.20290090207041,0.0
43.252900902070415,0.0
43.30290090207042,0.0
43.35290090207042,0.0
43.402900902070414,0.0
43.45290090207042,0.0
43.50290090207042,0.0
43.55290090207042,0.0
43.60290090207042,0.0
43.65290090207042,0.0
43.702900902070425,0.0
43.75290090207042,0.0
43.80290090207042,0.0
43.852900902070424,0.0
43.90290090207043,0.0
43.952900902070425,0.0
44.00290090207042,0.0
44.05290090207043,0.0
44.10290090207043,0.0
44.15290090207043,0.0
44.202900902070425,0.0
44.25290090207043,0.0
44.302900902070434,0.0
44.35290090207043,0.0
44.40290090207043,0.0
44.45290090207043,0.0
44.50290090207044,0.0
44.552900902070434,0.0
44.60290090207043,0.0
44.652900902070435,0.0
44.70290090207044,0.0
44.75290090207044,0.0
44.802900902070434,0.0
44.85290090207044,0.0
44.90290090207044,0.0
44.95290090207044,0.0
45.00290090207044,0.0
45.05290090207044,0.0
45.102900902070445,0.0
45.15290090207044,0.0
45.20290090207044,0.0
45.252900902070444,0.0
45.30290090207045,0.0
45.352900902070445,0.0
45.40290090207044,0.0
45.452900902070446,0.0
45.50290090207045,0.0
45.55290090207045,0.0
45.602900902070445,0.0
45.65290090207045,0.0
45.70290090207045,0.0
45.75290090207045,0.0
45.80290090207045,0.0
45.85290090207045,0.0
45.902900902070456,0.0
45.95290090207045,0.0
46.00290090207045,0.0
46.052900902070455,0.0
46.10290090207046,0.0
46.152900902070456,0.0
46.20290090207045,0.0
46.25290090207046,0.0
46.30290090207046,0.0
46.35290090207046,0.0
46.402900902070456,0.0
46.45290090207046,0.0
46.502900902070465,0.0
46.55290090207046,0.0
46.60290090207046,0.0
46.65290090207046,0.0
46.70290090207047,0.0
46.752900902070465,0.0
46.80290090207046,0.0
46.852900902070466,0.0
46.90290090207047,0.0
46.95290090207047,0.0
47.002900902070465,0.0
47.05290090207047,0.0
47.10290090207047,0.0
47.15290090207047,0.0
47.20290090207047,0.0
47.25290090207047,0.0
47.302900902070476,0.0
47.35290090207047,0.0
47.40290090207047,0.0
47.452900902070475,0.0
47.50290090207048,0.0
47.552900902070476,0.0
47.60290090207047,0.0
47.65290090207048,0.0
47.70290090207048,0.0
47.75290090207048,0.0
47.802900902070476,0.0
47.85290090207048,0.0
47.902900902070485,0.0
47.95290090207048,0.0
48.00290090207048,0.0
48.05290090207048,0.0
48.10290090207049,0.0
48.152900902070485,0.0
48.20290090207048,0.0
48.252900902070486,0.0
48.30290090207049,0.0
48.35290090207049,0.0
48.402900902070485,0.0
48.45290090207049,0.0
48.50290090207049,0.0
48.55290090207049,0.0
48.60290090207049,0.0
48.65290090207049,0.0
48.702900902070496,0.0
48.75290090207049,0.0
48.80290090207049,0.0
48.852900902070495,0.0
48.9029009020705,0.0
48.952900902070496,0.0
49.00290090207049,0.0
49.0529009020705,0.0
49.1029009020705,0.0
49.1529009020705,0.0
49.202900902070496,0.0
49.2529009020705,0.0
49.302900902070505,0.0
49.3529009020705,0.0
49.4029009020705,0.0
49.4529009020705,0.0
49.50290090207051,0.0
49.552900902070505,0.0
49.6029009020705,0.0
49.652900902070506,0.0
49.70290090207051,0.0
49.75290090207051,0.0
49.802900902070505,0.0
49.85290090207051,0.0
49.90290090207051,0.0
49.95290090207051,0.0
50.00290090207051,0.0
50.05290090207051,0.0
50.102900902070516,0.0
50.15290090207051,0.0
50.20290090207051,0.0
50.252900902070515,0.0
50.30290090207052,0.0
50.352900902070516,0.0
50.40290090207051,0.0
50.45290090207052,0.0
50.50290090207052,0.0
50.55290090207052,0.0
50.602900902070516,0.0
50.65290090207052,0.0
50.702900902070525,0.0
50.75290090207052,0.0
50.80290090207052,0.0
50.85290090207052,0.0
50.90290090207053,0.0
50.952900902070525,0.0
51.00290090207052,0.0
51.052900902070526,0.0
51.10290090207053,0.0
51.15290090207053,0.0
51.202900902070525,0.0
51.25290090207053,0.0
51.30290090207053,0.0
51.35290090207053,0.0
51.40290090207053,0.0
51.45290090207053,0.0
51.502900902070536,0.0
51.55290090207053,0.0
51.60290090207053,0.0
51.652900902070535,0.0
51.70290090207054,0.0
51.752900902070536,0.0
51.80290090207053,0.0
51.85290090207054,0.0
51.90290090207054,0.0
51.95290090207054,0.0
52.002900902070536,0.0
52.05290090207054,0.0
52.102900902070544,0.0
52.15290090207054,0.0
52.20290090207054,0.0
52.25290090207054,0.0
52.30290090207055,0.0
52.352900902070544,0.0
52.40290090207054,0.0
52.452900902070546,0.0
52.50290090207055,0.0
52.55290090207055,0.0
52.602900902070544,0.0
52.65290090207055,0.0
52.70290090207055,0.0
52.75290090207055,0.0
52.80290090207055,0.0
52.85290090207055,0.0
52.902900902070556,0.0
52.95290090207055,0.0
53.00290090207055,0.0
53.052900902070554,0.0
53.10290090207056,0.0
53.152900902070556,0.0
53.20290090207055,0.0
53.25290090207056,0.0
53.30290090207056,0.0
53.35290090207056,0.0
53.402900902070556,0.0
53.45290090207056,0.0
53.502900902070564,0.0
53.55290090207056,0.0
53.60290090207056,0.0
53.65290090207056,0.0
53.70290090207057,1.146e-321
53.752900902070564,3.896e-320
53.80290090207056,1.842667e-318
53.852900902070566,8.5262366e-317
53.90290090207057,3.905543165e-315
53.95290090207057,1.771180934e-313
54.002900902070564,7.9524594328e-312
54.05290090207057,3.53506213776883e-310
54.10290090207057,1.555785418912221e-308
54.15290090207057,6.778902646162933e-307
54.20290090207057,2.924328468340339e-305
54.25290090207057,1.2489641208755722e-303
54.302900902070576,5.281178275403101e-302
54.35290090207057,2.2108982140156496e-300
54.40290090207057,9.163549386411604e-299
54.452900902070574,3.7602416532940436e-297
54.50290090207058,1.527653439527548e-295
54.552900902070576,6.144562749656208e-294
54.60290090207057,2.4468885029214333e-292
54.65290090207058,9.647047839791871e-291
54.70290090207058,3.76557879108027e-289
54.75290090207058,1.455211444004391e-287
54.802900902070576,5.567721695845638e-286
54.85290090207058,2.1090457048409023e-284
54.902900902070584,7.909545325759583e-283
54.95290090207058,2.936798177962705e-281
55.00290090207058,1.0795772900111333e-279
55.05290090207058,3.929076036306859e-278
55.10290090207059,1.4157422141898928e-276
55.152900902070584,5.050507095335398e-275
55.20290090207058,1.783786383435168e-273
55.252900902070586,6.237459782451073e-272
55.30290090207059,2.1593832466210134e-270
55.35290090207059,7.401312679079484e-269
55.402900902070584,2.511567366699575e-267
55.45290090207059,8.437969792275249e-266
55.50290090207059,2.806649343257805e-264
55.55290090207059,9.242626457620117e-263
55.60290090207059,3.0134202444970236e-261
55.65290090207059,9.727047956418718e-260
55.702900902070596,3.1085615270979154e-258
55.75290090207059,9.835465820837362e-257
55.80290090207059,3.080969893494312e-255
55.852900902070594,9.555139473440135e-254
55.9029009020706,2.933888886739439e-252
55.952900902070596,8.918818963954761e-251
56.00290090207059,2.684281698353734e-249
56.0529009020706,7.998450975520087e-248
56.1029009020706,2.3596127780302007e-246
56.1529009020706,6.891799696548599e-245
56.202900902070596,1.9928821124109746e-243
56.2529009020706,5.705420085665448e-242
56.302900902070604,1.6171514686605109e-240
56.3529009020706,4.538066205741565e-239
56.4029009020706,1.2608052561812613e-237
56.4529009020706,3.4680252357290926e-236
56.50290090207061,9.444381951408037e-235
56.552900902070604,2.546372241423181e-233
56.6029009020706,6.797156904080044e-232
56.652900902070606,1.7963450198247355e-230
56.70290090207061,4.700123488886171e-229
56.75290090207061,1.2175472888922025e-227
56.802900902070604,3.1226223412396507e-226
56.85290090207061,7.928848915082037e-225
56.90290090207061,1.9932321217855287e-223
56.95290090207061,4.960925070882497e-222
57.00290090207061,1.2224314451048017e-220
57.05290090207061,2.9822456476562925e-219
57.102900902070616,7.203098757031111e-218
57.15290090207061,1.7224728295798343e-216
57.20290090207061,4.077955160156399e-215
57.252900902070614,9.558496101559664e-214
57.30290090207062,2.2181644659311725e-212
57.352900902070616,5.096299883228935e-211
57.40290090207061,1.1592397437364318e-209
57.45290090207062,2.610649715546904e-208
57.50290090207062,5.820777536214435e-207
57.55290090207062,1.284903327121859e-205
57.602900902070616,2.8081283963019617e-204
57.65290090207062,6.076038595819842e-203
57.702900902070624,1.3016107949482544e-201
57.75290090207062,2.760570322802512e-200
57.80290090207062,5.796602810778148e-199
57.85290090207062,1.2050507199101005e-197
57.90290090207063,2.4802426146020796e-196
57.952900902070624,5.0540561072229745e-195
58.00290090207062,1.0196309458700196e-193
58.052900902070625,2.0365872099610345e-192
58.10290090207063,4.027356467149942e-191
58.15290090207063,7.884863617572882e-190
58.202900902070624,1.5283589184328525e-188
58.25290090207063,2.933010247978829e-187
58.30290090207063,5.572612701216359e-186
58.35290090207063,1.0482411288407143e-184
58.40290090207063,1.9521832678396953e-183
58.45290090207063,3.599457347839315e-182
58.502900902070635,6.570683259578403e-181
58.55290090207063,1.1875204259497742e-179
58.60290090207063,2.1248520664614063e-178
58.652900902070634,3.764205855172218e-177
58.70290090207064,6.601993423905269e-176
58.752900902070635,1.1463938936251127e-174
58.80290090207063,1.970832411759443e-173
58.85290090207064,3.354459733209097e-172
58.90290090207064,5.652655590356775e-171
58.95290090207064,9.4306043001186e-170
59.002900902070635,1.5576991223401145e-168
59.05290090207064,2.5473269068079664e-167
59.102900902070644,4.1242297047284485e-166
59.15290090207064,6.610861582588894e-165
59.20290090207064,1.0491324916916606e-163
59.25290090207064,1.648388841029304e-162
59.30290090207065,2.564165481839165e-161
59.352900902070644,3.949021410595644e-160
59.40290090207064,6.021296072949259e-159
59.452900902070645,9.089657759404783e-158
59.50290090207065,1.3585077991218013e-156
59.55290090207065,2.0101746672800236e-155
59.602900902070644,2.944845470857036e-154
59.65290090207065,4.271183993364868e-153
59.70290090207065,6.133256184266762e-152
59.75290090207065,8.719488027959008e-151
59.80290090207065,1.2272920505379725e-149
59.85290090207065,1.710259107683511e-148
59.902900902070655,2.3595704991490105e-147
59.95290090207065,3.223005589806438e-146
60.00290090207065,4.358591975357359e-145
60.052900902070654,5.835639111190541e-144
60.10290090207066,7.73548757509069e-143
60.152900902070655,1.0151822474908887e-141
60.20290090207065,1.319038256053301e-140
60.25290090207066,1.6967889359998194e-139
60.30290090207066,2.1610027073134706e-138
60.35290090207066,2.724832768628765e-137
60.402900902070655,3.4015859662101716e-136
60.45290090207066,4.2041684033814546e-135
60.502900902070664,5.144412821339656e-134
60.55290090207066,6.2323032235948464e-133
60.60290090207066,7.47512386629017e-132
60.65290090207066,8.876571734019951e-131
60.70290090207067,1.0435882864804517e-129
60.752900902070664,1.2147032115960802e-128
60.80290090207066,1.3998071865647123e-127
60.852900902070665,1.5970676513321803e-126
60.90290090207067,1.8039955527804496e-125
60.95290090207067,2.017458766489723e-124
61.002900902070664,2.2337312860112026e-123
61.05290090207067,2.448579685411014e-122
61.10290090207067,2.6573858138545915e-121
61.15290090207067,2.855301921619012e-120
61.20290090207067,3.0374316792596596e-119
61.25290090207067,3.1990280925049993e-118
61.302900902070675,3.335697387406687e-117
61.35290090207067,3.443596762890018e-116
61.40290090207067,3.5196136404722208e-115
61.45290090207068,3.5615147607115736e-114
61.50290090207068,3.5680551646415863e-113
61.552900902070675,3.5390396397424934e-112
61.60290090207067,3.475332398628516e-111
61.652900902070684,3.378814320888019e-110
61.70290090207068,3.2522907099958228e-109
61.75290090207068,3.099355877653588e-108
61.802900902070675,2.924223674682166e-107
61.85290090207069,2.73153510773036e-106
61.902900902070684,2.526155263711825e-105
61.95290090207068,2.3129718547027498e-104
62.00290090207068,2.0967068379568943e-103
62.05290090207069,1.8817508902907356e-102
62.10290090207069,1.6720282235648957e-101
62.152900902070684,1.4708965623505838e-100
62.20290090207068,1.2810843244868111e-99
62.25290090207069,1.104664395564958e-98
62.30290090207069,9.430615774196364e-98
62.35290090207069,7.970889723173056e-97
62.402900902070684,6.6700732854262834e-96
62.452900902070695,5.5260074450661674e-95
62.50290090207069,4.5326207325620597e-94
62.55290090207069,3.68081806211275e-93
62.60290090207069,2.9593503075589893e-92
62.6529009020707,2.355621219479025e-91
62.702900902070695,1.8564001454562728e-90
62.75290090207069,1.4484209069665297e-89
62.80290090207069,1.1188581540240093e-88
62.8529009020707,8.556818748167352e-88
62.9029009020707,6.478980748538262e-87
62.952900902070695,4.856888141316005e-86
63.00290090207069,3.6046787675240214e-85
63.052900902070704,2.6486958475897204e-84
63.1029009020707,1.9268799960260247e-83
63.1529009020707,1.3878237032380608e-82
63.202900902070695,9.896257532450675e-82
63.25290090207071,6.986581530828067e-81
63.302900902070704,4.8833238842591264e-80
63.3529009020707,3.3792738137905074e-79
63.4029009020707,2.3151988148898007e-78
63.45290090207071,1.5703998863417738e-77
63.50290090207071,1.0546036595550788e-76
63.552900902070704,7.011732642608414e-76
63.6029009020707,4.615497045738774e-75
63.65290090207071,3.0079364863853876e-74
63.70290090207071,1.9407781823287992e-73
63.75290090207071,1.239767353847522e-72
63.802900902070704,7.840821121281582e-72
63.852900902070715,4.909530373699485e-71
63.90290090207071,3.043514754824727e-70
63.95290090207071,1.86796152651597e-69
64.0029009020707,1.1350565461657481e-68
64.05290090207072,6.828481286880884e-68
64.10290090207072,4.0671276625129154e-67
64.15290090207071,2.398327796070635e-66
64.20290090207071,1.4001879385935857e-65
64.25290090207072,8.093216883464589e-65
64.30290090207072,4.631408417301071e-64
64.35290090207072,2.6239891659251636e-63
64.40290090207071,1.4718652423884784e-62
64.45290090207072,8.17393381759453e-62
64.50290090207072,4.494188038468045e-61
64.55290090207072,2.4464053463746518e-60
64.60290090207072,1.3184469200723768e-59
64.65290090207073,7.034835363276475e-59
64.70290090207072,3.716227401681479e-58
64.75290090207072,1.9436035323154554e-57
64.80290090207072,1.006398853292697e-56
64.85290090207073,5.15928646076765e-56
64.90290090207073,2.6185821671715196e-55
64.95290090207072,1.3158301251230174e-54
65.00290090207072,6.546218534164735e-54
65.05290090207073,3.2243206809569303e-53
65.10290090207073,1.5723275117070794e-52
65.15290090207073,7.591102461267717e-52
65.20290090207072,3.6284717686711985e-51
65.25290090207073,1.717116251603682e-50
65.30290090207073,8.045123290559588e-50
65.35290090207073,3.731837844576498e-49
65.40290090207073,1.713838443319358e-48
65.45290090207074,7.792450483132106e-48
65.50290090207073,3.5078036637676833e-47
65.55290090207073,1.563340427140312e-46
65.60290090207073,6.898090615946758e-46
65.65290090207074,3.0134312436628855e-45
65.70290090207074,1.3033190212957115e-44
65.75290090207073,5.580809981041663e-44
65.80290090207073,2.3659240166264854e-43
65.85290090207074,9.930277963183603e-43
65.90290090207074,4.1264736171854624e-42
65.95290090207074,1.6976720378864322e-41
66.00290090207073,6.914894737780871e-41
66.05290090207075,2.7885241274428137e-40
66.10290090207074,1.1133207277571876e-39
66.15290090207074,4.400714946073104e-39
66.20290090207074,1.7221986201398176e-38
66.25290090207075,6.672679888685995e-38
66.30290090207075,2.5596135453234817e-37
66.35290090207074,9.720879596292533e-37
66.40290090207074,3.655053879533541e-36
66.45290090207075,1.360626915762661e-35
66.50290090207075,5.014658786893608e-35
66.55290090207075,1.8297879890892287e-34
66.60290090207074,6.610239768266006e-34
66.65290090207075,2.3642353569436783e-33
66.70290090207075,8.371846528958947e-33
66.75290090207075,2.9350051252789896e-32
66.80290090207075,1.0187169324815145e-31
66.85290090207076,3.5007027908305145e-31
66.90290090207075,1.191006171702942e-30
66.95290090207075,4.011712838523914e-30
67.00290090207075,1.3378355120853693e-29
67.05290090207076,4.417053470137858e-29
67.10290090207076,1.4438419255902613e-28
67.15290090207075,4.672654774003557e-28
67.20290090207075,1.497148218429229e-27
67.25290090207076,4.749227296673784e-27
67.30290090207076,1.4915512071289836e-26
67.35290090207076,4.637783121863755e-26
67.40290090207075,1.4277092021064053e-25
67.45290090207077,4.351371239005835e-25
67.50290090207076,1.3130146453567227e-24
67.55290090207076,3.92256418571464e-24
67.60290090207076,1.1601859518079884e-23
67.65290090207077,3.397364945593068e-23
67.70290090207077,9.849492536558334e-23
67.75290090207076,2.827109075131343e-22
67.80290090207076,8.033935286118696e-22
67.85290090207077,2.2603263544783353e-21
67.90290090207077,6.296091393185049e-21
67.95290090207077,1.7363127467544237e-20
68.00290090207076,4.7406941648193616e-20
68.05290090207077,1.2814833829339474e-19
68.10290090207077,3.429581079411328e-19
68.15290090207077,9.087119206855947e-19
68.20290090207077,2.3837924017628674e-18
68.25290090207078,6.1910981941430456e-18
68.30290090207077,1.5919301515287363e-17
68.35290090207077,4.052633964693156e-17
68.40290090207077,1.0214281121113814e-16
68.45290090207078,2.548797240624093e-16
68.50290090207078,6.296798925105408e-16
68.55290090207077,1.5401443160150246e-15
68.60290090207077,3.729581180558178e-15
68.65290090207078,8.941610898167498e-15
68.70290090207078,2.1224062943158123e-14
68.75290090207078,4.987677193393494e-14
68.80290090207077,1.1604467214399273e-13
68.85290090207079,2.67306259732319e-13
68.90290090207078,6.096072277418265e-13
68.95290090207078,1.3764110201858876e-12
69.00290090207078,3.0768280764545563e-12
69.05290090207079,6.809502346435845e-12
69.10290090207079,1.492054108987319e-11
69.15290090207078,3.236762451252391e-11
69.20290090207078,6.951749860485008e-11
69.25290090207079,1.47820443696615e-10
69.30290090207079,3.1119450619666875e-10
69.35290090207079,6.486141164470217e-10
69.40290090207078,1.3384369778765043e-09
69.4529009020708,2.7344281232709517e-09
69.50290090207079,5.530853468535683e-09
69.55290090207079,1.1075793458639449e-08
69.60290090207079,2.195910318136238e-08
69.6529009020708,4.3103387773652696e-08
69.7029009020708,8.376551575089677e-08
69.75290090207079,1.6116702278157223e-07
69.80290090207079,3.070040855303357e-07
69.8529009020708,5.789874922459384e-07
69.9029009020708,1.0810636478540748e-06
69.9529009020708,1.9984367205403685e-06
70.00290090207079,3.657519022210231e-06
70.0529009020708,6.62734899533413e-06
70.1029009020708,1.18891318624828e-05
70.1529009020708,2.11162843620608e-05
70.2029009020708,3.713145050921057e-05
70.2529009020708,6.464327981938476e-05
70.3029009020708,0.00011141967996866521
70.3529009020708,0.00019013299326978053
70.4029009020708,0.0003212255779786064
70.45290090207081,0.0005373036715523319
70.5029009020708,0.0008897880164882894
70.5529009020708,0.0014588490329683415
70.6029009020708,0.002368051845092213
70.65290090207081,0.003805652381683244
70.70290090207081,0.006055138497545132
70.7529009020708,0.009538412524616121
70.8029009020708,0.014875965980188586
70.85290090207081,0.022969487592166788
70.90290090207081,0.035113530072220726
70.95290090207081,0.053144060454652566
71.0029009020708,0.0796328079021927
71.05290090207082,0.11813712039835386
71.10290090207081,0.17351530464084183
71.15290090207081,0.2523168467902969
71.20290090207081,0.36325513762790396
71.25290090207082,0.5177669644420004
71.30290090207082,0.730657698246157
71.35290090207081,1.0208234705254855
71.40290090207081,1.4120314966277117
71.45290090207082,1.9337270695285091
71.50290090207082,2.621820921014455
71.55290090207082,3.5193943106758017
71.60290090207081,4.677242484487627
71.65290090207083,6.154161644596212
71.70290090207082,8.016872335663816
71.75290090207082,10.339465572676657
71.80290090207082,13.202259667886151
71.85290090207083,16.689968018898472
71.90290090207083,20.889103117670377
71.95290090207082,25.8845809331698
72.00290090207082,31.755542602035298
72.05290090207083,38.570475478913856
72.10290090207083,46.38178972696726
72.15290090207083,55.22008462479645
72.20290090207082,65.0884138414433
72.25290090207083,75.95692309219426
72.30290090207083,87.75827832313311
72.35290090207083,100.38431975753694
72.40290090207083,113.68436006900116
72.45290090207084,127.46548939116826
72.50290090207083,141.49515498443157
72.55290090207083,155.50615233473124
72.60290090207083,169.2040046905726
72.65290090207084,182.27653096502974
72.70290090207084,194.40522212485453
72.75290090207083,205.2778801185076
72.80290090207083,214.6018377183977
72.85290090207084,222.11698736951374
72.90290090207084,227.60781376477394
72.95290090207084,230.91365490994087
73.00290090207083,231.93651035771316
73.05290090207085,230.64586714531944
73.10290090207084,227.08021182755976
73.15290090207084,221.3451240545446
73.20290090207084,213.60808346474928
73.25290090207085,204.0903463138417
73.30290090207085,193.05644156192912
73.35290090207084,180.80198177873388
73.40290090207084,167.64057091450462
73.45290090207085,153.89061352363612
73.50290090207085,139.86278961179087
73.55290090207085,125.84886305428394
73.60290090207084,112.11235151254256
73.65290090207085,98.88141724425925
73.70290090207085,86.34415789235194
73.75290090207085,74.6463005694284
73.80290090207085,63.89114560408739
73.85290090207086,54.14147916483692
73.90290090207085,45.423083569918994
73.95290090207085,37.72942311713694
74.00290090207085,31.027070447647365
74.05290090207086,25.261459219966355
74.10290090207086,20.362596292919292
74.15290090207085,16.250432477748006
74.20290090207085,12.839666726215142
74.25290090207086,10.043836488156185
74.30290090207086,7.778620284926013
74.35290090207086,5.9643423665529856
74.40290090207085,4.527720538042511
74.45290090207087,3.4029354948169286
74.50290090207086,2.5321234513168682
74.55290090207086,1.8654047974658698
74.60290090207086,1.360562066702155
74.65290090207087,0.9824731324643344
74.70290090207087,0.7023928176751384
74.75290090207086,0.49716036321111456
74.80290090207086,0.3483934539935547
74.85290090207087,0.24171329094352573
74.90290090207087,0.16603059775667262
