29.302900902070217,141.9953195108963
29.352900902070218,143.5575401369708
29.40290090207022,145.18837545715706
29.45290090207022,146.89220140230753
29.50290090207022,148.6737624884821
29.55290090207022,150.53821047168594
29.60290090207022,152.4911478618214
29.652900902070222,154.53867700947762
29.702900902070223,156.68745559939362
29.752900902070223,158.94475952755704
29.802900902070224,161.31855430982907
29.852900902070225,163.8175763747567
29.902900902070225,166.45142583936283
29.952900902070226,169.23067266353576
30.002900902070227,172.16697843788438
30.052900902070228,175.27323649628318
30.10290090207023,178.56373357635948
30.15290090207023,182.05433690238658
30.20290090207023,185.7627113653844
30.25290090207023,189.70857246299448
30.30290090207023,193.91398188613653
30.352900902070232,198.40369416420936
30.402900902070233,203.20556468834678
30.452900902070233,208.35103183100057
30.502900902070234,213.87568891181877
30.552900902070235,219.8199656120288
30.602900902070235,226.22994336185928
30.652900902070236,233.15833555200282
30.702900902070237,240.66567160099413
30.752900902070238,248.82173455676508
30.80290090207024,257.7073158580593
30.85290090207024,267.4163692808537
30.90290090207024,278.05867054459287
30.95290090207024,289.7631217900921
31.00290090207024,302.6818843237764
31.052900902070242,316.9955831494579
31.102900902070242,332.91990934270746
31.152900902070243,350.7140606382152
31.202900902070244,370.6916204204879
31.252900902070245,393.2347009123223
31.302900902070245,418.812497991257
31.352900902070246,448.00586825007656
31.402900902070247,481.540212710408
31.452900902070247,520.3299414683903
31.502900902070248,565.5392612537032
31.55290090207025,618.6662214444525
31.60290090207025,681.6602507672291
31.65290090207025,757.0883775945327
31.70290090207025,848.3727411677384
31.75290090207025,960.1328391579084
31.802900902070252,1098.6809396425165
31.852900902070253,1272.7369794801452
31.902900902070254,1494.4412228903827
31.952900902070255,1780.7151032532959
32.00290090207025,2154.843909445009
32.052900902070256,2647.5120863887673
32.10290090207026,3294.603271349164
32.15290090207026,4124.360569685188
32.202900902070255,5118.905412009726
32.25290090207026,6139.306929006059
32.30290090207026,6871.051121256511
32.35290090207026,6965.620797438002
32.40290090207026,6372.191706091179
32.45290090207026,5396.118647165281
32.502900902070266,4384.646317616759
32.55290090207026,3518.7019164321546
32.60290090207026,2837.8091593841855
32.652900902070265,2320.125933508818
32.70290090207027,1929.8379437352587
32.752900902070266,1634.6154535064652
32.80290090207026,1409.4708014356147
32.85290090207027,1236.148140929419
32.90290090207027,1101.5623280211119
32.95290090207027,996.3610684129437
33.002900902070266,913.8311719111151
33.05290090207027,849.1209862234414
33.102900902070274,798.7017093097439
33.15290090207027,759.997311147355
33.20290090207027,731.1306382291564
33.25290090207027,710.7493145985052
33.30290090207028,697.9069831196181
33.352900902070274,691.9837472931416
33.40290090207027,692.6353699494791
33.452900902070276,699.7647316059357
33.50290090207028,713.5118987553653
33.55290090207028,734.2613700967134
33.602900902070274,762.6670059009518
33.65290090207028,799.697084201049
33.70290090207028,846.7041185812794
33.75290090207028,905.52674978023
33.80290090207028,978.6343684014738
33.85290090207028,1069.3291147401942
33.902900902070286,1182.0238512011463
33.95290090207028,1322.6160575973959
34.00290090207028,1498.968843248715
34.052900902070284,1721.471396520445
34.10290090207029,2003.5324972699505
34.152900902070286,2361.5483842865015
34.20290090207028,2813.1563547392807
34.25290090207029,3371.1522369924924
34.30290090207029,4028.6198650473043
34.35290090207029,4732.057589235241
34.402900902070286,5353.994925079928
34.45290090207029,5709.74172831024
34.502900902070294,5660.576121801887
34.55290090207029,5228.735816281205
34.60290090207029,4577.265454340301
34.65290090207029,3883.025265927857
34.7029009020703,3254.102068730568
34.752900902070294,2729.578804689503
34.80290090207029,2309.513790900823
34.852900902070296,1978.9986512861624
34.9029009020703,1720.400038553752
34.9529009020703,1518.0267240379646
35.002900902070294,1359.2802629380399
35.0529009020703,1234.4858389841131
35.1029009020703,1136.3569433012917
35.1529009020703,1059.4478156411917
35.2029009020703,999.6987453848966
35.2529009020703,954.087571887526
35.302900902070306,920.3722832646438
35.3529009020703,896.9044985321975
35.4029009020703,882.4959956935868
35.452900902070304,876.3244786214093
35.50290090207031,877.8685386604393
35.552900902070306,886.8647966072149
35.6029009020703,903.2825330328811
35.65290090207031,927.3128903808158
35.70290090207031,959.3711320170175
35.75290090207031,1000.1116233288399
35.802900902070306,1050.4562855864683
35.85290090207031,1111.6383728629658
35.902900902070314,1185.2646284321584
35.95290090207031,1273.4002616622704
36.00290090207031,1378.6827764188924
36.05290090207031,1504.4723929948207
36.10290090207032,1655.048285111556
36.152900902070314,1835.8601304406493
36.20290090207031,2053.841198762332
36.252900902070316,2317.7770559369224
36.30290090207032,2638.6914371487674
36.35290090207032,3030.1342186191164
36.402900902070314,3508.0901189576693
36.45290090207032,4089.8941962365843
36.50290090207032,4790.9508753035325
36.55290090207032,5617.24000564352
36.60290090207032,6551.199499790836
36.65290090207032,7530.884835634326
36.702900902070326,8431.534006050986
36.75290090207032,9074.582870316475
36.80290090207032,9290.35379086684
36.852900902070324,9012.92024780703
36.90290090207033,8324.266164694765
36.952900902070326,7399.9255782344435
37.00290090207032,6414.286983290962
37.05290090207033,5484.431077747048
37.10290090207033,4665.966109112327
37.15290090207033,3972.716687357812
37.202900902070326,3396.9921263453675
37.25290090207033,2922.8410463986284
37.302900902070334,2532.928349319302
37.35290090207033,2211.4732611444324
37.40290090207033,1945.169836628207
37.45290090207033,1723.2100000686742
37.50290090207034,1536.9727844419033
37.552900902070334,1379.6350138914515
37.60290090207033,1245.80606905996
37.652900902070336,1131.21966687824
37.70290090207034,1032.4863122382576
37.75290090207034,946.8993609847583
37.802900902070334,872.2849231209218
37.85290090207034,806.8862769452284
37.90290090207034,749.2749248515511
37.95290090207034,698.2820204737772
38.00290090207034,652.9453145314972
38.05290090207034,612.4679204873215
38.102900902070346,576.1861011914121
38.15290090207034,543.5439643083387
38.20290090207034,514.0734719987436
38.252900902070344,487.37855847632085
38.30290090207035,463.12243959265203
38.352900902070346,441.0174162298132
38.40290090207034,420.81663668029046
38.45290090207035,402.307406295716
38.50290090207035,385.3057258087908
38.55290090207035,369.651810497834
38.602900902070346,355.206396397956
38.65290090207035,341.8476812278042
38.702900902070354,329.46877968076274
38.75290090207035,317.97559751880823
38.80290090207035,307.28504821916886
38.85290090207035,297.32355104325853
38.90290090207036,288.02576129184587
38.952900902070354,279.3334929124585
39.00290090207035,271.19480109142864
39.052900902070355,263.5631984190573
39.10290090207036,256.39698298854813
39.15290090207036,249.65866062932787
39.202900902070354,243.31444657805525
39.25290090207036,237.33383440765925
39.30290090207036,231.68922208466915
39.35290090207036,226.35558670091694
39.40290090207036,221.3102008007108
39.45290090207036,216.53238435678787
39.502900902070365,212.00328738385167
39.55290090207036,207.70569895404344
39.60290090207036,203.62387902373519
39.652900902070364,199.74341001918577
39.70290090207037,196.05106557895874
39.752900902070365,192.53469422900451
39.80290090207036,189.183116084493
39.85290090207037,185.986030941048
39.90290090207037,182.9339363453342
39.95290090207037,180.01805442783274
40.002900902070365,177.23026644473723
40.05290090207037,174.5630541158455
40.102900902070374,172.00944696495657
40.15290090207037,169.56297497179727
40.20290090207037,167.2176259325492
40.25290090207037,164.96780700182632
40.30290090207038,162.8083099543187
40.352900902070374,160.73427976081956
40.40290090207037,158.74118612229432
40.452900902070375,156.82479764812172
40.50290090207038,154.98115840156575
40.55290090207038,153.20656656771007
40.602900902070374,151.49755502716914
40.65290090207038,149.85087364344014
40.70290090207038,148.26347309326053
40.75290090207038,146.73249008820332
40.80290090207038,145.2552338523205
40.85290090207038,143.82917373524003
40.902900902070385,142.45192785298468
40.95290090207038,141.1212526601408
41.00290090207038,139.83503336705314
41.052900902070384,138.59127512461677
41.10290090207039,137.38809490712748
41.152900902070385,136.2237140306576
41.20290090207038,135.09645125065904
41.25290090207039,134.00471638804453
41.30290090207039,132.94700443794528
41.35290090207039,131.92189011976288
41.402900902070385,130.92802283108372
41.45290090207039,129.96412197156084
41.502900902070394,129.028972606035
41.55290090207039,128.12142143900994
41.60290090207039,127.24037307515164
41.65290090207039,126.3847865427784
41.7029009020704,125.55367205937384
41.752900902070394,124.7460880200195
41.80290090207039,123.96113819132503
41.852900902070395,123.19796909495302
41.9029009020704,122.45576756620618
41.9529009020704,121.7337584743882
42.002900902070394,121.03120259277479
42.0529009020704,120.34739460705222
42.1029009020704,119.6816612520062
42.1529009020704,119.03335956708474
42.2029009020704,118.40187526222537
42.2529009020704,117.78662118603216
42.302900902070405,117.18703588902268
42.3529009020704,116.60258227524228
42.4029009020704,116.03274633607234
42.452900902070404,115.47703596053998
42.50290090207041,114.93497981687725
42.552900902070405,114.40612630048003
42.6029009020704,113.89004254378699
42.65290090207041,113.38631348393584
42.70290090207041,112.89454098436399
42.75290090207041,112.41434300680478
42.802900902070405,111.94535283039176
42.85290090207041,111.48721831482322
42.902900902070414,111.0396012047598
42.95290090207041,110.60217647282988
43.00290090207041,110.17463169880534
43.05290090207041,109.75666648268299
43.10290090207042,109.34799188956364
43.152900902070414,108.9483299243691
43.20290090207041,108.55741303457151
43.252900902070415,108.1749836392354
43.30290090207042,107.80079368278726
43.35290090207042,107.43460421203459
43.402900902070414,107.07618497505533
43.45290090207042,106.7253140406708
43.50290090207042,106.38177743729864
43.55290090207042,106.04536881006207
43.60290090207042,105.71588909510446
43.65290090207042,105.39314621012596
43.702900902070425,105.07695476022192
43.75290090207042,104.76713575816089
43.80290090207042,104.46351635829483
43.852900902070424,104.16592960334499
43.90290090207043,103.87421418335313
43.952900902070425,103.58821420613219
44.00290090207042,103.3077789785911
44.05290090207043,103.03276279834722
44.10290090207043,102.7630247550743
44.15290090207043,102.4984285410674
44.202900902070425,102.2388422705379
44.25290090207043,101.9841383071793
44.302900902070434,101.73419309957299
44.35290090207043,101.48888702402681
44.40290090207043,101.24810423446398
44.45290090207043,101.01173251900218
44.50290090207044,100.7796631628822
44.552900902070434,100.55179081742577
44.60290090207043,100.32801337472009
44.652900902070435,100.10823184774378
44.70290090207044,99.89235025566475
44.75290090207044,99.68027551405513
44.802900902070434,99.47191732978303
44.85290090207044,99.26718810035406
44.90290090207044,99.06600281748743
44.95290090207044,98.86827897472331
45.00290090207044,98.67393647886936
45.05290090207044,98.48289756510442
45.102900902070445,98.29508671556678
45.15290090207044,98.11043058126413
45.20290090207044,97.9288579071501
45.252900902070444,97.75029946022137
45.30290090207045,97.57468796049602
45.352900902070445,97.40195801474135
45.40290090207044,97.23204605282628
45.452900902070446,97.06489026657961
45.50290090207045,96.90043055104172
45.55290090207045,96.73860844800235
45.602900902070445,96.57936709172324
45.65290090207045,96.422651156749
45.70290090207045,96.2684068077146
45.75290090207045,96.11658165106202
45.80290090207045,95.96712468858325
45.85290090207045,95.81998627271099
45.902900902070456,95.67511806348169
45.95290090207045,95.53247298709951
46.00290090207045,95.39200519603335
46.052900902070455,95.25367003058213
46.10290090207046,95.11742398184653
46.152900902070456,94.98322465604856
46.20290090207045,94.85103074014269
46.25290090207046,94.7208019686654
46.30290090207046,94.59249909177218
46.35290090207046,94.46608384441315
46.402900902070456,94.34151891660116
46.45290090207046,94.2187679247283
46.502900902070465,94.09779538388817
46.55290090207046,93.97856668116411
46.60290090207046,93.86104804984433
46.65290090207046,93.74520654452773
46.70290090207047,93.63101001708503
46.752900902070465,93.51842709344147
46.80290090207046,93.40742715114921
46.852900902070466,93.29798029771882
46.90290090207047,93.19005734968026
46.95290090207047,93.08362981234544
47.002900902070465,92.97866986024535
47.05290090207047,92.87515031821644
47.10290090207047,92.77304464311115
47.15290090207047,92.6723269061093
47.20290090207047,92.57297177560788
47.25290090207047,92.47495450066734
47.302900902070476,92.37825089499401
47.35290090207047,92.28283732143855
47.40290090207047,92.18869067699156
47.452900902070475,92.0957883782581
47.50290090207048,92.00410834739375
47.552900902070476,91.91362899848517
47.60290090207047,91.82432922435942
47.65290090207048,91.73618838380641
47.70290090207048,91.64918628919985
47.75290090207048,91.5633031945023
47.802900902070476,91.4785197836408
47.85290090207048,91.3948171592401
47.902900902070485,91.31217683170071
47.95290090207048,91.23058070860984
48.00290090207048,91.15001108447355
48.05290090207048,91.07045063075913
48.10290090207049,90.9918823862368
48.152900902070485,90.9142897476105
48.20290090207048,90.83765646042801
48.252900902070486,90.76196661026064
48.30290090207049,90.68720461414368
48.35290090207049,90.6133552122684
48.402900902070485,90.54040345991744
48.45290090207049,90.46833471963541
48.50290090207049,90.39713465362668
48.55290090207049,90.32678921637307
48.60290090207049,90.25728464746388
48.65290090207049,90.18860746463159
48.702900902070496,90.12074445698624
48.75290090207049,90.05368267844217
48.80290090207049,89.98740944133064
48.852900902070495,89.92191231019267
48.9029009020705,89.85717909574599
48.952900902070496,89.79319784902067
49.00290090207049,89.72995685565786
49.0529009020705,89.66744463036673
49.1029009020705,89.6056499115344
49.1529009020705,89.54456165598398
49.202900902070496,89.48416903387628
49.2529009020705,89.42446142375043
49.302900902070505,89.36542840769943
49.3529009020705,89.3070597666759
49.4029009020705,89.24934547592471
49.4529009020705,89.19227570053776
49.50290090207051,89.13584079112808
49.552900902070505,89.08003127961864
49.6029009020705,89.0248378751432
49.652900902070506,88.97025146005537
49.70290090207051,88.91626308604253
49.75290090207051,88.86286397034189
49.802900902070505,88.81004549205514
49.85290090207051,88.75779918855908
49.90290090207051,88.70611675200924
49.95290090207051,88.65499002593374
50.00290090207051,88.60441100191474
50.05290090207051,88.55437181635487
50.102900902070516,88.50486474732632
50.15290090207051,88.45588221149988
50.20290090207051,88.40741676115184
50.252900902070515,88.35946108124637
50.30290090207052,88.31200798659144
50.352900902070516,88.2650504190657
50.40290090207051,88.21858144491476
50.45290090207052,88.17259425211462
50.50290090207052,88.12708214780048
50.55290090207052,88.0820385557589
50.602900902070516,88.03745701398176
50.65290090207052,87.99333117228008
50.702900902070525,87.94965478995609
50.75290090207052,87.90642173353203
50.80290090207052,87.86362597453386
50.85290090207052,87.8212615873286
50.90290090207053,87.77932274701377
50.952900902070525,87.73780372735723
51.00290090207052,87.69669889878652
51.052900902070526,87.65600272642588
51.10290090207053,87.61570976818001
51.15290090207053,87.57581467286296
51.202900902070525,87.53631217837128
51.25290090207053,87.49719710989997
51.30290090207053,87.45846437820028
51.35290090207053,87.42010897787796
51.40290090207053,87.38212598573128
51.45290090207053,87.34451055912737
51.502900902070536,87.30725793441614
51.55290090207053,87.27036342538064
51.60290090207053,87.23382242172293
51.652900902070535,87.19763038758468
51.70290090207054,87.16178286010118
51.752900902070536,87.12627544798853
51.80290090207053,87.09110383016248
51.85290090207054,87.05626375438852
51.90290090207054,87.02175103596241
51.95290090207054,86.98756155642006
52.002900902070536,86.95369126227637
52.05290090207054,86.92013616379201
52.102900902070544,86.88689233376768
52.15290090207054,86.85395590636486
52.20290090207054,86.82132307595269
52.25290090207054,86.78899009598008
52.30290090207055,86.75695327787254
52.352900902070544,86.72520898995306
52.40290090207054,86.6937536563865
52.452900902070546,86.66258375614686
52.50290090207055,86.63169582200678
52.55290090207055,86.60108643954891
52.602900902070544,86.5707522461985
52.65290090207055,86.54068993027663
52.70290090207055,86.51089623007371
52.75290090207055,86.48136793294267
52.80290090207055,86.4521018744113
52.85290090207055,86.42309493731352
52.902900902070556,86.39434405093878
52.95290090207055,86.36584619019948
53.00290090207055,86.33759837481567
53.052900902070554,86.30959766851694
53.10290090207056,86.2818411782608
53.152900902070556,86.25432605346731
53.20290090207055,86.22704948526956
53.25290090207056,86.2000087057796
53.30290090207056,86.17320098736947
53.35290090207056,86.14662364196697
53.402900902070556,86.1202740203658
53.45290090207056,86.09414951154974
53.502900902070564,86.06824754203069
53.55290090207056,86.0425655751999
53.60290090207056,86.01710111069252
53.65290090207056,85.99185168376478
53.70290090207057,85.96681486468378
53.752900902070564,85.94198825812946
53.80290090207056,85.91736950260844
53.852900902070566,85.89295626987966
53.90290090207057,85.86874626439128
53.95290090207057,85.84473722272884
54.002900902070564,85.82092691307416
54.05290090207057,85.79731313467505
54.10290090207057,85.7738937173253
54.15290090207057,85.75066652085485
54.20290090207057,85.72762943463002
54.25290090207057,85.70478037706323
54.302900902070576,85.68211729513247
54.35290090207057,85.65963816390992
54.40290090207057,85.63734098609964
54.452900902070574,85.61522379158428
54.50290090207058,85.59328463698033
54.552900902070576,85.57152160520195
54.60290090207057,85.5499328050331
54.65290090207058,85.5285163707078
54.70290090207058,85.50727046149841
54.75290090207058,85.4861932613115
54.802900902070576,85.46528297829161
54.85290090207058,85.44453784443222
54.902900902070584,85.42395611519416
54.95290090207058,85.40353606913112
55.00290090207058,85.38327600752204
55.05290090207058,85.36317425401054
55.10290090207059,85.34322915425085
55.152900902070584,85.32343907556034
55.20290090207058,85.30380240657853
55.252900902070586,85.28431755693228
55.30290090207059,85.26498295690713
55.35290090207059,85.24579705712478
55.402900902070584,85.22675832822618
55.45290090207059,85.20786526056077
55.50290090207059,85.18911636388094
55.55290090207059,85.17051016704238
55.60290090207059,85.15204521770963
55.65290090207059,85.13372008206696
55.702900902070596,85.11553334453451
55.75290090207059,85.09748360748948
55.80290090207059,85.07956949099223
55.852900902070594,85.06178963251739
55.9029009020706,85.04414268668963
55.952900902070596,85.02662732502418
56.00290090207059,85.00924223567193
56.0529009020706,84.991986123169
56.1029009020706,84.97485770819071
56.1529009020706,84.9578557273099
56.202900902070596,84.94097893275948
56.2529009020706,84.924226092199
56.302900902070604,84.90759598848553
56.3529009020706,84.89108741944828
56.4029009020706,84.87469919766721
56.4529009020706,84.85843015025554
56.50290090207061,84.84227911864585
56.552900902070604,84.82624495837997
56.6029009020706,84.81032653890253
56.652900902070606,84.79452274335777
56.70290090207061,84.7788324683902
56.75290090207061,84.76325462394831
56.802900902070604,84.74778813309182
56.85290090207061,84.73243193180208
56.90290090207061,84.71718496879578
56.95290090207061,84.70204620534166
57.00290090207061,84.68701461508043
57.05290090207061,84.67208918384766
57.102900902070616,84.65726890949956
57.15290090207061,84.64255280174181
57.20290090207061,84.62793988196111
57.252900902070614,84.61342918305958
57.30290090207062,84.59901974929193
57.352900902070616,84.58471063610526
57.40290090207061,84.57050090998153
57.45290090207062,84.55638964828266
57.50290090207062,84.54237593909804
57.55290090207062,84.52845888109469
57.602900902070616,84.51463758336983
57.65290090207062,84.50091116530574
57.702900902070624,84.48727875642709
57.75290090207062,84.47373949626056
57.80290090207062,84.46029253419674
57.85290090207062,84.44693702935416
57.90290090207063,84.43367215044566
57.952900902070624,84.42049707564681
58.00290090207062,84.40741099246644
58.052900902070625,84.39441309761928
58.10290090207063,84.38150259690056
58.15290090207063,84.3686787050627
58.202900902070624,84.35594064569393
58.25290090207063,84.34328765109869
58.30290090207063,84.33071896218016
58.35290090207063,84.31823382832448
58.40290090207063,84.3058315072868
58.45290090207063,84.29351126507918
58.502900902070635,84.28127237586018
58.55290090207063,84.26911412182623
58.60290090207063,84.25703579310468
58.652900902070634,84.24503668764842
58.70290090207064,84.23311611113232
58.752900902070635,84.22127337685106
58.80290090207063,84.20950780561876
58.85290090207064,84.19781872566989
58.90290090207064,84.186205472562
58.95290090207064,84.17466738907966
59.002900902070635,84.16320382514012
59.05290090207064,84.15181413770019
59.102900902070644,84.1404976906647
59.15290090207064,84.12925385479629
59.20290090207064,84.11808200762651
59.25290090207064,84.10698153336843
59.30290090207065,84.09595182283034
59.352900902070644,84.08499227333095
59.40290090207064,84.07410228861579
59.452900902070645,84.0632812787748
59.50290090207065,84.05252866016127
59.55290090207065,84.04184385531195
59.602900902070644,84.03122629286827
59.65290090207065,84.02067540749881
59.70290090207065,84.01019063982297
59.75290090207065,83.99977143633564
59.80290090207065,83.98941724933303
59.85290090207065,83.97912753683973
59.902900902070655,83.96890176253656
59.95290090207065,83.95873939568979
60.00290090207065,83.94863991108116
60.052900902070654,83.93860278893904
60.10290090207066,83.92862751487054
60.152900902070655,83.91871357979473
60.20290090207065,83.90886047987657
60.25290090207066,83.89906771646211
60.30290090207066,83.88933479601441
60.35290090207066,83.87966123005046
60.402900902070655,83.87004653507898
60.45290090207066,83.86049023253919
60.502900902070664,83.85099184874032
60.55290090207066,83.84155091480218
60.60290090207066,83.83216696659633
60.65290090207066,83.82283954468835
60.70290090207067,83.8135681942807
60.752900902070664,83.80435246515658
60.80290090207066,83.79519191162444
60.852900902070665,83.78608609246336
60.90290090207067,83.7770345708692
60.95290090207067,83.76803691440142
61.002900902070664,83.75909269493074
61.05290090207067,83.75020148858755
61.10290090207067,83.7413628757109
61.15290090207067,83.73257644079838
61.20290090207067,83.72384177245658
61.25290090207067,83.71515846335222
61.302900902070675,83.70652611016415
61.35290090207067,83.69794431353573
61.40290090207067,83.68941267802808
61.45290090207068,83.68093081207391
61.50290090207068,83.67249832793199
61.552900902070675,83.6641148416422
61.60290090207067,83.65577997298125
61.652900902070684,83.64749334541902
61.70290090207068,83.63925458607545
61.75290090207068,83.63106332567801
61.802900902070675,83.62291919851978
61.85290090207069,83.61482184241812
61.902900902070684,83.60677089867386
61.95290090207068,83.59876601203104
62.00290090207068,83.59080683063716
62.05290090207069,83.58289300600416
62.10290090207069,83.5750241929696
62.152900902070684,83.56720004965861
62.20290090207068,83.55942023744632
62.25290090207069,83.55168442092067
62.30290090207069,83.54399226784585
62.35290090207069,83.53634344912614
62.402900902070684,83.52873763877022
62.452900902070695,83.52117451385612
62.50290090207069,83.51365375449637
62.55290090207069,83.50617504380381
62.60290090207069,83.49873806785777
62.6529009020707,83.49134251567074
62.702900902070695,83.48398807915541
62.75290090207069,83.47667445309222
62.80290090207069,83.46940133509727
62.8529009020707,83.46216842559068
62.9029009020707,83.45497542776536
62.952900902070695,83.44782204755617
63.00290090207069,83.44070799360955
63.052900902070704,83.4336329772534
63.1029009020707,83.42659671246749
63.1529009020707,83.4195989158542
63.202900902070695,83.4126393066096
63.25290090207071,83.405717606495
63.302900902070704,83.39883353980873
63.3529009020707,83.39198683335843
63.4029009020707,83.3851772164335
63.45290090207071,83.3784044207782
63.50290090207071,83.37166818056471
63.552900902070704,83.36496823236689
63.6029009020707,83.35830431513416
63.65290090207071,83.35167617016576
63.70290090207071,83.34508354108534
63.75290090207071,83.33852617381595
63.802900902070704,83.33200381655514
63.852900902070715,83.32551621975063
63.90290090207071,83.31906313607607
63.95290090207071,83.31264432040726
64.0029009020707,83.30625952979854
64.05290090207072,83.29990852345956
64.10290090207072,83.29359106273238
64.15290090207071,83.28730691106864
64.20290090207071,83.28105583400732
64.25290090207072,83.27483759915249
64.30290090207072,83.26865197615157
64.35290090207072,83.26249873667369
64.40290090207071,83.2563776543884
64.45290090207072,83.25028850494459
64.50290090207072,83.24423106594976
64.55290090207072,83.23820511694942
64.60290090207072,83.23221043940686
64.65290090207073,83.22624681668306
64.70290090207072,83.22031403401697
64.75290090207072,83.21441187850587
64.80290090207072,83.20854013908615
64.85290090207073,83.20269860651416
64.90290090207073,83.1968870733474
64.95290090207072,83.19110533392586
65.00290090207072,83.18535318435367
65.05290090207073,83.17963042248093
65.10290090207073,83.1739368478857
65.15290090207073,83.16827226185632
65.20290090207072,83.16263646737383
65.25290090207073,83.1570292690947
65.30290090207073,83.15145047333372
65.35290090207073,83.14589988804703
65.40290090207073,83.14037732281547
65.45290090207074,83.13488258882809
65.50290090207073,83.12941549886578
65.55290090207073,83.12397586728521
65.60290090207073,83.11856351000284
65.65290090207074,83.11317824447926
65.70290090207074,83.10781988970353
65.75290090207073,83.10248826617796
65.80290090207073,83.09718319590274
65.85290090207074,83.09190450236109
65.90290090207074,83.0866520105043
65.95290090207074,83.08142554673714
66.00290090207073,83.07622493890335
66.05290090207075,83.0710500162713
66.10290090207074,83.06590060951986
66.15290090207074,83.06077655072436
66.20290090207074,83.0556776733428
66.25290090207075,83.0506038122022
66.30290090207075,83.045554803485
66.35290090207074,83.0405304847158
66.40290090207074,83.03553069474809
66.45290090207075,83.03055527375122
66.50290090207075,83.0256040631975
66.55290090207075,83.02067690584944
66.60290090207074,83.01577364574715
66.65290090207075,83.01089412819583
66.70290090207075,83.00603819975355
66.75290090207075,83.00120570821893
66.80290090207075,82.99639650261922
66.85290090207076,82.99161043319828
66.90290090207075,82.9868473514049
66.95290090207075,82.98210710988111
67.00290090207075,82.97738956245068
67.05290090207076,82.97269456410775
67.10290090207076,82.96802197100554
67.15290090207075,82.96337164044529
67.20290090207075,82.95874343086517
67.25290090207076,82.95413720182952
67.30290090207076,82.94955281401798
67.35290090207076,82.94499012921491
67.40290090207075,82.94044901029886
67.45290090207077,82.93592932123218
67.50290090207076,82.9314309270507
67.55290090207076,82.92695369385362
67.60290090207076,82.92249748879338
67.65290090207077,82.91806218006576
67.70290090207077,82.91364763690002
67.75290090207076,82.90925372954918
67.80290090207076,82.90488032928036
67.85290090207077,82.90052730836534
67.90290090207077,82.89619454007108
67.95290090207077,82.89188189865042
68.00290090207076,82.8875892593329
68.05290090207077,82.8833164983156
68.10290090207077,82.87906349275418
68.15290090207077,82.87483012075396
68.20290090207077,82.87061626136108
68.25290090207078,82.8664217945538
68.30290090207077,82.86224660123386
68.35290090207077,82.85809056321798
68.40290090207077,82.85395356322941
68.45290090207078,82.84983548488951
68.50290090207078,82.8457362127096
68.55290090207077,82.84165563208273
68.60290090207077,82.83759362927563
68.65290090207078,82.83355009142063
68.70290090207078,82.82952490650787
68.75290090207078,82.82551796337741
68.80290090207077,82.82152915171146
68.85290090207079,82.8175583620268
68.90290090207078,82.81360548566724
68.95290090207078,82.8096704147961
69.00290090207078,82.80575304238903
69.05290090207079,82.80185326222694
69.10290090207079,82.79797096888939
69.15290090207078,82.79410605774878
69.20290090207078,82.79025842496604
69.25290090207079,82.78642796748926
69.30290090207079,82.78261458305812
69.35290090207079,82.77881817021957
69.40290090207078,82.77503862836531
69.4529009020708,82.77127585781118
69.50290090207079,82.76752975995542
69.55290090207079,82.76380023758554
69.60290090207079,82.76008719545959
69.6529009020708,82.75639054139077
69.7029009020708,82.75271018824249
69.75290090207079,82.74904605755243
69.80290090207079,82.74539808603632
69.8529009020708,82.74176623712155
69.9029009020708,82.73815052116224
69.9529009020708,82.7345510304551
70.00290090207079,82.7309679991839
70.0529009020708,82.72740190483154
70.1029009020708,82.72385363771467
70.1529009020708,82.72032478102274
70.2029009020708,82.71681806782787
70.2529009020708,82.71333811785743
70.3029009020708,82.709892610741
70.3529009020708,82.70649413118126
70.4029009020708,82.70316303452977
70.45290090207081,82.6999318406447
70.5029009020708,82.69685188451126
70.5529009020708,82.69400325140901
70.6029009020708,82.69150942193268
70.65290090207081,82.68955856808778
70.70290090207081,82.68843409440659
70.7529009020708,82.6885578204942
70.8029009020708,82.69055015573159
70.85290090207081,82.69531270729578
70.90290090207081,82.70413994692812
70.95290090207081,82.71886776126802
71.0029009020708,82.74206779965392
71.05290090207082,82.77729733081081
71.10290090207081,82.82941458273876
71.15290090207081,82.90496896345697
71.20290090207081,83.01267378615655
71.25290090207082,83.16396576108261
71.30290090207082,83.37365018274757
71.35290090207081,83.66062310667299
71.40290090207081,84.04865167277602
71.45290090207082,84.56718109913032
71.50290090207082,85.25212204314458
71.55290090207082,86.14655569055077
71.60290090207081,87.30127721398107
71.65290090207083,88.77508274274986
71.70290090207082,90.63469274919422
71.75290090207082,92.95419817647768
71.80290090207082,95.81391726552732
71.85290090207083,99.29856334311913
71.90290090207083,103.49464883086969
71.95290090207082,108.48708962789279
72.00290090207082,114.35502680145476
72.05290090207083,121.16694763730831
72.10290090207083,128.975262230195
72.15290090207083,137.81056979076558
72.20290090207082,147.675923920578
72.25290090207083,158.54147026789707
72.30290090207083,170.3398747122436
72.35290090207083,182.96297741078644
72.40290090207083,196.2600909714639
72.45290090207084,210.03830546270865
72.50290090207083,224.06506808014808
72.55290090207083,238.07317424539622
72.60290090207083,251.7681471430691
72.65290090207084,264.8378056227842
72.70290090207084,276.96364058826634
72.75290090207083,287.83345392537507
72.80290090207083,297.1545783443404
72.85290090207084,304.66690622839167
72.90290090207084,310.1549222091032
72.95290090207084,313.4579642313058
73.00290090207083,314.47803178717567
73.05290090207085,313.1846118538242
73.10290090207084,309.6161909263372
73.15290090207084,303.87834859550964
73.20290090207084,296.1385644408975
73.25290090207085,286.6180946596421
73.30290090207085,275.5814681537139
73.35290090207084,263.3242974350849
73.40290090207084,250.16018639663685
73.45290090207085,236.40753953577803
73.50290090207085,222.37703680156204
73.55290090207085,208.36044201306913
73.60290090207084,194.6212727758633
73.65290090207085,181.38769129214222
73.70290090207085,168.8477951496947
73.75290090207085,157.1473114063618
73.80290090207085,146.38954033633553
73.85290090207086,136.63726805407407
73.90290090207085,127.91627682412374
73.95290090207085,120.22003089094349
74.00290090207085,113.51510284269423
74.05290090207086,107.74692628524217
74.10290090207086,102.845508025106
74.15290090207085,98.73079882156131
74.20290090207085,95.31749757474232
74.25290090207086,92.51914168319125
74.30290090207086,90.25140961730233
74.35290090207086,88.43462557647318
74.40290090207085,86.99550731540593
74.45290090207087,85.86823547954448
74.50290090207086,84.99494623367337
74.55290090207086,84.32575991837994
74.60290090207086,83.81845901808356
74.65290090207087,83.43792135751892
74.70290090207087,83.15540171121735
74.75290090207086,82.94773927197409
74.80290090207086,82.79655167693682
74.85290090207087,82.68746007955835
74.90290090207087,82.60937515636907
