14.942990926165978,0.0007562151609101502
14.952990926165977,0.0009122843030547694
14.962990926165977,0.0010993411265047633
14.972990926165977,0.0013232813715835744
14.982990926165977,0.0015910703142074294
14.992990926165977,0.0019109265633770302
15.002990926165976,0.002292535517235247
15.012990926165976,0.002747296915319832
15.022990926165976,0.003288611528376563
15.032990926165976,0.003932212703007755
15.042990926165976,0.004696549233560768
15.052990926165975,0.005603226875498245
15.062990926165975,0.006677516750954255
15.072990926165975,0.007948939936595931
15.082990926165975,0.009451938674983035
15.092990926165974,0.011226645922387786
15.102990926165974,0.01331976634782655
15.112990926165974,0.015785583439390342
15.122990926165974,0.018687109064495906
15.132990926165974,0.022097393680080825
15.142990926165973,0.026101017406595747
15.152990926165973,0.030795784375203576
15.162990926165973,0.03629464513976176
15.172990926165973,0.04272787452218443
15.182990926165973,0.05024553503906388
15.192990926165972,0.05902025904527902
15.202990926165972,0.06925038593164715
15.212990926165972,0.08116349413172189
15.222990926165972,0.09502037132877726
15.232990926165972,0.11111947010662986
15.242990926165971,0.12980190035318145
15.252990926165971,0.15145701399611558
15.26299092616597,0.17652864211500918
15.27299092616597,0.20552204911800134
15.28299092616597,0.23901167347410848
15.29299092616597,0.27764972942905
15.30299092616597,0.3221757491720218
15.31299092616597,0.37342715002579374
15.32299092616597,0.4323509163584928
15.33299092616597,0.5000164910106566
15.34299092616597,0.577629976035789
15.352990926165969,0.6665497473984852
15.362990926165969,0.7683035928838113
15.372990926165969,0.8846074867586523
15.382990926165968,1.0173861185936095
15.392990926165968,1.168795296996727
15.402990926165968,1.3412463517113453
15.412990926165968,1.5374326594635643
15.422990926165967,1.7603584199733864
15.432990926165967,2.0133698085220506
15.442990926165967,2.3001886302404833
15.452990926165967,2.624948598686973
15.462990926165967,2.992234357143989
15.472990926165966,3.4071233552069793
15.482990926165966,3.875230685478452
15.492990926165966,4.402756975332014
15.502990926165966,4.996539416585224
15.512990926165966,5.6641060013289675
15.522990926165965,6.413733014920792
15.532990926165965,7.254505817081254
15.542990926165965,8.19638291896701
15.552990926165965,9.250263337875202
15.562990926165964,10.428057181720888
15.572990926165964,11.74275938250213
15.582990926165964,13.208526461531887
15.592990926165964,14.840756169203924
15.602990926165964,16.65616979844131
15.612990926165963,18.672896923753832
15.622990926165963,20.910562267055504
15.632990926165963,23.390374337162044
15.642990926165963,26.135215432348033
15.652990926165963,29.16973253470374
15.662990926165962,32.52042856155837
15.672990926165962,36.21575337326299
15.682990926165962,40.28619386855584
15.692990926165962,44.76436242903712
15.702990926165961,49.68508290350992
15.712990926165961,55.085473251718106
15.722990926165961,61.0050238960352
15.73299092616596,67.4856707596988
15.74299092616596,74.57186190210018
15.75299092616596,82.31061659633916
15.76299092616596,90.7515756327375
15.77299092616596,99.94704157531123
15.78299092616596,109.95200764744524
15.79299092616596,120.82417387933745
15.80299092616596,132.62394911437727
15.81299092616596,145.4144374457077
15.822990926165959,159.26140763901378
15.832990926165959,174.233244094311
15.842990926165958,190.400877909381
15.852990926165958,207.83769663168766
15.862990926165958,226.6194313252212
15.872990926165958,246.82401963481198
15.882990926165958,268.53144360397454
15.892990926165957,291.82354109412574
15.902990926165957,316.783789763774
15.912990926165957,343.49706269654615
15.922990926165957,372.0493549170666
15.932990926165957,402.52748020391516
15.942990926165956,435.01873779910767
15.952990926165956,469.6105488234938
15.962990926165956,506.3900624366131
15.972990926165956,545.4437320271074
15.982990926165956,586.8568619846586
15.992990926165955,630.7131258852602
16.002990926165957,677.094057216803
16.012990926165955,726.0785140793919
16.022990926165953,777.7421196126776
16.032990926165954,832.1566802273268
16.042990926165956,889.3895840481185
16.052990926165954,949.5031823078724
16.062990926165952,1012.554156761458
16.072990926165954,1078.5928765141862
16.082990926165955,1147.662747975307
16.092990926165953,1219.7995619509966
16.10299092616595,1295.0308421779607
16.112990926165953,1373.3751998650075
16.122990926165954,1454.8416990516137
16.132990926165952,1539.429237805152
16.14299092616595,1627.125950458046
16.152990926165952,1717.9086362292137
16.162990926165953,1811.7422196771743
16.17299092616595,1908.579248491272
16.18299092616595,2008.3594341393307
16.19299092616595,2111.0092408525447
16.202990926165953,2216.441528339118
16.21299092616595,2324.55525347483
16.22299092616595,2435.2352360196905
16.23299092616595,2548.351993155062
16.24299092616595,2663.761647324811
16.25299092616595,2781.3059114970783
16.262990926165948,2900.8121555410466
16.27299092616595,3022.0935569380763
16.28299092616595,3144.949338521193
16.29299092616595,3269.1650953636154
16.302990926165947,3394.513212319511
16.31299092616595,3520.7533730635923
16.32299092616595,3647.6331607856177
16.332990926165948,3774.8887499763027
16.342990926165946,3902.2456879987462
16.352990926165948,4029.4197643816274
16.36299092616595,4156.1179650043605
16.372990926165947,4282.039507576724
16.382990926165945,4406.87695405409
16.392990926165947,4530.317394882843
16.40299092616595,4652.043699246983
16.412990926165946,4771.7358247935335
16.422990926165944,4889.072179659158
16.432990926165946,5003.731029011826
16.442990926165947,5115.39193776684
16.452990926165945,5223.737240642275
16.462990926165944,5328.453530291601
16.472990926165945,5429.233153897484
16.482990926165947,5525.77570833563
16.492990926165945,5617.789523825001
16.502990926165943,5704.993125874394
16.512990926165944,5787.116665318715
16.522990926165946,5863.903306312921
16.532990926165944,5935.110562317793
16.542990926165942,6000.511570369473
16.552990926165943,6059.896294273184
16.562990926165945,6113.072647798512
16.572990926165943,6159.867529475175
16.58299092616594,6200.127761190456
16.592990926165943,6233.720923467411
16.602990926165944,6260.536081050408
16.612990926165942,6280.48439323432
16.62299092616594,6293.499604238189
16.63299092616594,6299.5384098354
16.642990926165943,6299.369159365164
16.65299092616594,6295.833681390381
16.66299092616594,6289.193646054287
16.67299092616594,6279.458880627686
16.682990926165942,6266.643780077177
16.69299092616594,6250.767271594209
16.70299092616594,6231.852768012174
16.71299092616594,6209.928110272067
16.72299092616594,6185.025499134585
16.73299092616594,6157.181416373105
16.742990926165938,6126.436535717494
16.75299092616594,6092.8356238531105
16.76299092616594,6056.427431812249
16.77299092616594,6017.264577126744
16.782990926165937,5975.403417140484
16.79299092616594,5930.903913908734
16.80299092616594,5883.8294911374205
16.812990926165938,5834.246883639849
16.822990926165936,5782.2259798107625
16.832990926165937,5727.839657637869
16.84299092616594,5671.163614788819
16.852990926165937,5612.276193327282
16.862990926165935,5551.258199625334
16.872990926165937,5488.19272005043
16.882990926165938,5423.164933013739
16.892990926165936,5356.261917972862
16.902990926165934,5287.572461985997
16.912990926165936,5217.186864416118
16.922990926165937,5145.196740382693
16.932990926165935,5071.694823555183
16.942990926165933,4996.774768877284
16.952990926165935,4920.53095580317
16.962990926165936,4843.058292616818
16.972990926165934,4764.452022393521
16.982990926165932,4684.807531148858
16.992990926165934,4604.220158704471
17.002990926165936,4522.785012781992
17.012990926165934,4440.59678681698
17.02299092616593,4357.749581963878
17.032990926165933,4274.336733740425
17.042990926165935,4190.450643735823
17.052990926165933,4106.182616781807
17.06299092616593,4021.6227039597525
17.072990926165932,3936.859551789773
17.082990926165934,3851.9802579195184
17.092990926165932,3767.0702336016693
17.10299092616593,3682.2130732201517
17.11299092616593,3597.4904310954594
17.122990926165933,3512.9819057693458
17.13299092616593,3428.764931939118
17.14299092616593,3344.9146801820334
17.15299092616593,3261.5039645803968
17.162990926165932,3178.6031583281724
17.17299092616593,3096.280117370684
17.182990926165928,3014.600112100564
17.19299092616593,2933.6257671050416
17.20299092616593,2853.4170089320764
17.21299092616593,2774.0310218163886
17.222990926165927,2695.522211281084
17.23299092616593,2617.9421755060116
17.24299092616593,2541.3396843303244
17.25299092616593,2465.760665734428
17.262990926165926,2391.2481996256565
17.272990926165928,2317.842518732272
17.28299092616593,2245.581016391708
17.292990926165928,2174.49826100196
17.302990926165926,2104.6260168896047
17.312990926165927,2035.9932713337105
17.32299092616593,1968.6262674719742
17.332990926165927,1902.548542804145
17.342990926165925,1837.7809729982005
17.352990926165926,1774.3418206963788
17.362990926165928,1712.2467890110936
17.372990926165926,1651.5090793953204
17.382990926165924,1592.139453568176
17.392990926165925,1534.1462991737405
17.402990926165927,1477.5356988496528
17.412990926165925,1422.3115023820249
17.422990926165923,1368.4754016246013
17.432990926165925,1316.0270078625178
17.442990926165926,1264.9639313044306
17.452990926165924,1215.281862391483
17.462990926165922,1166.974654617429
17.472990926165924,1120.0344085608897
17.482990926165925,1074.4515568381287
17.492990926165923,1030.214949693173
17.50299092616592,987.3119409513713
17.512990926165923,945.7284740723499
17.522990926165924,905.4491680486352
17.532990926165922,866.4574029072862
17.54299092616592,828.7354045834709
17.552990926165922,792.2643289468351
17.562990926165924,757.0243447736334
17.57299092616592,722.9947154701457
17.58299092616592,690.1538793657153
17.59299092616592,658.4795284066188
17.602990926165923,627.9486850948088
17.61299092616592,598.5377775285732
17.62299092616592,570.2227124151516
17.63299092616592,542.9789459382006
17.642990926165922,516.7815523755894
17.65299092616592,491.60529037553493
17.662990926165918,467.42466681142633
17.67299092616592,444.21399814766346
17.68299092616592,421.9474692604349
17.69299092616592,400.5991896686891
17.702990926165917,380.1432471415478
17.71299092616592,360.5537586589302
17.72299092616592,341.8049187121669
17.732990926165918,323.87104494102533
17.742990926165916,306.7266211127656
17.752990926165918,290.3463374574918
17.76299092616592,274.7051283821628
17.772990926165917,259.7782075932628
17.782990926165915,245.54110066530822
17.792990926165917,231.96967509894012
17.80299092616592,219.04016791838555
17.812990926165917,206.7292108636273
17.822990926165915,195.01385323769006
17.832990926165916,183.87158247397358
17.842990926165918,173.2803424925418
17.852990926165916,163.218549917821
17.862990926165914,153.66510823324336
17.872990926165915,144.59941995095613
17.882990926165917,136.0013968768285
17.892990926165915,127.8514685527031
17.902990926165913,120.13058895916173
17.912990926165914,112.82024156296735
17.922990926165916,105.90244279384781
17.932990926165914,99.35974403545728
17.942990926165912,93.17523221521013
17.952990926165914,87.33252907719229
17.962990926165915,81.81578922156837
17.972990926165913,76.60969699285921
17.98299092616591,71.69946229818918
17.992990926165913,67.07081543507405
18.002990926165914,62.71000100657605
18.012990926165912,58.60377099973617
18.02299092616591,54.73937710112292
18.032990926165912,51.10456232110044
18.042990926165913,47.687551996045805
18.05299092616591,44.47704423527755
18.06299092616591,41.462199876906254
18.07299092616591,38.63263201417571
18.082990926165913,35.97839515116037
18.09299092616591,33.48997404394619
18.10299092616591,31.15827228066383
18.11299092616591,28.974600650957733
18.12299092616591,26.93066535268498
18.13299092616591,25.018556080865867
18.142990926165908,23.230734041161657
18.15299092616591,21.560019927435018
18.16299092616591,19.999581900262715
18.17299092616591,18.542923600643984
18.182990926165907,17.183872230580292
18.19299092616591,15.916566729694278
18.20299092616591,14.73544607461513
18.212990926165908,13.63523772549741
18.222990926165906,12.610946241763616
18.232990926165908,11.657842086963896
18.24299092616591,10.771450640533663
18.252990926165907,9.947541432211903
18.262990926165905,9.182117612958352
18.272990926165907,8.471405674372663
18.28299092616591,7.811845426875968
18.292990926165906,7.200080245269673
18.302990926165904,6.632947588735907
18.312990926165906,6.107469800884722
18.322990926165907,5.620845194084549
18.332990926165905,5.1704394210371305
18.342990926165903,4.753777135373333
18.352990926165905,4.368533941946292
18.362990926165907,4.012528636482931
18.372990926165905,3.68371573332349
18.382990926165903,3.3801782791278288
18.392990926165904,3.1001209496522733
18.402990926165906,2.841863425998968
18.412990926165904,2.6038340461102623
18.4229909261659,2.3845637267196444
18.432990926165903,2.1826801504732285
18.442990926165905,1.9969022124993696
18.452990926165903,1.8260347203263854
18.4629909261659,1.6689633407261901
18.472990926165902,1.5246497867901778
18.482990926165904,1.3921272383202976
18.492990926165902,1.2704959884407068
18.5029909261659,1.1589193092002166
18.5129909261659,1.0566195288389229
18.522990926165903,0.9628743133315407
18.5329909261659,0.8770131447926254
18.5429909261659,0.7984139893321379
18.5529909261659,0.7265001469803537
18.562990926165902,0.6607372763566249
18.5729909261659,0.6006305868349803
18.5829909261659,0.5457221910584412
18.5929909261659,0.49558861077060484
18.6029909261659,0.4498384290654589
18.6129909261659,0.4081100823030965
18.622990926165897,0.37006978509766647
18.6329909261659,0.3354095819526992
18.6429909261659,0.30384551929628134
18.6529909261659,0.2751159318530526
18.662990926165897,0.24897983748019203
18.672990926165898,0.2252154347889249
18.6829909261659,0.20361869807039515
18.692990926165898,0.18400206424420196
18.702990926165896,0.1661932067481984
18.712990926165897,0.15003389148842844
18.7229909261659,0.13537891016738685
18.732990926165897,0.12209508650659345
18.742990926165895,0.11006035107497415
18.752990926165896,0.0991628806270822
18.762990926165898,0.08930029804428552
18.772990926165896,0.08037892915727603
18.782990926165894,0.07231311290922261
18.792990926165896,0.06502456149517687
18.802990926165897,0.05844176728468036
18.812990926165895,0.05249945350077374
18.822990926165893,0.04713806578950386
18.832990926165895,0.04230330196944548
18.842990926165896,0.03794567740055698
18.852990926165894,0.034020123555899846
18.862990926165892,0.030485617518268844
18.872990926165894,0.02730484025661779
18.882990926165895,0.02444386166432792
18.892990926165893,0.021871850462954
18.90299092616589,0.01956080719112292
18.912990926165893,0.017485318608852017
18.922990926165895,0.015622331952791236
18.932990926165893,0.013950947577918947
18.94299092616589,0.012452228616153357
18.952990926165892,0.011109026372311622
18.962990926165894,0.009905820263010953
18.972990926165892,0.008828571184624089
18.98299092616589,0.007864587272431145
18.99299092616589,0.007002401084808944
19.002990926165893,0.006231657313835636
19.01299092616589,0.00554301018723931
19.02299092616589,0.004928029786346912
19.03299092616589,0.004379116560758725
19.042990926165892,0.003889423373052561
19.05299092616589,0.003452784456077988
19.062990926165888,0.0030636507114951833
19.07299092616589,0.0027170308212994335
19.08299092616589,0.0024084376843084517
19.09299092616589,0.0021338397271283165
19.102990926165887,0.0018896166740994594
19.11299092616589,0.001672519393297569
19.12299092616589,0.0014796334659628158
19.13299092616589,0.001308346154888172
19.142990926165886,0.0011563164734398976
19.152990926165888,0.001021448081130712
19.16299092616589,0.0009018647541365193
19.172990926165888,0.000795888199952585
19.182990926165886,0.0007020180046307094
19.192990926165887,0.0006189135188255295
19.20299092616589,0.0005453775053021804
19.212990926165887,0.0004803413857107947
19.222990926165885,0.0004228519384017641
19.232990926165886,0.00037205931192064155
19.242990926165888,0.0003272062306602813
19.252990926165886,0.00028761828003343715
19.262990926165884,0.0002526951685297653
19.272990926165885,0.00022190287320125293
19.282990926165887,0.000194766583539844
19.292990926165885,0.00017086436642769245
19.302990926165883,0.00014982148190671745
19.312990926165885,0.00013130528597957766
19.322990926165886,0.00011502066256531333
19.332990926165884,0.0001007059321330478
19.342990926165882,8.812918946661229e-05
19.352990926165884,7.708502750919127e-05
19.362990926165885,6.739160833500281e-05
19.372990926165883,5.888804602720252e-05
19.38299092616588,5.143206963756034e-05
19.392990926165883,4.48979374919271e-05
19.402990926165884,3.917457691182111e-05
19.412990926165882,3.416392597061577e-05
19.42299092616588,2.9779456214746167e-05
19.432990926165882,2.5944857376433255e-05
19.442990926165884,2.2592867003394947e-05
19.45299092616588,1.9664229650196893e-05
19.46299092616588,1.7106771831153754e-05
19.47299092616588,1.4874580340631628e-05
19.482990926165883,1.2927272816644404e-05
19.49299092616588,1.1229350570117427e-05
19.50299092616588,9.749624736381452e-06
19.51299092616588,8.460707737688804e-06
19.522990926165882,7.3385628852716675e-06
19.53299092616588,6.362105705348643e-06
19.542990926165878,5.5128512534184574e-06
19.55299092616588,4.7746022923584654e-06
19.56299092616588,4.133173758844809e-06
19.57299092616588,3.576149435421986e-06
19.582990926165877,3.092667187613365e-06
19.59299092616588,2.673229521732765e-06
19.60299092616588,2.309536574033497e-06
19.612990926165878,1.9943389596042543e-06
19.622990926165876,1.7213081936954207e-06
19.632990926165878,1.4849226522930173e-06
19.64299092616588,1.2803672657935883e-06
19.652990926165877,1.103445342327375e-06
19.662990926165875,9.505010981168129e-07
19.672990926165877,8.183516334903482e-07
19.68299092616588,7.042272368292409e-07
19.692990926165876,6.05719026638499e-07
19.702990926165874,5.207330557532095e-07
19.712990926165876,4.4745010290300674e-07
19.722990926165878,3.842904667988007e-07
19.732990926165876,3.2988315778021947e-07
19.742990926165874,2.830389529497852e-07
19.752990926165875,2.427268435904826e-07
19.762990926165877,2.0805345938789317e-07
19.772990926165875,1.7824510333700897e-07
19.782990926165873,1.5263207490603098e-07
19.792990926165874,1.3063499768045166e-07
19.802990926165876,1.1175290188036408e-07
19.812990926165874,9.555284233262909e-08
19.822990926165872,8.166085913399616e-08
19.832990926165873,6.975411176018135e-08
19.842990926165875,5.955403811501775e-08
19.852990926165873,5.082040829016617e-08
19.86299092616587,4.33461589017338e-08
19.872990926165873,3.6952908036659504e-08
19.882990926165874,3.148706330236316e-08
19.892990926165872,2.6816446426484136e-08
19.90299092616587,2.282736747585187e-08
19.91299092616587,1.942209021156681e-08
19.922990926165873,1.6516637508998068e-08
19.93299092616587,1.4038892270617796e-08
19.94299092616587,1.1926954954748453e-08
19.95299092616587,1.0127723830860326e-08
19.962990926165872,8.595668437236442e-09
19.97299092616587,7.291770534949114e-09
19.98299092616587,6.182610189664292e-09
19.99299092616587,5.239577528482802e-09
20.00299092616587,4.438193264623227e-09
20.01299092616587,3.757523303863599e-09
20.022990926165868,3.179674683471407e-09
20.03299092616587,2.689361782214095e-09
20.04299092616587,2.273533210066581e-09
20.05299092616587,1.9210510657562803e-09
20.062990926165867,1.6224153633207075e-09
20.07299092616587,1.3695273964739664e-09
20.08299092616587,1.1554866502750281e-09
20.092990926165868,9.74416599576374e-10
20.102990926165866,8.213153671996629e-10
20.112990926165867,6.919277641682542e-10
20.12299092616587,5.826357104992665e-10
20.132990926165867,4.903644475306467e-10
20.142990926165865,4.1250230983854455e-10
20.152990926165867,3.468321337408658e-10
20.162990926165868,2.914726465154834e-10
20.172990926165866,2.448284113063848e-10
20.182990926165864,2.0554710205906015e-10
20.192990926165866,1.7248305490686574e-10
20.202990926165867,1.4466619087027782e-10
20.212990926165865,1.212755327027562e-10
20.222990926165863,1.0161664897759891e-10
20.232990926165865,8.510245345456936e-11
20.242990926165866,7.123686947280618e-11
20.252990926165864,5.960093939163375e-11
20.262990926165863,4.984101950751392e-11
20.272990926165864,4.1658752768735415e-11
20.282990926165866,3.480255616324359e-11
20.292990926165864,2.9060397885053626e-11
20.30299092616586,2.4253672169256983e-11
20.312990926165863,2.0232007783972022e-11
20.322990926165865,1.6868870235524014e-11
20.332990926165863,1.4057838346808316e-11
20.34299092616586,1.1709453496546665e-11
20.352990926165862,9.74855488005715e-12
20.362990926165864,8.1120270330184e-12
20.372990926165862,6.746896860963076e-12
20.38299092616586,5.608726807696256e-12
20.39299092616586,4.660258806718046e-12
20.402990926165863,3.870270489772422e-12
20.41299092616586,3.212610946551095e-12
20.42299092616586,2.6653882858899826e-12
20.43299092616586,2.2102854672143564e-12
20.442990926165862,1.8319844593174818e-12
20.45299092616586,1.517681834156321e-12
20.46299092616586,1.2566814953110527e-12
20.47299092616586,1.0400524417697017e-12
20.48299092616586,8.603413356645063e-13
20.49299092616586,7.113312269930042e-13
20.502990926165857,5.878391314796129e-13
20.51299092616586,4.855462956667021e-13
20.52299092616586,4.008559468650815e-13
20.53299092616586,3.3077414100510437e-13
20.542990926165857,2.7281001109050063e-13
20.552990926165858,2.2489230192814494e-13
20.56299092616586,1.8529956931405984e-13
20.572990926165858,1.526018377006019e-13
20.582990926165856,1.2561186128623644e-13
20.592990926165857,1.0334442942699971e-13
20.60299092616586,8.498240673402471e-14
20.612990926165857,6.984840837926838e-14
20.622990926165855,5.738118807507785e-14
20.632990926165856,4.711596508785947e-14
20.642990926165858,3.866804186737067e-14
20.652990926165856,3.1719169125843195e-14
20.662990926165854,2.6006203619616345e-14
20.672990926165856,2.1311678120976878e-14
20.682990926165857,1.7455965359589416e-14
20.692990926165855,1.4290769953520932e-14
20.702990926165853,1.1693726136554823e-14
20.712990926165855,9.563915768745546e-15
20.722990926165856,7.81815182714829e-15
20.732990926165854,6.387898270734076e-15
20.742990926165852,5.216718663912328e-15
20.752990926165854,4.258163905422371e-15
20.762990926165855,3.4740244144428303e-15
20.772990926165853,2.8328846534910857e-15
20.78299092616585,2.3089283212217366e-15
20.792990926165853,1.8809512661392864e-15
20.802990926165855,1.5315464386435735e-15
20.812990926165853,1.2464312520306861e-15
20.82299092616585,1.013892762827598e-15
20.832990926165852,8.243302744879699e-16
20.842990926165854,6.698784561347561e-16
20.85299092616585,5.440969669447003e-16
20.86299092616585,4.417149849824168e-16
20.87299092616585,3.584210387563419e-16
20.882990926165853,2.906901989461239e-16
20.89299092616585,2.3564206379194077e-16
20.90299092616585,1.909241122269235e-16
20.91299092616585,1.5461594373871108e-16
20.922990926165852,1.2515070630624772e-16
20.93299092616585,1.0125066117743929e-16
20.942990926165848,8.18743687110118e-17
20.95299092616585,6.617342211994723e-17
20.96299092616585,5.345702162104792e-17
20.97299092616585,4.3162983426396617e-17
20.982990926165847,3.4834027179691244e-17
20.99299092616585,2.8098390951366495e-17
21.00299092616585,2.2653992316996455e-17
21.01299092616585,1.8255493618492762e-17
21.022990926165846,1.470374443843839e-17
21.032990926165848,1.1837168903927342e-17
21.04299092616585,9.524743236273944e-18
21.052990926165847,7.660272920878607e-18
21.062990926165845,6.15773142136206e-18
21.072990926165847,4.947465515027077e-18
21.08299092616585,3.973107743747369e-18
21.092990926165847,3.189065526435118e-18
21.102990926165845,2.558480297175759e-18
21.112990926165846,2.051569549264533e-18
21.122990926165848,1.6442806479785448e-18
21.132990926165846,1.3171983566061409e-18
21.142990926165844,1.054658721727231e-18
21.152990926165845,8.440307133045838e-19
21.162990926165847,6.751341649341178e-19
21.172990926165845,5.397683989412375e-19
21.182990926165843,4.3133068748979013e-19
21.192990926165844,3.445075894932521e-19
21.202990926165846,2.750253738375974e-19
21.212990926165844,2.1944832337676676e-19
21.222990926165842,1.7501581878740878e-19
21.232990926165844,1.3951081465536338e-19
21.242990926165845,1.1115371412325544e-19
21.252990926165843,8.851678195998204e-20
21.26299092616584,7.045515717355487e-20
21.272990926165843,5.605127462394867e-20
21.282990926165844,4.4570112632759525e-20
21.292990926165842,3.542317655470019e-20
21.30299092616584,2.8139528062331156e-20
21.312990926165842,2.2342493938153553e-20
21.322990926165843,1.773095067593797e-20
21.33299092616584,1.406429373651121e-20
21.34299092616584,1.1150372299292861e-20
21.35299092616584,8.835809459851564e-21
21.362990926165843,6.998240273310247e-21
21.37299092616584,5.540090893736749e-21
21.38299092616584,4.383595419931314e-21
21.39299092616584,3.466806263473668e-21
21.40299092616584,2.7404016109767695e-21
21.41299092616584,2.165132052624232e-21
21.422990926165838,1.7097794705159305e-21
21.43299092616584,1.3495262624163501e-21
21.44299092616584,1.064653084161314e-21
21.45299092616584,8.394994696179509e-22
21.462990926165837,6.616346926279838e-22
21.47299092616584,5.211966864593433e-22
21.48299092616584,4.1036523016788808e-22
21.492990926165838,3.2294234926355983e-22
21.502990926165836,2.5401828394555797e-22
21.512990926165838,1.9970571296120406e-22
21.52299092616584,1.5692839520809295e-22
21.532990926165837,1.2325317395704887e-22
21.542990926165835,9.675651639498833e-23
21.552990926165837,7.59185437835366e-23
21.56299092616584,5.953893311580833e-23
21.572990926165836,4.6670210621564615e-23
21.582990926165834,3.6564867758048535e-23
21.592990926165836,2.8633457136932e-23
21.602990926165837,2.2411405847552895e-23
21.612990926165836,1.753274624782712e-23
21.622990926165834,1.3709333072376365e-23
21.632990926165835,1.0714409528300187e-23
21.642990926165837,8.369619023561672e-24
21.652990926165835,6.534745391615887e-24
21.662990926165833,5.099612607046268e-24
21.672990926165834,3.977692757938314e-24
21.682990926165836,3.1010646241407928e-24
21.692990926165834,2.4164395344860238e-24
21.702990926165832,1.88203017266133e-24
21.712990926165833,1.4650848066940322e-24
21.722990926165835,1.1399465304772132e-24
21.732990926165833,8.865265186417616e-25
21.74299092616583,6.8910359376416065e-25
21.752990926165833,5.353808489948008e-25
21.762990926165834,4.157446630922594e-25
21.772990926165832,3.226829861572221e-25
21.78299092616583,2.5032889673963976e-25
21.79299092616583,1.9410263760214843e-25
21.802990926165833,1.5043102757069688e-25
21.81299092616583,1.1652763731302243e-25
21.82299092616583,9.022065863863658e-26
21.83299092616583,6.981818894626698e-26
21.842990926165832,5.40028522931419e-26
21.85299092616583,4.174941090847737e-26
21.86299092616583,3.226038445023346e-26
21.87299092616583,2.4915766886080154e-26
21.88299092616583,1.923377418245931e-26
21.89299092616583,1.4840218670620917e-26
21.902990926165828,1.1444626434987534e-26
21.91299092616583,8.82162263833574e-27
21.92299092616583,6.796430251885362e-27
21.93299092616583,5.233579024321839e-27
21.942990926165827,4.028118531339842e-27
21.95299092616583,3.0987834701083464e-27
21.96299092616583,2.382680185685996e-27
21.972990926165828,1.831157961151299e-27
21.982990926165826,1.4066025462687443e-27
21.992990926165827,1.0799471995987749e-27
22.00299092616583,8.287416765435678e-28
22.012990926165827,6.3565485759693e-28
22.022990926165825,4.873142310897181e-28
22.032990926165827,3.7340691139717598e-28
22.042990926165828,2.8598360959254347e-28
22.052990926165826,2.1892001453258414e-28
22.062990926165824,1.675001987943686e-28
22.072990926165826,1.2809456963211903e-28
22.082990926165827,9.791103570961126e-29
22.092990926165825,7.480284293767076e-29
22.102990926165823,5.71202496269774e-29
22.112990926165825,4.359609830255179e-29
22.122990926165826,3.325758297010813e-29
22.132990926165824,2.535824986780841e-29
22.142990926165822,1.932561859051383e-29
22.152990926165824,1.4720856015145347e-29
22.162990926165826,1.1207745464846264e-29
22.172990926165824,8.528820756253897e-30
22.18299092616582,6.487020178483028e-30
22.192990926165823,4.931590916830511e-30
22.202990926165825,3.747264707020263e-30
22.212990926165823,2.845949799090821e-30
22.22299092616582,2.1603575302685967e-30
22.232990926165822,1.6391155129536035e-30
22.242990926165824,1.2430225967028643e-30
22.252990926165822,9.421803022273141e-31
22.26299092616582,7.137967244300589e-31
22.27299092616582,5.4050611855683035e-31
22.282990926165823,4.090837345751375e-31
22.29299092616582,3.09463435887173e-31
22.30299092616582,2.339871500264908e-31
22.31299092616582,1.7683173414344212e-31
22.322990926165822,1.3357154142460325e-31
22.33299092616582,1.0084472899337565e-31
22.342990926165818,7.609883395173872e-32
22.35299092616582,5.739688651494708e-32
22.36299092616582,4.3269731568483967e-32
22.37299092616582,3.260360333586884e-32
22.382990926165817,2.455458136169698e-32
22.39299092616582,1.848353358940337e-32
22.40299092616582,1.3906665275986682e-32
22.41299092616582,1.0457949388819026e-32
22.422990926165816,7.860598306341441e-33
22.432990926165818,5.905412034531644e-33
22.44299092616582,4.4343537878436036e-33
22.452990926165818,3.3280972489131594e-33
22.462990926165816,2.496589905625883e-33
22.472990926165817,1.871905610112053e-33
22.48299092616582,1.4028337801791983e-33
22.492990926165817,1.0507853711158794e-33
22.502990926165815,7.866967470742987e-34
22.512990926165816,5.886894115062205e-34
22.522990926165818,4.403019694378109e-34
22.532990926165816,3.2915508233826088e-34
22.542990926165814,2.4594388897694296e-34
22.552990926165815,1.8367795707970856e-34
22.562990926165817,1.371082470520503e-34
22.572990926165815,1.022952928358492e-34
22.582990926165813,7.628396444509137e-35
22.592990926165815,5.68586303366901e-35
22.602990926165816,4.2358938286388637e-35
22.612990926165814,3.1541276967978315e-35
22.622990926165812,2.3474643824146562e-35
22.632990926165814,1.7462414174210336e-35
22.642990926165815,1.2983598925565094e-35
22.652990926165813,9.648758389821864e-36
22.66299092616581,7.166932355320935e-36
22.672990926165813,5.320846287294082e-36
22.682990926165814,3.9483319111658074e-36
22.692990926165812,2.9284116676016845e-36
22.70299092616581,2.1708815954661772e-36
22.712990926165812,1.6085170864613467e-36
22.722990926165814,1.1912440760535178e-36
22.73299092616581,8.81782271442933e-37
22.74299092616581,6.523903155430341e-37
22.75299092616581,4.824354153609289e-37
22.762990926165813,3.56579516207524e-37
22.77299092616581,2.6342630169297004e-37
22.78299092616581,1.945124534001815e-37
22.79299092616581,1.4355595815601428e-37
22.802990926165812,1.0589624638261165e-37
22.81299092616581,7.807741819877648e-38
22.822990926165808,5.753814485820489e-38
22.83299092616581,4.238105857814459e-38
22.84299092616581,3.120134234272138e-38
22.85299092616581,2.2959387113995137e-38
22.862990926165807,1.688623528786414e-38
22.87299092616581,1.2413404731912895e-38
22.88299092616581,9.120833511970962e-39
22.892990926165808,6.69828581318206e-39
22.902990926165806,4.916752584799036e-39
22.912990926165808,3.607269322069143e-39
22.92299092616581,2.645235336012502e-39
22.932990926165807,1.938811541237134e-39
22.942990926165805,1.4203403032234273e-39
22.952990926165807,1.0400033987872646e-39
22.96299092616581,7.611366599604226e-40
22.972990926165807,5.5677029328551834e-40
22.982990926165805,4.070755365425332e-40
22.992990926165806,2.974811736707959e-40
23.002990926165808,2.1728487781373034e-40
23.012990926165806,1.5862990043210516e-40
23.022990926165804,1.157513686141322e-40
23.032990926165805,8.442143914465203e-41
23.042990926165807,6.154104997130094e-41
23.052990926165805,4.483968834964353e-41
23.062990926165803,3.2654707867648705e-41
23.072990926165804,2.376919939586322e-41
23.082990926165806,1.7292940153243336e-41
23.092990926165804,1.2575019195857724e-41
23.102990926165802,9.139743514857207e-42
23.112990926165804,6.639645522025819e-42
23.122990926165805,4.821046415981921e-42
23.132990926165803,3.4988334135340045e-42
23.1429909261658,2.53799493752852e-42
23.152990926165803,1.840109939500238e-42
23.162990926165804,1.333467159910009e-42
23.172990926165802,9.658427216718351e-43
23.1829909261658,6.992235257304218e-43
23.192990926165802,5.05954177414114e-43
23.202990926165803,3.659248249005095e-43
23.2129909261658,2.6451974474688398e-43
23.2229909261658,1.911216340144979e-43
23.2329909261658,1.3802162562659612e-43
23.242990926165803,9.962537296759651e-44
23.2529909261658,7.187507583101542e-44
23.2629909261658,5.182892547852189e-44
23.2729909261658,3.7355248334087276e-44
23.2829909261658,2.6910178857152627e-44
23.2929909261658,1.9376131545988106e-44
23.302990926165798,1.3944504854815394e-44
23.3129909261658,1.0030547872078793e-44
23.3229909261658,7.211601920805068e-45
23.3329909261658,5.182321713470433e-45
23.342990926165797,3.7222241968238603e-45
23.3529909261658,2.672183139929798e-45
23.3629909261658,1.9174120156761386e-45
23.372990926165798,1.3751504120324152e-45
23.382990926165796,9.857584204916132e-46
23.392990926165798,7.062790455315696e-46
23.4029909261658,5.057870212003753e-46
23.412990926165797,3.620300113726568e-46
23.422990926165795,2.590043156609391e-46
23.432990926165797,1.852059610509347e-46
23.4429909261658,1.3236966038638951e-46
23.452990926165796,9.45600040239835e-47
23.462990926165794,6.751682993570468e-47
23.472990926165796,4.818392094205358e-47
23.482990926165797,3.436986020975267e-47
23.492990926165795,2.4504109670178405e-47
23.502990926165793,1.7461663825886066e-47
23.512990926165795,1.2437063502793535e-47
23.522990926165797,8.853920423364371e-48
23.532990926165795,6.299976224280313e-48
23.542990926165793,4.480512983652364e-48
23.552990926165794,3.184946220617632e-48
23.562990926165796,2.2628824818118428e-48
23.572990926165794,1.6069687481494993e-48
23.58299092616579,1.1406132042826123e-48
23.592990926165793,8.091981710926708e-49
23.602990926165795,5.737952170083329e-49
23.612990926165793,4.0667220321561615e-49
23.62299092616579,2.880829708377741e-49
23.632990926165792,2.039746605363074e-49
23.642990926165794,1.4435119537341915e-49
23.652990926165792,1.0210572275305363e-49
23.66299092616579,7.218805101745192e-50
23.67299092616579,5.101126376251145e-50
23.682990926165793,3.6029014488662785e-50
23.69299092616579,2.543455926276139e-50
23.70299092616579,1.7946575221280153e-50
23.71299092616579,1.2656816517919448e-50
23.722990926165792,8.921808940130057e-51
23.73299092616579,6.285891587990888e-51
23.74299092616579,4.426560333833053e-51
23.75299092616579,3.115669788260875e-51
23.76299092616579,2.191906334557978e-51
23.77299092616579,1.5412677600566795e-51
23.782990926165787,1.0832276319590505e-51
23.79299092616579,7.60933841693063e-52
23.80299092616579,5.3426854060275504e-52
23.81299092616579,3.749366018449406e-52
23.822990926165787,2.6299143763366722e-52
23.832990926165788,1.843787697804559e-52
23.84299092616579,1.2920096288895306e-52
23.852990926165788,9.049115288323025e-53
23.862990926165786,6.334787131818382e-53
23.872990926165787,4.432446108696481e-53
23.88299092616579,3.0998482630858343e-53
23.892990926165787,2.166820526555883e-53
23.902990926165785,1.5138783562896106e-53
23.912990926165786,1.0571693235392428e-53
23.922990926165788,7.378764651472839e-54
23.932990926165786,5.147641556688455e-54
23.942990926165784,3.589372007378832e-54
23.952990926165786,2.5015787460825357e-54
23.962990926165787,1.7425908080263767e-54
23.972990926165785,1.2132832246022827e-54
23.982990926165783,8.443344326513695e-55
23.992990926165785,5.8728964262227706e-55
24.002990926165786,4.082965559086808e-55
24.012990926165784,2.837165204507461e-55
24.022990926165782,1.9705119226907292e-55
24.032990926165784,1.3679147815158797e-55
24.042990926165785,9.49127488756116e-56
24.052990926165783,6.582268509468873e-56
24.06299092616578,4.562597632294071e-56
24.072990926165783,3.161071219660456e-56
24.082990926165785,2.188980658506052e-56
24.092990926165783,1.5150783815082041e-56
24.10299092616578,1.0481267668192514e-56
24.112990926165782,7.247330323558183e-57
24.122990926165784,5.008732455516624e-57
24.132990926165782,3.459896804759122e-57
24.14299092616578,2.3888231037800658e-57
24.15299092616578,1.6485053820816708e-57
24.162990926165783,1.1370571189997651e-57
24.17299092616578,7.83898308702171e-58
24.18299092616578,5.401603560168469e-58
24.19299092616578,3.72024224328221e-58
24.202990926165782,2.5609745724726592e-58
24.21299092616578,1.762076854541378e-58
24.222990926165778,1.2117972438760207e-58
24.23299092616578,8.329532129925163e-59
24.24299092616578,5.7226447772526065e-59
24.25299092616578,3.9296919141611144e-59
24.262990926165777,2.697154044731331e-59
24.27299092616578,1.8502845953118223e-59
24.28299092616578,1.2686938902168507e-59
24.29299092616578,8.69482203435034e-60
24.302990926165776,5.955936787385501e-60
24.312990926165778,4.0777913082796056e-60
24.32299092616578,2.7905219661912286e-60
24.332990926165778,1.908672554891853e-60
24.342990926165776,1.3048570777899932e-60
24.352990926165777,8.916203991471055e-61
24.36299092616578,6.08951325380871e-61
24.372990926165777,4.156910725799154e-61
24.382990926165775,2.836248954840461e-61
24.392990926165776,1.9342095962730063e-61
24.402990926165778,1.3184032107861704e-61
24.412990926165776,8.982112783963288e-62
24.422990926165774,6.116377605825861e-62
24.432990926165775,4.162896454990075e-62
24.442990926165777,2.8319296557543394e-62
24.452990926165775,1.9255502104933015e-62
24.462990926165773,1.3086176321932381e-62
24.472990926165775,8.889067849507394e-63
24.482990926165776,6.035110249914774e-63
24.492990926165774,4.0954320900746683e-63
24.502990926165772,2.777792386109358e-63
24.512990926165774,1.883151979219805e-63
24.522990926165775,1.2760170942622728e-63
24.532990926165773,8.641977823534462e-64
24.54299092616577,5.849992861666708e-64
24.552990926165773,3.9580662428666697e-64
24.562990926165774,2.6766791386594825e-64
24.572990926165772,1.809235511933996e-64
24.58299092616577,1.2223045447028269e-64
24.592990926165772,8.253711473654897e-65
24.602990926165774,5.570634612381837e-65
24.61299092616577,3.7579032702122654e-65
24.62299092616577,2.533798381223495e-65
24.63299092616577,1.7075917396783457e-65
24.642990926165773,1.150221734655791e-65
24.65299092616577,7.743987225685522e-66
24.66299092616577,5.211145744221056e-66
24.67299092616577,3.5049945327952384e-66
24.682990926165772,2.3562805792083144e-66
24.69299092616577,1.583259841285743e-66
24.702990926165768,1.0633174038790535e-66
24.71299092616577,7.13771465109958e-67
24.72299092616577,4.78895741460483e-67
24.73299092616577,3.2115027774845765e-67
24.742990926165767,2.1525892265835564e-67
24.75299092616577,1.442113878369015e-67
24.76299092616577,9.656583139240133e-68
24.772990926165768,6.4629819813270036e-68
24.782990926165766,4.323425103224402e-68
24.792990926165768,2.890736247817243e-68
24.80299092616577,1.9318550173050065e-68
24.812990926165767,1.2904052630938483e-68
24.822990926165765,8.615158161041524e-69
24.832990926165767,5.748915398043221e-69
24.84299092616577,3.8343708454297445e-69
24.852990926165766,2.556158877091322e-69
24.862990926165764,1.7032057210111168e-69
24.872990926165766,1.1343103747242167e-69
24.882990926165768,7.5506134082048e-70
24.892990926165766,5.0236352504062756e-70
24.902990926165764,3.340715537925554e-70
24.912990926165765,2.220477763808189e-70
24.922990926165767,1.475159204452097e-70
24.932990926165765,9.79528083806231e-71
24.942990926165763,6.501003865184496e-71
24.952990926165764,4.312503792723835e-71
24.962990926165766,2.859328739237653e-71
24.972990926165764,1.8948909533220865e-71
24.982990926165762,1.2551334066215038e-71
24.992990926165763,8.309618567876458e-72
25.002990926165765,5.498672105311818e-72
25.012990926165763,3.636805624920108e-72
25.02299092616576,2.4041850430996725e-72
25.032990926165763,1.5885512311541395e-72
25.042990926165764,1.0491077458904456e-72
25.052990926165762,6.925075222984496e-73
25.06299092616576,4.568929223300733e-73
25.07299092616576,3.0129359497529704e-73
25.082990926165763,1.9858703964850418e-73
25.09299092616576,1.3082701661278991e-73
25.10299092616576,8.614488735561573e-74
25.11299092616576,5.6695306915411855e-74
25.122990926165762,3.729496873845197e-74
25.13299092616576,2.4521041810267915e-74
25.14299092616576,1.611436223067495e-74
25.15299092616576,1.0584561224992786e-74
25.16299092616576,6.948933099186444e-75
25.17299092616576,4.559832978841222e-75
25.182990926165758,2.9906478218837775e-75
25.19299092616576,1.960501349265071e-75
25.20299092616576,1.284560463415604e-75
25.21299092616576,8.412546739330161e-76
25.222990926165757,5.506630841459153e-76
25.23299092616576,3.6027155090216786e-76
25.24299092616576,2.3559144122859192e-76
25.252990926165758,1.539836402773032e-76
25.262990926165756,1.0059472077316387e-76
25.272990926165757,6.568426281364756e-77
25.28299092616576,4.286797851077123e-77
25.292990926165757,2.7963415265191565e-77
25.302990926165755,1.8231942964098777e-77
25.312990926165757,1.188122522311206e-77
25.322990926165758,7.738825198886054e-78
25.332990926165756,5.038188117482548e-78
25.342990926165754,3.278379723949371e-78
25.352990926165756,2.1322084709159264e-78
25.362990926165757,1.3860714156085179e-78
25.372990926165755,9.005899243977795e-79
25.382990926165753,5.848629277882016e-79
25.392990926165755,3.796353433773352e-79
25.402990926165756,2.4630017191811904e-79
25.412990926165755,1.5971596354430407e-79
25.422990926165753,1.0351838081085902e-79
25.432990926165754,6.706132784314396e-80
25.442990926165756,4.342225366090171e-80
25.452990926165754,2.8102056673391498e-80
25.46299092616575,1.8178137499975057e-80
25.472990926165753,1.1752931272341115e-80
25.482990926165755,7.595013366946837e-81
25.492990926165753,4.905648446501587e-81
25.50299092616575,3.1670129216158837e-81
25.512990926165752,2.043566534733346e-81
25.522990926165754,1.3179934818768228e-81
25.532990926165752,8.49617161960482e-82
25.54299092616575,5.474176853074952e-82
25.55299092616575,3.525331041560912e-82
25.562990926165753,2.2691673172851894e-82
25.57299092616575,1.4598850733280736e-82
25.58299092616575,9.387638340579513e-83
25.59299092616575,6.033642379687673e-83
25.602990926165752,3.876040574330282e-83
25.61299092616575,2.4887575885421265e-83
25.62299092616575,1.5972114449765749e-83
25.63299092616575,1.0245372743197045e-83
25.64299092616575,6.568688190352655e-84
25.65299092616575,4.20935024958481e-84
25.662990926165747,2.6961063198749014e-84
25.67299092616575,1.726014733657808e-84
25.68299092616575,1.1044282743183943e-84
25.69299092616575,7.063436867205058e-85
25.702990926165747,4.5152328607516157e-85
25.712990926165748,2.8848934080092675e-85
25.72299092616575,1.8423193921317654e-85
25.732990926165748,1.1759412074325162e-85
25.742990926165746,7.502255119279328e-86
25.752990926165747,4.783916397861556e-86
25.76299092616575,3.0490241761684485e-86
25.772990926165747,1.9423329965108698e-86
25.782990926165745,1.236721872531044e-86
25.792990926165746,7.870565345649893e-87
25.802990926165748,5.006397741429552e-87
25.812990926165746,3.1829535754824817e-87
25.822990926165744,2.022650249399529e-87
25.832990926165746,1.2846854752847927e-87
25.842990926165747,8.155646046451114e-88
25.852990926165745,5.174941658909153e-88
25.862990926165743,3.28199624942855e-88
25.872990926165745,2.0804449876172714e-88
25.882990926165746,1.318135103551916e-88
25.892990926165744,8.347360100765287e-89
25.902990926165742,5.2835266932983835e-89
25.912990926165744,3.342598363666884e-89
25.922990926165745,2.11363513769698e-89
25.932990926165743,1.3358613283032667e-89
25.94299092616574,8.438752871988035e-90
25.952990926165743,5.328202150683244e-90
25.962990926165745,3.362549232840084e-90
25.972990926165743,2.1210072043273836e-90
25.98299092616574,1.3372147830985439e-90
25.992990926165742,8.426470955504731e-91
26.002990926165744,5.307326684992574e-91
26.01299092616574,3.341115176260972e-91
26.02299092616574,2.1022899147921205e-91
26.03299092616574,1.3221456495154448e-91
26.042990926165743,8.310966414961566e-92
26.05299092616574,5.221668390823479e-92
26.06299092616574,3.279084301899512e-92
26.07299092616574,2.0581707878220035e-92
26.082990926165742,1.2912067008727567e-92
26.09299092616574,8.096469163638711e-93
26.102990926165738,5.074357893721469e-93
26.11299092616574,3.1787184072022264e-93
26.12299092616574,1.9902542158445097e-93
26.13299092616574,1.2455196449651827e-93
26.142990926165737,7.790729843588593e-94
26.15299092616574,4.8706984324334e-94
26.16299092616574,3.0436160897612666e-94
26.17299092616574,1.9009646240481176e-94
26.182990926165736,1.1867076231843349e-94
26.192990926165738,7.40455499469832e-95
26.20299092616574,4.617848997231066e-95
26.212990926165737,2.878498619354818e-95
26.222990926165735,1.793402856224177e-95
26.232990926165737,1.1167995294375714e-95
26.24299092616574,6.951173380286759e-96
26.252990926165737,4.324406918079034e-96
26.262990926165735,2.6889363331838127e-96
26.272990926165736,1.6711676456350333e-96
26.282990926165738,1.0381140098820808e-96
26.292990926165736,6.445485249257458e-97
26.302990926165734,3.9999238112589754e-97
26.312990926165735,2.481037640209369e-97
26.322990926165737,1.5381564840257358e-97
26.332990926165735,9.531323754444235e-98
26.342990926165733,5.903253813422587e-98
26.352990926165734,3.654392783449634e-98
26.362990926165736,2.2611247640888964e-98
26.372990926165734,1.398361189417536e-98
26.382990926165732,8.643700909158423e-99
26.392990926165734,5.3402997374910365e-99
26.402990926165735,3.29774499418254e-99
26.412990926165733,2.0354200093902446e-99
26.42299092616573,1.255672962394066e-99
26.432990926165733,7.74256000702516e-100
26.442990926165734,4.771755145814166e-100
26.452990926165732,2.9393902865016567e-100
26.46299092616573,1.8097637811701162e-100
26.472990926165732,1.1137098578064516e-100
26.482990926165733,6.850271251663248e-101
26.49299092616573,4.2114243825173134e-101
26.50299092616573,2.5878302150465612e-101
26.51299092616573,1.5893812488212776e-101
26.522990926165733,9.75676678642414e-102
26.53299092616573,5.986449140000524e-102
26.54299092616573,3.6712858769606014e-102
26.55299092616573,2.2503633369514272e-102
26.56299092616573,1.3787090212616676e-102
26.57299092616573,8.44263715168453e-103
26.582990926165728,5.16736531011298e-103
26.59299092616573,3.161154627030388e-103
26.60299092616573,1.9328931534953465e-103
26.61299092616573,1.1812871760841976e-103
26.622990926165727,7.215869403373745e-104
26.63299092616573,4.405623431334865e-104
26.64299092616573,2.6885097489220992e-104
26.652990926165728,1.6398396820146816e-104
26.662990926165726,9.9971613409683e-105
26.672990926165728,6.091686490660314e-105
26.68299092616573,3.7100855235837884e-105
26.692990926165727,2.258477827396037e-105
26.702990926165725,1.3741472564888993e-105
26.712990926165727,8.356727728468599e-106
26.72299092616573,5.079544433273588e-106
26.732990926165726,3.08602051155501e-106
26.742990926165724,1.8739516721815656e-106
26.752990926165726,1.1373745295413837e-106
26.762990926165728,6.899762529929362e-107
26.772990926165726,4.1836016232614e-107
26.782990926165724,2.5354323977153068e-107
26.792990926165725,1.5358163320882272e-107
26.802990926165727,9.298482143567604e-108
26.812990926165725,5.626915259266589e-108
26.822990926165723,3.4034096172068094e-108
26.832990926165724,2.0575178057407753e-108
26.842990926165726,1.2432501388790477e-108
26.852990926165724,7.508599914293233e-109
26.862990926165722,4.532574440705947e-109
26.872990926165723,2.734742628483745e-109
26.882990926165725,1.6492006938910292e-109
26.892990926165723,9.940679937536522e-110
26.90299092616572,5.988860631507793e-110
26.912990926165723,3.606266818111349e-110
26.922990926165724,2.1704862489374043e-110
26.932990926165722,1.3056950424589657e-110
26.94299092616572,7.850765497853095e-111
26.95299092616572,4.718107032160808e-111
26.962990926165723,2.8340604276828164e-111
26.97299092616572,1.7015156847001092e-111
26.98299092616572,1.021053130515183e-111
26.99299092616572,6.124156201130009e-112
27.002990926165722,3.6713831530815476e-112
27.01299092616572,2.1998785031681397e-112
27.02299092616572,1.3175078594458488e-112
27.03299092616572,7.886662696703924e-113
27.04299092616572,4.718661816832862e-113
27.05299092616572,2.8218243216829194e-113
27.062990926165718,1.6866564268229586e-113
27.07299092616572,1.0076479186587244e-113
27.08299092616572,6.0169517992986145e-114
27.09299092616572,3.5911189140497085e-114
27.102990926165717,2.1422422175285457e-114
27.11299092616572,1.2772999489498026e-114
27.12299092616572,7.6120695807508315e-115
27.132990926165718,4.5341735344766005e-115
27.142990926165716,2.6994734441205877e-115
27.152990926165717,1.6063697413733739e-115
27.16299092616572,9.554269862782907e-116
27.172990926165717,5.679825935167513e-116
27.182990926165715,3.374878036409516e-116
27.192990926165717,2.0043182107479546e-116
27.202990926165718,1.1897639229406664e-116
27.212990926165716,7.058955639430745e-117
27.222990926165714,4.18606187261733e-117
27.232990926165716,2.4811691194374153e-117
27.242990926165717,1.4699163648666569e-117
27.252990926165715,8.703910493271848e-118
27.262990926165713,5.151358099956078e-118
27.272990926165715,3.047295705760258e-118
27.282990926165716,1.8017436151453247e-118
27.292990926165714,1.0647727239220947e-118
27.302990926165712,6.289358875616161e-119
27.312990926165714,3.713140387232198e-119
27.322990926165716,2.1910984713071575e-119
27.332990926165714,1.2923137223046894e-119
27.34299092616571,7.618325940364005e-120
27.352990926165713,4.488866366404676e-120
27.362990926165715,2.643621878510472e-120
27.372990926165713,1.5561359350916597e-120
27.38299092616571,9.155482982449381e-121
27.392990926165712,5.383943842079407e-121
27.402990926165714,3.16450157677105e-121
27.412990926165712,1.85906958243765e-121
27.42299092616571,1.091620059028745e-121
27.43299092616571,6.406678095277002e-122
27.442990926165713,3.7581995206550676e-122
27.45299092616571,2.2034961492948952e-122
27.46299092616571,1.2913093408571406e-122
27.47299092616571,7.563691775831207e-123
27.482990926165712,4.428155738762055e-123
27.49299092616571,2.591179410401316e-123
27.502990926165708,1.5155058430007677e-123
27.51299092616571,8.859378974284406e-124
27.52299092616571,5.17647925546795e-124
27.53299092616571,3.0230909260205756e-124
27.542990926165707,1.7646292557244385e-124
27.55299092616571,1.0295353760271234e-124
27.56299092616571,6.003639504378792e-125
27.57299092616571,3.4992379261402923e-125
27.582990926165706,2.038533592651077e-125
27.592990926165708,1.186992037988077e-125
27.60299092616571,6.908174078005734e-126
27.612990926165708,4.01850278136416e-126
27.622990926165706,2.3364194198389094e-126
27.632990926165707,1.3577595777693756e-126
27.64299092616571,7.886430425497638e-127
27.652990926165707,4.578504139368264e-127
27.662990926165705,2.656759728887702e-127
27.672990926165706,1.5408717098126738e-127
27.682990926165708,8.932359983568826e-128
27.692990926165706,5.175490151484577e-128
27.702990926165704,2.9972453100344957e-128
27.712990926165705,1.7349166928657566e-128
27.722990926165707,1.0037382992800488e-128
27.732990926165705,5.804273912398253e-129
27.742990926165703,3.354755212999729e-129
27.752990926165705,1.938024697179867e-129
27.762990926165706,1.1190340759224876e-129
27.772990926165704,6.4582202114802384e-130
27.782990926165702,3.725357202085416e-130
27.792990926165704,2.1478726407778904e-130
27.802990926165705,1.2377549298945123e-130
27.812990926165703,7.129290920552291e-131
27.8229909261657,4.1043420107177426e-131
27.832990926165703,2.361708444208991e-131
27.842990926165704,1.358296418166829e-131
27.852990926165702,7.808153852228137e-132
27.8629909261657,4.4862937062619355e-132
27.872990926165702,2.576395762348303e-132
27.882990926165704,1.478846110949957e-132
27.8929909261657,8.484356811328575e-133
27.9029909261657,4.865196651452641e-133
27.9129909261657,2.788479187265805e-133
27.922990926165703,1.5974230585275208e-133
27.9329909261657,9.146564988000336e-134
27.9429909261657,5.234577491826725e-134
27.9529909261657,2.9942687374285226e-134
27.962990926165702,1.711927829860598e-134
27.9729909261657,9.782856019564358e-135
27.982990926165698,5.587678436539948e-135
27.9929909261657,3.189941230689284e-135
28.0029909261657,1.8202016028484e-135
28.0129909261657,1.0381063235811932e-135
28.022990926165697,5.917655981824025e-136
28.0329909261657,3.371654967483404e-136
28.0429909261657,1.920092142082443e-136
28.0529909261657,1.0929154079850387e-136
28.062990926165696,6.217797311158989e-137
28.072990926165698,3.5356731161496283e-137
28.0829909261657,2.0095239451183406e-137
28.092990926165697,1.14156277448525e-137
28.102990926165695,6.481745049989722e-138
28.112990926165697,3.678490380354536e-138
28.1229909261657,2.086569419876757e-138
28.132990926165697,1.1829913942820141e-138
28.142990926165695,6.7037199942125866e-139
28.152990926165696,3.796957013577003e-139
28.162990926165698,2.1495177132714038e-139
28.172990926165696,1.216275363243127e-139
28.182990926165694,6.878730978640519e-140
28.192990926165695,3.888394082805167e-140
28.202990926165697,2.1969377723936907e-140
28.212990926165695,1.2406542616554196e-140
28.222990926165693,7.002761269911178e-141
28.232990926165694,3.950694103246885e-141
28.242990926165696,2.2277323976327827e-141
28.252990926165694,1.2555620226613165e-141
28.262990926165692,7.072921773284577e-142
28.272990926165694,3.9824017690871714e-142
28.282990926165695,2.2411804383512704e-142
28.292990926165693,1.2606487796351638e-142
28.30299092616569,7.0875628958009105e-143
28.312990926165693,3.9827704628626755e-143
28.322990926165694,2.236964865486016e-143
28.332990926165692,1.2557945151912746e-143
28.34299092616569,7.046339018198285e-144
28.352990926165692,3.9517914796038244e-144
28.362990926165693,2.2151851951750954e-144
28.37299092616569,1.2411137683119424e-144
28.38299092616569,6.950222057096589e-145
28.39299092616569,3.8901943684810614e-145
28.402990926165693,2.1763535836012363e-145
28.41299092616569,1.2169511418089425e-145
28.42299092616569,6.801463374344551e-146
28.43299092616569,3.7994183732326403e-146
28.44299092616569,2.1213748070291166e-146
28.45299092616569,1.1838678561674257e-146
28.462990926165688,6.603506118016546e-147
28.47299092616569,3.6815565325047295e-147
28.48299092616569,2.0515112197735054e-147
28.49299092616569,1.1426200823719731e-147
28.502990926165687,6.36085276084434e-148
28.51299092616569,3.5392754716639395e-148
28.52299092616569,1.9683345851030888e-148
28.532990926165688,1.0941302216834514e-148
28.542990926165686,6.078894950915489e-149
28.552990926165688,3.375715177236115e-149
28.56299092616569,1.8736673449469537e-149
28.572990926165687,1.0394526549707147e-149
28.582990926165685,5.763714648528069e-150
28.592990926165687,3.194374010380818e-150
28.60299092616569,1.7695163899121103e-150
28.612990926165686,9.797357353661577e-151
28.622990926165684,5.421866775506148e-151
28.632990926165686,2.9989848278055303e-151
28.642990926165687,1.6580026822963643e-151
28.652990926165685,9.16181931526707e-152
28.662990926165683,5.060154182476218e-152
28.672990926165685,2.7933883072482693e-152
28.682990926165687,1.5412901589102402e-152
28.692990926165685,8.5000803997556e-153
28.702990926165683,4.685405632799053e-153
28.712990926165684,2.5814094205948404e-153
28.722990926165686,1.4215172020522955e-153
28.732990926165684,7.824072787196715e-154
28.74299092616568,4.304266749202426e-154
28.752990926165683,2.366742490372133e-154
28.762990926165685,1.3007336363684171e-154
28.772990926165683,7.1451486412434475e-155
28.78299092616568,3.923012557766136e-155
28.792990926165682,2.1528494595958056e-155
28.802990926165684,1.1808457204103005e-155
28.812990926165682,6.473783795112719e-156
28.82299092616568,3.54738851789072e-156
28.83299092616568,1.942874974701507e-156
28.842990926165683,1.0635709981885987e-156
28.85299092616568,5.819338927076302e-157
28.86299092616568,3.182484895035952e-157
28.87299092616568,1.7395807124322895e-157
28.882990926165682,9.504042071226963e-158
28.89299092616568,5.1898839889124595e-158
28.90299092616568,2.8326471744537562e-158
28.91299092616568,1.5453001638311007e-158
28.92299092616568,8.425947548755203e-159
28.93299092616568,4.592087826377822e-159
28.942990926165677,2.501423084709219e-159
28.95299092616568,1.361913907889461e-159
28.96299092616568,7.411356258182956e-160
28.97299092616568,4.031171348372377e-160
28.982990926165677,2.1915448394025106e-160
28.992990926165678,1.1908443394562327e-160
29.00299092616568,6.467629988047368e-161
29.012990926165678,3.5109194769763113e-161
29.022990926165676,1.904943528217576e-161
29.032990926165677,1.033067920531278e-161
29.04299092616568,5.599653826529305e-162
29.052990926165677,3.033744603973925e-162
29.062990926165675,1.642791275742492e-162
29.072990926165676,8.891423419686615e-163
29.082990926165678,4.810007244165448e-163
29.092990926165676,2.6007924883361605e-163
29.102990926165674,1.4055658841826617e-163
29.112990926165676,7.592455345498674e-164
29.122990926165677,4.0991972696579346e-164
29.132990926165675,2.2120804872112123e-164
29.142990926165673,1.1931321944841084e-164
29.152990926165675,6.432232554414765e-165
29.162990926165676,3.4659352462441913e-165
29.172990926165674,1.8666576951367535e-165
29.182990926165672,1.004834317841021e-165
29.192990926165674,5.406419820290139e-166
29.202990926165675,2.9074389736241554e-166
29.212990926165673,1.5627768978939548e-166
29.22299092616567,8.395931582447775e-167
29.232990926165673,4.508440400294987e-167
29.242990926165675,2.4197433689682937e-167
29.252990926165673,1.2980691169981464e-167
29.26299092616567,6.960041998416713e-168
29.272990926165672,3.730022371298157e-168
29.282990926165674,1.998004888391663e-168
29.292990926165672,1.0697127936206473e-168
29.30299092616567,5.724312927078071e-169
29.31299092616567,3.0617172261655294e-169
29.322990926165673,1.636787583747124e-169
29.33299092616567,8.74591193050896e-170
29.34299092616567,4.670930562972587e-170
29.35299092616567,2.4933730224530774e-170
29.362990926165672,1.3303215761204639e-170
29.37299092616567,7.094332626475551e-171
29.382990926165668,3.7813945404192662e-171
29.39299092616567,2.0145496354299514e-171
29.40299092616567,1.0727276754175665e-171
29.41299092616567,5.709348217082464e-172
29.422990926165667,3.037170073062554e-172
29.43299092616567,1.6148687321990534e-172
29.44299092616567,8.582046689784722e-173
29.45299092616567,4.5585849656530036e-173
29.462990926165666,2.4202195700813922e-173
29.472990926165668,1.2842956644238435e-173
29.48299092616567,6.811782901937521e-174
29.492990926165668,3.611121603352075e-174
29.502990926165666,1.9134140660430417e-174
29.512990926165667,1.013354370036374e-174
29.52299092616567,5.364129583589111e-175
29.532990926165667,2.838067434385791e-175
29.542990926165665,1.5008306613710762e-175
29.552990926165666,7.932794617138533e-176
29.562990926165668,4.190889989475562e-176
29.572990926165666,2.2129512397510888e-176
29.582990926165664,1.1679465344063748e-176
29.592990926165665,6.1611192323287975e-177
29.602990926165667,3.248491975200425e-177
29.612990926165665,1.7119438517231399e-177
29.622990926165663,9.01742976832264e-178
29.632990926165665,4.7474626213178867e-178
29.642990926165666,2.498192344444703e-178
29.652990926165664,1.3139405805250213e-178
29.662990926165662,6.907344426756902e-179
29.672990926165664,3.629376576431449e-179
29.682990926165665,1.9060684178732276e-179
29.692990926165663,1.0005308234566645e-179
29.70299092616566,5.2493797692506385e-180
29.712990926165663,2.7527771039367454e-180
29.722990926165664,1.4428448552513965e-180
29.732990926165662,7.558815703366676e-181
29.74299092616566,3.9579783257519843e-181
29.752990926165662,2.071469772037309e-181
29.762990926165664,1.0836008135139717e-181
29.77299092616566,5.6655956788217615e-182
29.78299092616566,2.9607883792305996e-182
29.79299092616566,1.5465169720647067e-182
29.802990926165663,8.073977726784802e-183
29.81299092616566,4.213140450492583e-183
29.82299092616566,2.1974037475751296e-183
29.83299092616566,1.1455111429792346e-183
29.842990926165662,5.968625211431995e-184
29.85299092616566,3.108385207480523e-184
29.862990926165658,1.6180088457474408e-184
29.87299092616566,8.418069040058129e-185
29.88299092616566,4.377534812417926e-185
29.89299092616566,2.27526647291901e-185
29.902990926165657,1.182008119332116e-185
29.91299092616566,6.137537883411605e-186
29.92299092616566,3.185322764559582e-186
29.932990926165658,1.6523355187103487e-186
29.942990926165656,8.566996024491144e-187
29.952990926165658,4.43960595992228e-187
29.96299092616566,2.299565687052793e-187
29.972990926165657,1.190509176326375e-187
29.982990926165655,6.160347462445009e-188
29.992990926165657,3.186127881832465e-188
30.00299092616566,1.647049803021514e-188
30.012990926165656,8.510122141681065e-189
30.022990926165654,4.394914077507877e-189
30.032990926165656,2.2685612940941787e-189
30.042990926165658,1.1704050327946906e-189
30.052990926165656,6.03541832102349e-190
30.062990926165654,3.1107428152477743e-190
30.072990926165655,1.6025307443975486e-190
30.082990926165657,8.251524000464936e-191
30.092990926165655,4.24666006183546e-191
30.102990926165653,2.1844713945272706e-191
30.112990926165654,1.1231318929334043e-191
30.122990926165656,5.77165935803747e-192
30.132990926165654,2.96453209279844e-192
30.142990926165652,1.521938680052471e-192
30.152990926165653,7.809508230010436e-193
30.162990926165655,4.00530647463917e-193
30.172990926165653,2.053209911173224e-193
30.18299092616565,1.0520018048938588e-193
30.192990926165653,5.387473555590511e-194
30.202990926165654,2.75765131256821e-194
30.212990926165652,1.410844291341686e-194
30.22299092616565,7.214468682552358e-195
30.23299092616565,3.687356715717334e-195
30.242990926165653,1.8836989159383868e-195
30.25299092616565,9.618190086662042e-196
30.26299092616565,4.908635201485996e-196
30.27299092616565,2.5038810467107336e-196
30.282990926165652,1.2765921265605419e-196
30.29299092616565,6.505432334680049e-197
30.30299092616565,3.3134902725851404e-197
30.31299092616565,1.6868667176158843e-197
30.32299092616565,8.583439941588438e-198
30.33299092616565,4.3654348331073375e-198
30.342990926165648,2.2191117850549412e-198
30.35299092616565,1.127499567034927e-198
30.36299092616565,5.725838855082121e-199
30.37299092616565,2.9063465132988086e-199
30.382990926165647,1.4744878462078778e-199
30.39299092616565,7.476882150760952e-200
30.40299092616565,3.789530504240838e-200
30.412990926165648,1.9197108204308282e-200
30.422990926165646,9.72012280446039e-201
30.432990926165647,4.9191857788266565e-201
30.44299092616565,2.4882856257746865e-201
30.452990926165647,1.2580351353604747e-201
30.462990926165645,6.357272740795411e-202
30.472990926165647,3.2109567140831147e-202
30.482990926165648,1.621002152778475e-202
30.492990926165646,8.179340083274615e-203
30.502990926165644,4.1251379222511413e-203
30.512990926165646,2.0794295675801063e-203
30.522990926165647,1.0476964923356715e-203
30.532990926165645,5.276091254713669e-204
30.542990926165643,2.6556732593864873e-204
30.552990926165645,1.3360493999156413e-204
30.562990926165646,6.71824636188949e-205
30.572990926165645,3.3765630879667983e-205
30.582990926165643,1.696208928882171e-205
30.592990926165644,8.51666088837116e-206
30.602990926165646,4.274102162604718e-206
30.612990926165644,2.1439071665847725e-206
30.62299092616564,1.0748616967947983e-206
30.632990926165643,5.3862279762019874e-207
30.642990926165645,2.697754398736313e-207
30.652990926165643,1.3505343073274203e-207
30.66299092616564,6.757629330279785e-208
30.672990926165642,3.3796260186847537e-208
30.682990926165644,1.68938431364636e-208
30.692990926165642,8.440609402012235e-209
30.70299092616564,4.2150689467876347e-209
30.71299092616564,2.1038806340764037e-209
30.722990926165643,1.0495981166569559e-209
30.73299092616564,5.233720464958693e-210
30.74299092616564,2.60845613008085e-210
30.75299092616564,1.2993976724899156e-210
30.762990926165642,6.469730132435311e-211
30.77299092616564,3.2197027630804837e-211
30.78299092616564,1.6015146972143023e-211
30.79299092616564,7.9621730155236e-212
30.80299092616564,3.9565606361990813e-212
30.81299092616564,1.965122258933075e-212
30.822990926165637,9.755439896390372e-213
30.83299092616564,4.8404938623369784e-213
30.84299092616564,2.4005901710291942e-213
30.85299092616564,1.1899587505074314e-213
30.862990926165637,5.8956449853701135e-214
30.872990926165638,2.919552401354721e-214
30.88299092616564,1.4450629248209761e-214
30.892990926165638,7.148958508298241e-215
30.902990926165636,3.5349585669799723e-215
30.912990926165637,1.747074451267815e-215
30.92299092616564,8.630263012071584e-216
30.932990926165637,4.261104483892438e-216
30.942990926165635,2.102838254806112e-216
30.952990926165633,1.0372300452066762e-216
30.962990926165638,5.1136363594431426e-217
30.972990926165636,2.5198235340578923e-217
30.982990926165634,1.2410690573150254e-217
30.992990926165632,6.109522962706177e-218
31.002990926165637,3.006105295762425e-218
31.012990926165635,1.478381807125898e-218
31.022990926165633,7.266990022694726e-219
31.03299092616563,3.5703274745399205e-219
31.042990926165636,1.7532630232360194e-219
31.052990926165634,8.605411225099233e-220
31.062990926165632,4.221645067903071e-220
31.07299092616563,2.0700333379457865e-220
31.082990926165635,1.0145150540981033e-220
31.092990926165633,4.969642925805876e-221
31.10299092616563,2.433197762673764e-221
31.11299092616563,1.190735125787471e-221
31.122990926165635,5.824229174743869e-222
31.132990926165633,2.8473921236799916e-222
31.14299092616563,1.3913668019413958e-222
31.15299092616563,6.795501738887614e-223
31.162990926165634,3.3173168341540656e-223
31.17299092616563,1.6185939429473544e-223
31.18299092616563,7.8935870499097665e-224
31.192990926165628,3.847657693613277e-224
31.202990926165633,1.874580034306167e-224
31.21299092616563,9.128450812486142e-225
31.22299092616563,4.442993787281529e-225
31.232990926165627,2.1614234837703618e-225
31.242990926165632,1.0509681605535943e-225
31.25299092616563,5.1076930019434494e-226
31.262990926165628,2.4811073006511393e-226
31.272990926165626,1.204624913460393e-226
31.28299092616563,5.845796171754666e-227
31.29299092616563,2.835443709180073e-227
31.302990926165627,1.3746240083462947e-227
31.312990926165625,6.660891405224979e-228
31.32299092616563,3.22601450200344e-228
31.33299092616563,1.5616575710498623e-228
31.342990926165626,7.555980706220779e-229
31.352990926165624,3.654108202319008e-229
31.36299092616563,1.7662716555908703e-229
31.372990926165627,8.533341567230467e-230
31.382990926165625,4.1206553637566564e-230
31.392990926165623,1.9888360821454273e-230
31.40299092616563,9.594386758548217e-231
31.412990926165627,4.626163584627482e-231
31.422990926165625,2.2295144100131215e-231
31.432990926165623,1.0739526036766978e-231
31.442990926165628,5.170654035125049e-232
31.452990926165626,2.488234911138774e-232
31.462990926165624,1.1968033922334326e-232
31.47299092616562,5.753601479858684e-233
31.482990926165627,2.7646634877354106e-233
31.492990926165625,1.3277928021512015e-233
31.502990926165623,6.37387991073572e-234
31.51299092616562,3.0581795300368175e-234
31.522990926165626,1.466586256605872e-234
31.532990926165624,7.029715974991639e-235
31.542990926165622,3.367855731662536e-235
31.55299092616562,1.61270418910722e-235
31.562990926165625,7.7186523793366275e-236
31.572990926165623,3.6924428661000967e-236
31.58299092616562,1.7655158447384353e-236
31.59299092616562,8.437523365791665e-237
31.602990926165624,4.030360474801534e-237
31.612990926165622,1.924235963674609e-237
31.62299092616562,9.182444182086075e-238
31.63299092616562,4.379694323557794e-238
31.642990926165623,2.087924725772093e-238
31.65299092616562,9.948816207912417e-239
31.66299092616562,4.738201348622649e-239
31.672990926165618,2.2554912660757946e-239
31.682990926165623,1.073134904938845e-239
31.69299092616562,5.10332263929509e-240
31.70299092616562,2.425700984085724e-240
31.712990926165617,1.1524100484571048e-240
31.72299092616562,5.4722047926420186e-241
31.73299092616562,2.597186766686512e-241
31.742990926165618,1.232053464273703e-241
31.752990926165616,5.841729734555056e-242
31.76299092616562,2.7684641284636842e-242
31.77299092616562,1.3113598244577421e-242
31.782990926165617,6.208552836562914e-243
31.792990926165615,2.937950147624947e-243
31.80299092616562,1.3895814137325177e-243
31.812990926165618,6.569148879078724e-244
31.822990926165616,3.103985945169572e-244
31.832990926165614,1.4659390750505027e-244
31.84299092616562,6.919865129206911e-245
31.852990926165617,3.264862324469555e-245
31.862990926165615,1.5396345497526828e-245
31.872990926165613,7.256980526593608e-246
31.88299092616562,3.4188480632597223e-246
31.892990926165616,1.6098639581789552e-246
31.902990926165614,7.576769715415668e-247
31.912990926165612,3.5642202358068e-247
31.922990926165618,1.675832115759931e-247
31.932990926165616,7.875570436527732e-248
31.942990926165614,3.699295844875104e-248
31.95299092616561,1.7367673371259046e-248
31.962990926165617,8.149852611367218e-249
31.972990926165615,3.822463966080265e-249
31.982990926165613,1.791936348677383e-249
31.99299092616561,8.396287318669189e-250
32.002990926165616,3.932217555295815e-250
32.012990926165614,1.8406589102701197e-250
32.02299092616561,8.611813793372571e-251
32.03299092616561,4.027184046405016e-251
32.042990926165615,1.88232174040195e-251
32.05299092616561,8.793702570267732e-252
32.06299092616561,4.1061538737563567e-252
32.07299092616561,1.9163913474612835e-252
32.082990926165614,8.939612955115357e-253
32.09299092616561,4.168106092156346e-253
32.10299092616561,1.9424253922257443e-253
32.11299092616561,9.047643133316665e-254
32.12299092616561,4.212230336340517e-254
32.13299092616561,1.9600822435124947e-254
32.14299092616561,9.116371417184278e-255
32.15299092616561,4.237944459870396e-255
32.16299092616561,1.9691284384612034e-255
32.17299092616561,9.144887381476903e-256
32.18299092616561,4.244907316773258e-256
32.192990926165606,1.9694438197287115e-256
32.20299092616561,9.13281193391123e-257
32.21299092616561,4.23302629364144e-257
32.22299092616561,1.9610241915685234e-257
32.232990926165606,9.080305702209156e-258
32.24299092616561,4.202459359687183e-258
32.25299092616561,1.9439814127301515e-258
32.26299092616561,8.988065478220445e-259
32.272990926165605,4.1536115713385415e-259
32.28299092616561,1.9185409232865964e-259
32.29299092616561,8.857308829250554e-260
32.302990926165606,4.087126139479184e-260
32.312990926165604,1.8850367818440295e-260
32.32299092616561,8.689747351581739e-261
32.33299092616561,4.003870334747436e-261
32.342990926165605,1.8439043658451258e-261
32.3529909261656,8.487549387619499e-262
32.36299092616561,3.9049166626058727e-262
32.372990926165606,1.795670957956164e-262
32.382990926165604,8.253293341773614e-263
32.3929909261656,3.7915198793468135e-263
32.40299092616561,1.7409445029942414e-263
32.412990926165605,7.989912999835723e-264
32.4229909261656,3.6650905373022727e-264
32.4329909261656,1.6804008703572113e-264
32.442990926165606,7.700636471639638e-265
32.452990926165604,3.527165838249996e-265
32.4629909261656,1.614769994566192e-265
32.4729909261656,7.388920530685136e-266
32.482990926165606,3.379378635240438e-266
32.492990926165604,1.5448212902371347e-266
32.5029909261656,7.05838221187067e-267
32.5129909261656,3.223425453361321e-267
32.522990926165605,1.4713487469583044e-267
32.5329909261656,6.712729548794364e-268
32.5429909261656,3.061034398916863e-268
32.5529909261656,1.3951561043652663e-268
32.562990926165604,6.355693286047153e-269
32.5729909261656,2.893933795430462e-269
32.5829909261656,1.3170424888070941e-269
32.5929909261656,5.9909612945705525e-270
32.6029909261656,2.7238223260153438e-270
32.6129909261656,1.2377888617755436e-270
32.6229909261656,5.622117255592403e-271
32.6329909261656,2.552341378713842e-271
32.6429909261656,1.1581455884051026e-271
32.6529909261656,5.2525849703342805e-272
32.6629909261656,2.3810501885276487e-272
32.672990926165596,1.0788213840918016e-272
32.6829909261656,4.8855794084921265e-273
32.6929909261656,2.2114042522828097e-273
32.7029909261656,1.0004738409156548e-273
32.712990926165595,4.524065340334458e-274
32.7229909261656,2.04473736534919e-274
32.7329909261656,9.237016757039152e-275
32.7429909261656,4.1707241164343216e-275
32.752990926165594,1.8822474982697523e-275
32.7629909261656,8.490387806671565e-276
32.7729909261656,3.827928877536239e-276
32.782990926165596,1.7249866016098517e-276
32.792990926165594,7.769500980881282e-277
32.8029909261656,3.497728205335751e-277
32.8129909261656,1.573854303878868e-277
32.822990926165595,7.078292846157738e-278
32.83299092616559,3.18183797311173e-278
32.8429909261656,1.4295953543140933e-278
32.852990926165596,6.4199808027816704e-279
32.862990926165594,2.8816409309442346e-279
32.87299092616559,1.2928005633249156e-279
32.8829909261656,5.797072537990616e-280
32.892990926165595,2.598193370298826e-280
32.90299092616559,1.163910910940212e-280
32.91299092616559,5.211389603286157e-281
32.922990926165596,2.3322380611614345e-281
32.932990926165594,1.0432244295418378e-281
32.94299092616559,4.6641032087991665e-282
32.95299092616559,2.0842225442951887e-282
32.962990926165595,9.309054221715582e-283
32.97299092616559,4.155780148738262e-283
32.98299092616559,1.8543217917485344e-283
32.99299092616559,8.269955517995077e-284
33.002990926165594,3.68643668015634e-284
33.01299092616559,1.642464219315056e-284
33.02299092616559,7.314263291620852e-285
33.03299092616559,3.2555981680486515e-285
33.042990926165594,1.4483600421911775e-285
33.05299092616559,6.440325356442972e-286
33.06299092616559,2.8623623744263264e-286
33.07299092616559,1.271531005620113e-286
33.08299092616559,5.64566141045069e-287
33.09299092616559,2.5054643976444612e-287
33.10299092616559,1.1113405906168872e-287
33.11299092616559,4.9271031153676625e-288
33.12299092616559,2.1833414486378536e-288
33.13299092616559,9.67023885393609e-289
33.14299092616559,4.280931479369312e-289
33.152990926165586,1.8941958704999163e-289
33.16299092616559,8.377164197869077e-290
33.17299092616559,3.7030084584474214e-290
33.18299092616559,1.6360550538505505e-290
33.192990926165585,7.224813770192875e-291
33.20299092616559,3.1889002449641548e-291
33.21299092616559,1.40682716054945e-291
33.222990926165586,6.203347187770658e-292
33.232990926165584,2.7339902785528685e-292
33.24299092616559,1.2043518308833355e-292
33.25299092616559,5.302678808209921e-293
33.262990926165585,2.3335805716785123e-293
33.27299092616558,1.0264453045196146e-293
33.28299092616559,4.5126781267236644e-294
33.29299092616559,1.9829804707420765e-294
33.302990926165585,8.709396246527518e-295
33.31299092616558,3.823342427506084e-295
33.32299092616559,1.6775824577369142e-295
33.332990926165586,7.357158113889111e-296
33.342990926165584,3.2249414683859707e-296
33.35299092616558,1.4129250257834112e-296
33.36299092616559,6.18731079634501e-297
33.372990926165585,2.7081348101087928e-297
33.38299092616558,1.1847430264296509e-297
33.39299092616558,5.180403356703255e-298
33.402990926165586,2.2640630904663407e-298
33.412990926165584,9.89006183646041e-299
33.42299092616558,4.3181231384295843e-299
33.43299092616558,1.8844150851857254e-299
33.442990926165585,8.219466981780751e-300
33.45299092616558,3.58340810620367e-300
33.46299092616558,1.5614727946428856e-300
33.47299092616558,6.800770287353757e-301
33.482990926165584,2.9605153901467574e-301
33.49299092616558,1.2881370566521296e-301
33.50299092616558,5.601990378316686e-302
33.51299092616558,2.4350516455095415e-302
33.52299092616558,1.0579363230542263e-302
33.53299092616558,4.5940573635883885e-303
33.54299092616558,1.9939709764889035e-303
33.55299092616558,8.65021267231525e-304
33.56299092616558,3.750768595967192e-304
33.57299092616558,1.6255461012206368e-304
33.58299092616558,7.041478280541109e-305
33.59299092616558,3.048694665685119e-305
33.60299092616558,1.3193181930958936e-305
33.61299092616558,5.706511611733371e-306
33.62299092616558,2.4670468270522152e-306
33.632990926165576,1.0660304600472553e-306
33.64299092616558,4.604127786752338e-307
33.65299092616558,1.9875161086477692e-307
33.66299092616558,8.57550055194098e-308
33.672990926165575,3.698229297501026e-308
33.68299092616558,1.594093254010558e-308
33.69299092616558,6.867823834919193e-309
33.702990926165576,2.957400234349464e-309
33.712990926165574,1.27287745049622e-309
33.72299092616558,5.4758130991221e-310
33.73299092616558,2.3544863307744e-310
33.742990926165575,1.01188058718417e-310
33.75299092616557,4.3465821135116e-311
33.76299092616558,1.8661736219236e-311
33.772990926165576,8.00832588775e-312
33.782990926165574,3.434922649524e-312
33.79299092616557,1.47257601647e-312
33.80299092616558,6.3099222866e-313
33.812990926165575,2.70243864415e-313
33.82299092616557,1.15683987295e-313
33.83299092616557,4.9496687593e-314
33.84299092616558,2.116726632e-314
33.852990926165575,9.047713996e-315
33.86299092616557,3.865430287e-315
33.87299092616557,1.650618976e-315
33.882990926165576,7.0447783e-316
33.892990926165574,3.0052284e-316
33.90299092616557,1.281463e-316
33.91299092616557,5.459524e-317
33.922990926165575,2.3251223e-317
33.93299092616557,9.89811e-318
33.94299092616557,4.20203e-318
33.95299092616557,1.805316e-318
33.962990926165574,7.47027e-319
33.97299092616557,3.1126e-319
33.98299092616557,1.24505e-319
33.99299092616557,6.225e-320
34.00299092616557,3.1126e-320
34.01299092616557,0.0
34.02299092616557,0.0
34.03299092616557,0.0
34.04299092616557,0.0
34.05299092616557,0.0
34.06299092616557,0.0
34.072990926165566,0.0
34.08299092616557,0.0
34.09299092616557,0.0
34.10299092616557,0.0
34.112990926165565,0.0
34.12299092616557,0.0
34.13299092616557,0.0
34.14299092616557,0.0
34.152990926165565,0.0
34.16299092616557,0.0
34.17299092616557,0.0
34.182990926165566,0.0
34.192990926165564,0.0
34.20299092616557,0.0
34.21299092616557,0.0
34.222990926165565,0.0
34.23299092616556,0.0
34.24299092616557,0.0
34.252990926165566,0.0
34.262990926165564,0.0
34.27299092616556,0.0
34.28299092616557,0.0
34.292990926165565,0.0
34.30299092616556,0.0
34.31299092616556,0.0
34.322990926165566,0.0
34.332990926165564,0.0
34.34299092616556,0.0
34.35299092616556,0.0
34.362990926165565,0.0
34.37299092616556,0.0
34.38299092616556,0.0
34.39299092616556,0.0
34.402990926165565,0.0
34.41299092616556,0.0
34.42299092616556,0.0
34.43299092616556,0.0
34.442990926165564,0.0
34.45299092616556,0.0
34.46299092616556,0.0
34.47299092616556,0.0
34.48299092616556,0.0
34.49299092616556,0.0
34.50299092616556,0.0
34.51299092616556,0.0
34.52299092616556,0.0
34.53299092616556,0.0
34.54299092616556,0.0
34.552990926165556,0.0
34.56299092616556,0.0
34.57299092616556,0.0
34.58299092616556,0.0
34.592990926165555,0.0
34.60299092616556,0.0
34.61299092616556,0.0
34.622990926165556,0.0
34.632990926165554,0.0
34.64299092616556,0.0
34.65299092616556,0.0
34.662990926165556,0.0
34.672990926165554,0.0
34.68299092616556,0.0
34.69299092616556,0.0
34.702990926165555,0.0
34.71299092616555,0.0
34.72299092616556,0.0
34.732990926165556,0.0
34.742990926165554,0.0
34.75299092616555,0.0
34.76299092616556,0.0
34.772990926165555,0.0
34.78299092616555,0.0
34.79299092616555,0.0
34.802990926165556,0.0
34.812990926165554,0.0
34.82299092616555,0.0
34.83299092616555,0.0
34.842990926165555,0.0
34.85299092616555,0.0
34.86299092616555,0.0
34.87299092616555,0.0
34.882990926165554,0.0
34.89299092616555,0.0
34.90299092616555,0.0
34.91299092616555,0.0
34.922990926165554,0.0
34.93299092616555,0.0
34.94299092616555,0.0
34.95299092616555,0.0
34.96299092616555,0.0
34.97299092616555,0.0
34.98299092616555,0.0
34.99299092616555,0.0
35.00299092616555,0.0
35.01299092616555,0.0
35.02299092616555,0.0
35.032990926165546,0.0
35.04299092616555,0.0
35.05299092616555,0.0
35.06299092616555,0.0
35.072990926165545,0.0
35.08299092616555,0.0
35.09299092616555,0.0
35.102990926165546,0.0
35.112990926165544,0.0
35.12299092616555,0.0
35.13299092616555,0.0
35.142990926165545,0.0
35.15299092616554,0.0
35.16299092616555,0.0
35.17299092616555,0.0
35.182990926165544,0.0
35.19299092616554,0.0
35.20299092616555,0.0
35.212990926165546,0.0
35.222990926165544,0.0
35.23299092616554,0.0
35.24299092616555,0.0
35.252990926165545,0.0
35.26299092616554,0.0
35.27299092616554,0.0
35.282990926165546,0.0
35.292990926165544,0.0
35.30299092616554,0.0
35.31299092616554,0.0
35.322990926165545,0.0
35.33299092616554,0.0
35.34299092616554,0.0
35.35299092616554,0.0
35.362990926165544,0.0
35.37299092616554,0.0
35.38299092616554,0.0
35.39299092616554,0.0
35.40299092616554,0.0
35.41299092616554,0.0
35.42299092616554,0.0
35.43299092616554,0.0
35.44299092616554,0.0
35.45299092616554,0.0
35.46299092616554,0.0
35.47299092616554,0.0
35.48299092616554,0.0
35.49299092616554,0.0
35.50299092616554,0.0
35.512990926165536,0.0
35.52299092616554,0.0
35.53299092616554,0.0
35.54299092616554,0.0
35.552990926165535,0.0
35.56299092616554,0.0
35.57299092616554,0.0
35.582990926165536,0.0
35.592990926165534,0.0
35.60299092616554,0.0
35.61299092616554,0.0
35.622990926165535,0.0
35.63299092616553,0.0
35.64299092616554,0.0
35.652990926165536,0.0
35.662990926165534,0.0
35.67299092616553,0.0
35.68299092616554,0.0
35.692990926165535,0.0
35.70299092616553,0.0
35.71299092616553,0.0
35.72299092616554,0.0
35.732990926165535,0.0
35.74299092616553,0.0
35.75299092616553,0.0
35.762990926165536,0.0
35.772990926165534,0.0
35.78299092616553,0.0
35.79299092616553,0.0
35.802990926165535,0.0
35.81299092616553,0.0
35.82299092616553,0.0
35.83299092616553,0.0
35.842990926165534,0.0
35.85299092616553,0.0
35.86299092616553,0.0
35.87299092616553,0.0
35.88299092616553,0.0
35.89299092616553,0.0
35.90299092616553,0.0
35.91299092616553,0.0
35.92299092616553,0.0
35.93299092616553,0.0
35.94299092616553,0.0
35.952990926165526,0.0
35.96299092616553,0.0
35.97299092616553,0.0
35.98299092616553,0.0
35.992990926165525,0.0
36.00299092616553,0.0
36.01299092616553,0.0
36.02299092616553,0.0
36.032990926165525,0.0
36.04299092616553,0.0
36.05299092616553,0.0
36.062990926165526,0.0
36.072990926165524,0.0
36.08299092616553,0.0
36.09299092616553,0.0
36.102990926165525,0.0
36.11299092616552,0.0
36.12299092616553,0.0
36.132990926165526,0.0
36.142990926165524,0.0
36.15299092616552,0.0
36.16299092616553,0.0
36.172990926165525,0.0
36.18299092616552,0.0
36.19299092616552,0.0
36.202990926165526,0.0
36.212990926165524,0.0
36.22299092616552,0.0
36.23299092616552,0.0
36.242990926165525,0.0
36.25299092616552,0.0
36.26299092616552,0.0
36.27299092616552,0.0
36.282990926165525,0.0
36.29299092616552,0.0
36.30299092616552,0.0
36.31299092616552,0.0
36.322990926165524,0.0
36.33299092616552,0.0
36.34299092616552,0.0
36.35299092616552,0.0
36.36299092616552,0.0
36.37299092616552,0.0
36.38299092616552,0.0
36.39299092616552,0.0
36.40299092616552,0.0
36.41299092616552,0.0
36.42299092616552,0.0
36.432990926165516,0.0
36.44299092616552,0.0
36.45299092616552,0.0
36.46299092616552,0.0
36.472990926165515,0.0
36.48299092616552,0.0
36.49299092616552,0.0
36.502990926165516,0.0
36.512990926165514,0.0
36.52299092616552,0.0
36.53299092616552,0.0
36.542990926165515,0.0
36.55299092616551,0.0
36.56299092616552,0.0
36.57299092616552,0.0
36.582990926165515,0.0
36.59299092616551,0.0
36.60299092616552,0.0
36.612990926165516,0.0
36.622990926165514,0.0
36.63299092616551,0.0
36.64299092616552,0.0
36.652990926165515,0.0
36.66299092616551,0.0
36.67299092616551,0.0
36.682990926165516,0.0
36.692990926165514,0.0
36.70299092616551,0.0
36.71299092616551,0.0
36.722990926165515,0.0
36.73299092616551,0.0
36.74299092616551,0.0
36.75299092616551,0.0
36.762990926165514,0.0
36.77299092616551,0.0
36.78299092616551,0.0
36.79299092616551,0.0
36.80299092616551,0.0
36.81299092616551,0.0
36.82299092616551,0.0
36.83299092616551,0.0
36.84299092616551,0.0
36.85299092616551,0.0
36.86299092616551,0.0
36.87299092616551,0.0
36.88299092616551,0.0
36.89299092616551,0.0
36.90299092616551,0.0
36.912990926165506,0.0
36.92299092616551,0.0
36.93299092616551,0.0
36.94299092616551,0.0
36.952990926165505,0.0
36.96299092616551,0.0
36.97299092616551,0.0
36.982990926165506,0.0
36.992990926165504,0.0
37.00299092616551,0.0
37.01299092616551,0.0
37.022990926165505,0.0
37.0329909261655,0.0
37.04299092616551,0.0
37.052990926165506,0.0
37.062990926165504,0.0
37.0729909261655,0.0
37.08299092616551,0.0
37.092990926165506,0.0
37.1029909261655,0.0
37.1129909261655,0.0
37.12299092616551,0.0
37.132990926165505,0.0
37.1429909261655,0.0
37.1529909261655,0.0
37.162990926165506,0.0
37.172990926165504,0.0
37.1829909261655,0.0
37.1929909261655,0.0
37.202990926165505,0.0
37.2129909261655,0.0
37.2229909261655,0.0
37.2329909261655,0.0
37.242990926165504,0.0
37.2529909261655,0.0
37.2629909261655,0.0
37.2729909261655,0.0
37.2829909261655,0.0
37.2929909261655,0.0
37.3029909261655,0.0
37.3129909261655,0.0
37.3229909261655,0.0
37.3329909261655,0.0
37.3429909261655,0.0
37.352990926165496,0.0
37.3629909261655,0.0
37.3729909261655,0.0
37.3829909261655,0.0
37.392990926165496,0.0
37.4029909261655,0.0
37.4129909261655,0.0
37.4229909261655,0.0
37.432990926165495,0.0
37.4429909261655,0.0
37.4529909261655,0.0
37.462990926165496,0.0
37.472990926165494,0.0
37.4829909261655,0.0
37.4929909261655,0.0
37.502990926165495,0.0
37.51299092616549,0.0
37.5229909261655,0.0
37.532990926165496,0.0
37.542990926165494,0.0
37.55299092616549,0.0
37.5629909261655,0.0
37.572990926165495,0.0
37.58299092616549,0.0
37.59299092616549,0.0
37.602990926165496,0.0
37.612990926165494,0.0
37.62299092616549,0.0
37.63299092616549,0.0
37.642990926165496,0.0
37.652990926165494,0.0
37.66299092616549,0.0
37.67299092616549,0.0
37.682990926165495,0.0
37.69299092616549,0.0
37.70299092616549,0.0
37.71299092616549,0.0
37.722990926165494,0.0
37.73299092616549,0.0
37.74299092616549,0.0
37.75299092616549,0.0
37.76299092616549,0.0
37.77299092616549,0.0
37.78299092616549,0.0
37.79299092616549,0.0
37.80299092616549,0.0
37.81299092616549,0.0
37.82299092616549,0.0
37.832990926165486,0.0
37.84299092616549,0.0
37.85299092616549,0.0
37.86299092616549,0.0
37.872990926165485,0.0
37.88299092616549,0.0
37.89299092616549,0.0
37.90299092616549,0.0
37.912990926165484,0.0
37.92299092616549,0.0
37.93299092616549,0.0
37.942990926165486,0.0
37.952990926165484,0.0
37.96299092616549,0.0
37.97299092616549,0.0
37.982990926165485,0.0
37.99299092616548,0.0
38.00299092616549,0.0
38.012990926165486,0.0
38.022990926165484,0.0
38.03299092616548,0.0
38.04299092616549,0.0
38.052990926165485,0.0
38.06299092616548,0.0
38.07299092616548,0.0
38.082990926165486,0.0
38.092990926165484,0.0
38.10299092616548,0.0
38.11299092616548,0.0
38.122990926165485,0.0
38.13299092616548,0.0
38.14299092616548,0.0
38.15299092616548,0.0
38.162990926165484,0.0
38.17299092616548,0.0
38.18299092616548,0.0
38.19299092616548,0.0
38.202990926165484,0.0
38.21299092616548,0.0
38.22299092616548,0.0
38.23299092616548,0.0
38.24299092616548,0.0
38.25299092616548,0.0
38.26299092616548,0.0
38.27299092616548,0.0
38.28299092616548,0.0
38.29299092616548,0.0
38.30299092616548,0.0
38.312990926165476,0.0
38.32299092616548,0.0
38.33299092616548,0.0
38.34299092616548,0.0
38.352990926165475,0.0
38.36299092616548,0.0
38.37299092616548,0.0
38.382990926165476,0.0
38.392990926165474,0.0
38.40299092616548,0.0
38.41299092616548,0.0
38.422990926165475,0.0
38.43299092616547,0.0
38.44299092616548,0.0
38.45299092616548,0.0
38.462990926165475,0.0
38.47299092616547,0.0
38.48299092616548,0.0
38.492990926165476,0.0
38.502990926165474,0.0
38.51299092616547,0.0
38.52299092616548,0.0
38.532990926165475,0.0
38.54299092616547,0.0
38.55299092616547,0.0
38.562990926165476,0.0
38.572990926165474,0.0
38.58299092616547,0.0
38.59299092616547,0.0
38.602990926165475,0.0
38.61299092616547,0.0
38.62299092616547,0.0
38.63299092616547,0.0
38.642990926165474,0.0
38.65299092616547,0.0
38.66299092616547,0.0
38.67299092616547,0.0
38.68299092616547,0.0
38.69299092616547,0.0
38.70299092616547,0.0
38.71299092616547,0.0
38.72299092616547,0.0
38.73299092616547,0.0
38.74299092616547,0.0
38.75299092616547,0.0
38.76299092616547,0.0
38.77299092616547,0.0
38.78299092616547,0.0
38.792990926165466,0.0
38.80299092616547,0.0
38.81299092616547,0.0
38.82299092616547,0.0
38.832990926165465,0.0
38.84299092616547,0.0
38.85299092616547,0.0
38.862990926165466,0.0
38.872990926165464,0.0
38.88299092616547,0.0
38.89299092616547,0.0
38.902990926165465,0.0
38.91299092616546,0.0
38.92299092616547,0.0
38.932990926165466,0.0
38.942990926165464,0.0
38.95299092616546,0.0
38.96299092616547,0.0
38.972990926165465,0.0
38.98299092616546,0.0
38.99299092616546,0.0
39.00299092616547,0.0
39.012990926165465,0.0
39.02299092616546,0.0
39.03299092616546,0.0
39.042990926165466,0.0
39.052990926165464,0.0
39.06299092616546,0.0
39.07299092616546,0.0
39.082990926165465,0.0
39.09299092616546,0.0
39.10299092616546,0.0
39.11299092616546,0.0
39.122990926165464,0.0
39.13299092616546,0.0
39.14299092616546,0.0
39.15299092616546,0.0
39.16299092616546,0.0
39.17299092616546,0.0
39.18299092616546,0.0
39.19299092616546,0.0
39.20299092616546,0.0
39.21299092616546,0.0
39.22299092616546,0.0
39.232990926165456,0.0
39.24299092616546,0.0
39.25299092616546,0.0
39.26299092616546,0.0
39.272990926165456,0.0
39.28299092616546,0.0
39.29299092616546,0.0
