14.942990926165978,-0.4992437848390898
14.952990926165977,-0.49908771569694516
14.962990926165977,-0.49890065887349516
14.972990926165977,-0.4986767186284164
14.982990926165977,-0.49840892968579253
14.992990926165977,-0.4980890734366229
15.002990926165976,-0.4977074644827647
15.012990926165976,-0.4972527030846801
15.022990926165976,-0.4967113884716234
15.032990926165976,-0.4960677872969922
15.042990926165976,-0.49530345076643917
15.052990926165975,-0.4943967731245017
15.062990926165975,-0.4933224832490457
15.072990926165975,-0.492051060063404
15.082990926165975,-0.49054806132501694
15.092990926165974,-0.48877335407761213
15.102990926165974,-0.4866802336521734
15.112990926165974,-0.4842144165606096
15.122990926165974,-0.48131289093550406
15.132990926165974,-0.4779026063199191
15.142990926165973,-0.4738989825934042
15.152990926165973,-0.46920421562479636
15.162990926165973,-0.4637053548602382
15.172990926165973,-0.45727212547781554
15.182990926165973,-0.4497544649609361
15.192990926165972,-0.4409797409547209
15.202990926165972,-0.43074961406835277
15.212990926165972,-0.41883650586827803
15.222990926165972,-0.40497962867122267
15.232990926165972,-0.3888805298933701
15.242990926165971,-0.3701980996468185
15.252990926165971,-0.34854298600388434
15.26299092616597,-0.32347135788499076
15.27299092616597,-0.2944779508819986
15.28299092616597,-0.26098832652589143
15.29299092616597,-0.22235027057094997
15.30299092616597,-0.17782425082797815
15.31299092616597,-0.1265728499742062
15.32299092616597,-0.06764908364150712
15.33299092616597,1.6491010656649596e-05
15.34299092616597,0.07762997603578908
15.352990926165969,0.16654974739848522
15.362990926165969,0.2683035928838114
15.372990926165969,0.38460748675865236
15.382990926165968,0.5173861185936095
15.392990926165968,0.668795296996727
15.402990926165968,0.8412463517113453
15.412990926165968,1.0374326594635643
15.422990926165967,1.2603584199733864
15.432990926165967,1.5133698085220506
15.442990926165967,1.8001886302404833
15.452990926165967,2.124948598686973
15.462990926165967,2.492234357143989
15.472990926165966,2.9071233552069793
15.482990926165966,3.375230685478452
15.492990926165966,3.9027569753320144
15.502990926165966,4.496539416585224
15.512990926165966,5.1641060013289675
15.522990926165965,5.913733014920792
15.532990926165965,6.754505817081254
15.542990926165965,7.696382918967011
15.552990926165965,8.750263337875202
15.562990926165964,9.928057181720888
15.572990926165964,11.24275938250213
15.582990926165964,12.708526461531887
15.592990926165964,14.340756169203924
15.602990926165964,16.15616979844131
15.612990926165963,18.172896923753832
15.622990926165963,20.410562267055504
15.632990926165963,22.890374337162044
15.642990926165963,25.635215432348033
15.652990926165963,28.66973253470374
15.662990926165962,32.02042856155837
15.672990926165962,35.71575337326299
15.682990926165962,39.78619386855584
15.692990926165962,44.26436242903712
15.702990926165961,49.18508290350992
15.712990926165961,54.585473251718106
15.722990926165961,60.5050238960352
15.73299092616596,66.9856707596988
15.74299092616596,74.07186190210018
15.75299092616596,81.81061659633916
15.76299092616596,90.2515756327375
15.77299092616596,99.44704157531123
15.78299092616596,109.45200764744524
15.79299092616596,120.32417387933745
15.80299092616596,132.12394911437727
15.81299092616596,144.9144374457077
15.822990926165959,158.76140763901378
15.832990926165959,173.733244094311
15.842990926165958,189.900877909381
15.852990926165958,207.33769663168766
15.862990926165958,226.1194313252212
15.872990926165958,246.32401963481198
15.882990926165958,268.03144360397454
15.892990926165957,291.32354109412574
15.902990926165957,316.283789763774
15.912990926165957,342.99706269654615
15.922990926165957,371.5493549170666
15.932990926165957,402.02748020391516
15.942990926165956,434.51873779910767
15.952990926165956,469.1105488234938
15.962990926165956,505.8900624366131
15.972990926165956,544.9437320271074
15.982990926165956,586.3568619846586
15.992990926165955,630.2131258852602
16.002990926165957,676.594057216803
16.012990926165955,725.5785140793919
16.022990926165953,777.2421196126776
16.032990926165954,831.6566802273268
16.042990926165956,888.8895840481185
16.052990926165954,949.0031823078724
16.062990926165952,1012.054156761458
16.072990926165954,1078.0928765141862
16.082990926165955,1147.162747975307
16.092990926165953,1219.2995619509966
16.10299092616595,1294.5308421779607
16.112990926165953,1372.8751998650075
16.122990926165954,1454.3416990516137
16.132990926165952,1538.929237805152
16.14299092616595,1626.625950458046
16.152990926165952,1717.4086362292137
16.162990926165953,1811.2422196771743
16.17299092616595,1908.079248491272
16.18299092616595,2007.8594341393307
16.19299092616595,2110.5092408525447
16.202990926165953,2215.941528339118
16.21299092616595,2324.05525347483
16.22299092616595,2434.7352360196905
16.23299092616595,2547.851993155062
16.24299092616595,2663.261647324811
16.25299092616595,2780.8059114970783
16.262990926165948,2900.3121555410466
16.27299092616595,3021.5935569380763
16.28299092616595,3144.449338521193
16.29299092616595,3268.6650953636154
16.302990926165947,3394.013212319511
16.31299092616595,3520.2533730635923
16.32299092616595,3647.1331607856177
16.332990926165948,3774.3887499763027
16.342990926165946,3901.7456879987462
16.352990926165948,4028.9197643816274
16.36299092616595,4155.6179650043605
16.372990926165947,4281.539507576724
16.382990926165945,4406.37695405409
16.392990926165947,4529.817394882843
16.40299092616595,4651.543699246983
16.412990926165946,4771.2358247935335
16.422990926165944,4888.572179659158
16.432990926165946,5003.231029011826
16.442990926165947,5114.89193776684
16.452990926165945,5223.237240642275
16.462990926165944,5327.953530291601
16.472990926165945,5428.733153897484
16.482990926165947,5525.27570833563
16.492990926165945,5617.289523825001
16.502990926165943,5704.493125874394
16.512990926165944,5786.616665318715
16.522990926165946,5863.403306312921
16.532990926165944,5934.610562317793
16.542990926165942,6000.011570369473
16.552990926165943,6059.396294273184
16.562990926165945,6112.572647798512
16.572990926165943,6159.367529475175
16.58299092616594,6199.627761190456
16.592990926165943,6233.220923467411
16.602990926165944,6260.036081050408
16.612990926165942,6279.98439323432
16.62299092616594,6292.999604238189
16.63299092616594,6299.0384098354
16.642990926165943,6298.869159365164
16.65299092616594,6295.333681390381
16.66299092616594,6288.693646054287
16.67299092616594,6278.958880627686
16.682990926165942,6266.143780077177
16.69299092616594,6250.267271594209
16.70299092616594,6231.352768012174
16.71299092616594,6209.428110272067
16.72299092616594,6184.525499134585
16.73299092616594,6156.681416373105
16.742990926165938,6125.936535717494
16.75299092616594,6092.3356238531105
16.76299092616594,6055.927431812249
16.77299092616594,6016.764577126744
16.782990926165937,5974.903417140484
16.79299092616594,5930.403913908734
16.80299092616594,5883.3294911374205
16.812990926165938,5833.746883639849
16.822990926165936,5781.7259798107625
16.832990926165937,5727.339657637869
16.84299092616594,5670.663614788819
16.852990926165937,5611.776193327282
16.862990926165935,5550.758199625334
16.872990926165937,5487.69272005043
16.882990926165938,5422.664933013739
16.892990926165936,5355.761917972862
16.902990926165934,5287.072461985997
16.912990926165936,5216.686864416118
16.922990926165937,5144.696740382693
16.932990926165935,5071.194823555183
16.942990926165933,4996.274768877284
16.952990926165935,4920.03095580317
16.962990926165936,4842.558292616818
16.972990926165934,4763.952022393521
16.982990926165932,4684.307531148858
16.992990926165934,4603.720158704471
17.002990926165936,4522.285012781992
17.012990926165934,4440.09678681698
17.02299092616593,4357.249581963878
17.032990926165933,4273.836733740425
17.042990926165935,4189.950643735823
17.052990926165933,4105.682616781807
17.06299092616593,4021.1227039597525
17.072990926165932,3936.359551789773
17.082990926165934,3851.4802579195184
17.092990926165932,3766.5702336016693
17.10299092616593,3681.7130732201517
17.11299092616593,3596.9904310954594
17.122990926165933,3512.4819057693458
17.13299092616593,3428.264931939118
17.14299092616593,3344.4146801820334
17.15299092616593,3261.0039645803968
17.162990926165932,3178.1031583281724
17.17299092616593,3095.780117370684
17.182990926165928,3014.100112100564
17.19299092616593,2933.1257671050416
17.20299092616593,2852.9170089320764
17.21299092616593,2773.5310218163886
17.222990926165927,2695.0222112810866
17.23299092616593,2617.4421755060685
17.24299092616593,2540.839684331284
17.25299092616593,2465.2606657486094
17.262990926165926,2390.7481998090693
17.272990926165928,2317.34252080836
17.28299092616593,2245.081036958338
17.292990926165928,2173.9984393143
17.302990926165926,2104.1273698981922
17.312990926165927,2035.5022563855687
17.32299092616593,1968.1784880293937
17.332990926165927,1902.3141643494819
17.342990926165925,1838.4634316822717
17.352990926165926,1778.4487286133078
17.362990926165928,1727.4552619631907
17.372990926165926,1697.8860228003464
17.382990926165924,1714.068786628614
17.392990926165925,1813.4880838403233
17.402990926165927,2036.8455290835182
17.412990926165925,2401.9091783041563
17.422990926165923,2869.73037457133
17.432990926165925,3329.3888750955666
17.442990926165926,3627.9941470382255
17.452990926165924,3642.4734833550738
17.462990926165922,3348.836501070725
17.472990926165924,2836.497193064454
17.482990926165925,2256.164973360007
17.492990926165923,1742.1278351164942
17.50299092616592,1362.5355874434717
17.512990926165923,1118.6512652268964
17.522990926165924,975.005064566485
17.532990926165922,890.725012826962
17.54299092616592,835.8988555573517
17.552990926165922,793.8395556548379
17.562990926165924,757.0161663678742
17.57299092616592,722.5967272955163
17.58299092616592,689.6723973761603
17.59299092616592,657.9824703818435
17.602990926165923,627.4490941525141
17.61299092616592,598.0378273058376
17.62299092616592,569.7227177164024
17.63299092616592,542.4789464323139
17.642990926165922,516.2815524158959
17.65299092616592,491.1052903784125
17.662990926165918,466.92466681160613
17.67299092616592,443.7139981476733
17.68299092616592,421.44746926043535
17.69299092616592,400.0991896686891
17.702990926165917,379.6432471415478
17.71299092616592,360.0537586589302
17.72299092616592,341.3049187121669
17.732990926165918,323.37104494102533
17.742990926165916,306.2266211127656
17.752990926165918,289.8463374574918
17.76299092616592,274.2051283821628
17.772990926165917,259.2782075932628
17.782990926165915,245.04110066530822
17.792990926165917,231.46967509894012
17.80299092616592,218.54016791838555
17.812990926165917,206.2292108636273
17.822990926165915,194.51385323769006
17.832990926165916,183.37158247397358
17.842990926165918,172.7803424925418
17.852990926165916,162.718549917821
17.862990926165914,153.16510823324336
17.872990926165915,144.09941995095613
17.882990926165917,135.5013968768285
17.892990926165915,127.3514685527031
17.902990926165913,119.63058895916173
17.912990926165914,112.32024156296735
17.922990926165916,105.40244279384781
17.932990926165914,98.85974403545728
17.942990926165912,92.67523221521013
17.952990926165914,86.83252907719229
17.962990926165915,81.31578922156837
17.972990926165913,76.10969699285921
17.98299092616591,71.19946229818918
17.992990926165913,66.57081543507405
18.002990926165914,62.21000100657605
18.012990926165912,58.10377099973617
18.02299092616591,54.23937710112292
18.032990926165912,50.60456232110044
18.042990926165913,47.187551996045805
18.05299092616591,43.97704423527755
18.06299092616591,40.962199876906254
18.07299092616591,38.13263201417571
18.082990926165913,35.47839515116037
18.09299092616591,32.98997404394619
18.10299092616591,30.65827228066383
18.11299092616591,28.474600650957733
18.12299092616591,26.43066535268498
18.13299092616591,24.518556080865867
18.142990926165908,22.730734041161657
18.15299092616591,21.060019927435018
18.16299092616591,19.499581900262715
18.17299092616591,18.042923600643984
18.182990926165907,16.683872230580292
18.19299092616591,15.416566729694278
18.20299092616591,14.23544607461513
18.212990926165908,13.13523772549741
18.222990926165906,12.110946241763616
18.232990926165908,11.157842086963896
18.24299092616591,10.271450640533663
18.252990926165907,9.447541432211903
18.262990926165905,8.682117612958352
18.272990926165907,7.971405674372663
18.28299092616591,7.311845426875968
18.292990926165906,6.700080245269673
18.302990926165904,6.132947588735907
18.312990926165906,5.607469800884722
18.322990926165907,5.120845194084549
18.332990926165905,4.6704394210371305
18.342990926165903,4.253777135373333
18.352990926165905,3.868533941946292
18.362990926165907,3.512528636482931
18.372990926165905,3.18371573332349
18.382990926165903,2.8801782791278288
18.392990926165904,2.6001209496522733
18.402990926165906,2.341863425998968
18.412990926165904,2.1038340461102623
18.4229909261659,1.8845637267196444
18.432990926165903,1.6826801504732285
18.442990926165905,1.4969022124993696
18.452990926165903,1.3260347203263854
18.4629909261659,1.1689633407261901
18.472990926165902,1.0246497867901778
18.482990926165904,0.8921272383202976
18.492990926165902,0.7704959884407068
18.5029909261659,0.6589193092002166
18.5129909261659,0.5566195288389229
18.522990926165903,0.4628743133315408
18.5329909261659,0.37701314479262543
18.5429909261659,0.298413989332138
18.5529909261659,0.22650014698035376
18.562990926165902,0.160737276356625
18.5729909261659,0.10063058683498033
18.5829909261659,0.045722191058441275
18.5929909261659,-0.004411389229395102
18.6029909261659,-0.050161570934541044
18.6129909261659,-0.09188991769690347
18.622990926165897,-0.12993021490233347
18.6329909261659,-0.16459041804730073
18.6429909261659,-0.1961544807037186
18.6529909261659,-0.22488406814694734
18.662990926165897,-0.2510201625198079
18.672990926165898,-0.2747845652110751
18.6829909261659,-0.29638130192960477
18.692990926165898,-0.315997935755798
18.702990926165896,-0.3338067932518015
18.712990926165897,-0.3499661085115715
18.7229909261659,-0.3646210898326131
18.732990926165897,-0.3779049134934065
18.742990926165895,-0.3899396489250258
18.752990926165896,-0.40083711937291777
18.762990926165898,-0.4106997019557144
18.772990926165896,-0.41962107084272393
18.782990926165894,-0.42768688709077735
18.792990926165896,-0.43497543850482306
18.802990926165897,-0.4415582327153196
18.812990926165895,-0.4475005464992262
18.822990926165893,-0.4528619342104961
18.832990926165895,-0.45769669803055446
18.842990926165896,-0.46205432259944296
18.852990926165894,-0.4659798764441001
18.862990926165892,-0.4695143824817311
18.872990926165894,-0.47269515974338217
18.882990926165895,-0.475556138335672
18.892990926165893,-0.47812814953704597
18.90299092616589,-0.48043919280887704
18.912990926165893,-0.48251468139114795
18.922990926165895,-0.4843776680472087
18.932990926165893,-0.486049052422081
18.94299092616589,-0.4875477713838466
18.952990926165892,-0.4888909736276883
18.962990926165894,-0.490094179736989
18.972990926165892,-0.49117142881537584
18.98299092616589,-0.4921354127275688
18.99299092616589,-0.492997598915191
19.002990926165893,-0.4937683426861643
19.01299092616589,-0.49445698981276065
19.02299092616589,-0.495071970213653
19.03299092616589,-0.4956208834392412
19.042990926165892,-0.4961105766269474
19.05299092616589,-0.49654721554392195
19.062990926165888,-0.4969363492885048
19.07299092616589,-0.4972829691787005
19.08299092616589,-0.4975915623156915
19.09299092616589,-0.4978661602728716
19.102990926165887,-0.49811038332590046
19.11299092616589,-0.4983274806067024
19.12299092616589,-0.49852036653403714
19.13299092616589,-0.49869165384511177
19.142990926165886,-0.49884368352656006
19.152990926165888,-0.49897855191886925
19.16299092616589,-0.49909813524586344
19.172990926165888,-0.49920411180004737
19.182990926165886,-0.49929798199536923
19.192990926165887,-0.4993810864811744
19.20299092616589,-0.49945462249469774
19.212990926165887,-0.49951965861428915
19.222990926165885,-0.4995771480615982
19.232990926165886,-0.4996279406880793
19.242990926165888,-0.49967279376933965
19.252990926165886,-0.4997123817199665
19.262990926165884,-0.4997473048314702
19.272990926165885,-0.4997780971267987
19.282990926165887,-0.4998052334164601
19.292990926165885,-0.49982913563357223
19.302990926165883,-0.4998501785180932
19.312990926165885,-0.49986869471402035
19.322990926165886,-0.49988497933743464
19.332990926165884,-0.4998992940678669
19.342990926165882,-0.49991187081053334
19.352990926165884,-0.49992291497249075
19.362990926165885,-0.4999326083916649
19.372990926165883,-0.4999411119539727
19.38299092616588,-0.4999485679303624
19.392990926165883,-0.49995510206250804
19.402990926165884,-0.4999608254230881
19.412990926165882,-0.49996583607402934
19.42299092616588,-0.4999702205437852
19.432990926165882,-0.4999740551426235
19.442990926165884,-0.49997740713299654
19.45299092616588,-0.4999803357703497
19.46299092616588,-0.4999828932281688
19.47299092616588,-0.49998512541965934
19.482990926165883,-0.4999870727271833
19.49299092616588,-0.4999887706494298
19.50299092616588,-0.49999025037526357
19.51299092616588,-0.49999153929226225
19.522990926165882,-0.4999926614371147
19.53299092616588,-0.4999936378942946
19.542990926165878,-0.4999944871487465
19.55299092616588,-0.4999952253977076
19.56299092616588,-0.4999958668262411
19.57299092616588,-0.49999642385056453
19.582990926165877,-0.4999969073328123
19.59299092616588,-0.4999973267704782
19.60299092616588,-0.4999976904634259
19.612990926165878,-0.49999800566104036
19.622990926165876,-0.49999827869180624
19.632990926165878,-0.49999851507734766
19.64299092616588,-0.4999987196327341
19.652990926165877,-0.4999988965546576
19.662990926165875,-0.49999904949890184
19.672990926165877,-0.49999918164836643
19.68299092616588,-0.49999929577276314
19.692990926165876,-0.4999993942809733
19.702990926165874,-0.4999994792669442
19.712990926165876,-0.49999955254989703
19.722990926165878,-0.49999961570953316
19.732990926165876,-0.49999967011684215
19.742990926165874,-0.499999716961047
19.752990926165875,-0.4999997572731564
19.762990926165877,-0.49999979194654054
19.772990926165875,-0.4999998217548966
19.782990926165873,-0.499999847367925
19.792990926165874,-0.49999986936500224
19.802990926165876,-0.49999988824709807
19.812990926165874,-0.49999990444715764
19.822990926165872,-0.4999999183391408
19.832990926165873,-0.4999999302458882
19.842990926165875,-0.49999994044596185
19.852990926165873,-0.4999999491795917
19.86299092616587,-0.49999995665384106
19.872990926165873,-0.49999996304709193
19.882990926165874,-0.49999996851293665
19.892990926165872,-0.4999999731835535
19.90299092616587,-0.49999997717263245
19.91299092616587,-0.49999998057790973
19.922990926165873,-0.49999998348336244
19.93299092616587,-0.4999999859611077
19.94299092616587,-0.49999998807304497
19.95299092616587,-0.4999999898722761
19.962990926165872,-0.4999999914043315
19.97299092616587,-0.4999999927082294
19.98299092616587,-0.49999999381738974
19.99299092616587,-0.4999999947604224
20.00299092616587,-0.4999999955618067
20.01299092616587,-0.49999999624247665
20.022990926165868,-0.49999999682032525
20.03299092616587,-0.49999999731063816
20.04299092616587,-0.49999999772646675
20.05299092616587,-0.4999999980789489
20.062990926165867,-0.4999999983775846
20.07299092616587,-0.49999999863047256
20.08299092616587,-0.4999999988445133
20.092990926165868,-0.49999999902558334
20.102990926165866,-0.4999999991786846
20.112990926165867,-0.4999999993080722
20.12299092616587,-0.4999999994173642
20.132990926165867,-0.4999999995096355
20.142990926165865,-0.49999999958749763
20.152990926165867,-0.4999999996531678
20.162990926165868,-0.4999999997085273
20.172990926165866,-0.4999999997551715
20.182990926165864,-0.49999999979445287
20.192990926165866,-0.4999999998275169
20.202990926165867,-0.4999999998553338
20.212990926165865,-0.4999999998787244
20.222990926165863,-0.4999999998983833
20.232990926165865,-0.49999999991489746
20.242990926165866,-0.4999999999287631
20.252990926165864,-0.499999999940399
20.262990926165863,-0.4999999999501589
20.272990926165864,-0.4999999999583412
20.282990926165866,-0.4999999999651974
20.292990926165864,-0.4999999999709395
20.30299092616586,-0.4999999999757463
20.312990926165863,-0.49999999997976796
20.322990926165865,-0.49999999998313105
20.332990926165863,-0.4999999999859421
20.34299092616586,-0.4999999999882905
20.352990926165862,-0.4999999999902514
20.362990926165864,-0.49999999999188793
20.372990926165862,-0.49999999999325306
20.38299092616586,-0.4999999999943912
20.39299092616586,-0.4999999999953397
20.402990926165863,-0.49999999999612965
20.41299092616586,-0.49999999999678735
20.42299092616586,-0.4999999999973346
20.43299092616586,-0.49999999999778966
20.442990926165862,-0.49999999999816797
20.45299092616586,-0.49999999999848227
20.46299092616586,-0.4999999999987433
20.47299092616586,-0.4999999999989599
20.48299092616586,-0.4999999999991396
20.49299092616586,-0.4999999999992886
20.502990926165857,-0.4999999999994121
20.51299092616586,-0.4999999999995144
20.52299092616586,-0.4999999999995991
20.53299092616586,-0.49999999999966915
20.542990926165857,-0.4999999999997271
20.552990926165858,-0.49999999999977507
20.56299092616586,-0.49999999999981465
20.572990926165858,-0.49999999999984734
20.582990926165856,-0.4999999999998743
20.592990926165857,-0.4999999999998966
20.60299092616586,-0.49999999999991496
20.612990926165857,-0.4999999999999301
20.622990926165855,-0.49999999999994255
20.632990926165856,-0.4999999999999528
20.642990926165858,-0.49999999999996125
20.652990926165856,-0.49999999999996825
20.662990926165854,-0.49999999999997397
20.672990926165856,-0.49999999999997863
20.682990926165857,-0.4999999999999825
20.692990926165855,-0.4999999999999857
20.702990926165853,-0.49999999999998823
20.712990926165855,-0.4999999999999904
20.722990926165856,-0.4999999999999921
20.732990926165854,-0.49999999999999356
20.742990926165852,-0.4999999999999947
20.752990926165854,-0.49999999999999567
20.762990926165855,-0.49999999999999645
20.772990926165853,-0.4999999999999971
20.78299092616585,-0.4999999999999976
20.792990926165853,-0.49999999999999806
20.802990926165855,-0.4999999999999984
20.812990926165853,-0.4999999999999987
20.82299092616585,-0.49999999999999895
20.832990926165852,-0.4999999999999991
20.842990926165854,-0.4999999999999993
20.85299092616585,-0.4999999999999994
20.86299092616585,-0.4999999999999995
20.87299092616585,-0.4999999999999996
20.882990926165853,-0.49999999999999967
20.89299092616585,-0.4999999999999997
20.90299092616585,-0.4999999999999998
20.91299092616585,-0.4999999999999998
20.922990926165852,-0.49999999999999983
20.93299092616585,-0.49999999999999983
20.942990926165848,-0.4999999999999999
20.95299092616585,-0.4999999999999999
20.96299092616585,-0.4999999999999999
20.97299092616585,-0.4999999999999999
20.982990926165847,-0.4999999999999999
20.99299092616585,-0.4999999999999999
21.00299092616585,-0.49999999999999994
21.01299092616585,-0.49999999999999994
21.022990926165846,-0.49999999999999994
21.032990926165848,-0.49999999999999994
21.04299092616585,-0.49999999999999994
21.052990926165847,-0.49999999999999994
21.062990926165845,-0.49999999999999994
21.072990926165847,-0.49999999999999994
21.08299092616585,-0.49999999999999994
21.092990926165847,-0.49999999999999994
21.102990926165845,-0.49999999999999994
21.112990926165846,-0.49999999999999994
21.122990926165848,-0.49999999999999994
21.132990926165846,-0.49999999999999994
21.142990926165844,-0.49999999999999994
21.152990926165845,-0.49999999999999994
21.162990926165847,-0.49999999999999994
21.172990926165845,-0.49999999999999994
21.182990926165843,-0.49999999999999994
21.192990926165844,-0.49999999999999994
21.202990926165846,-0.49999999999999994
21.212990926165844,-0.49999999999999994
21.222990926165842,-0.49999999999999994
21.232990926165844,-0.49999999999999994
21.242990926165845,-0.49999999999999994
21.252990926165843,-0.49999999999999994
21.26299092616584,-0.49999999999999994
21.272990926165843,-0.49999999999999994
21.282990926165844,-0.49999999999999994
21.292990926165842,-0.49999999999999994
21.30299092616584,-0.49999999999999994
21.312990926165842,-0.49999999999999994
21.322990926165843,-0.49999999999999994
21.33299092616584,-0.49999999999999994
21.34299092616584,-0.49999999999999994
21.35299092616584,-0.49999999999999994
21.362990926165843,-0.49999999999999994
21.37299092616584,-0.49999999999999994
21.38299092616584,-0.49999999999999994
21.39299092616584,-0.49999999999999994
21.40299092616584,-0.49999999999999994
21.41299092616584,-0.49999999999999994
21.422990926165838,-0.49999999999999994
21.43299092616584,-0.49999999999999994
21.44299092616584,-0.49999999999999994
21.45299092616584,-0.49999999999999994
21.462990926165837,-0.49999999999999994
21.47299092616584,-0.49999999999999994
21.48299092616584,-0.49999999999999994
21.492990926165838,-0.49999999999999994
21.502990926165836,-0.49999999999999994
21.512990926165838,-0.49999999999999994
21.52299092616584,-0.49999999999999994
21.532990926165837,-0.49999999999999994
21.542990926165835,-0.49999999999999994
21.552990926165837,-0.49999999999999994
21.56299092616584,-0.49999999999999994
21.572990926165836,-0.49999999999999994
21.582990926165834,-0.49999999999999994
21.592990926165836,-0.49999999999999994
21.602990926165837,-0.49999999999999994
21.612990926165836,-0.49999999999999994
21.622990926165834,-0.49999999999999994
21.632990926165835,-0.49999999999999994
21.642990926165837,-0.49999999999999994
21.652990926165835,-0.49999999999999994
21.662990926165833,-0.49999999999999994
21.672990926165834,-0.49999999999999994
21.682990926165836,-0.49999999999999994
21.692990926165834,-0.49999999999999994
21.702990926165832,-0.49999999999999994
21.712990926165833,-0.49999999999999994
21.722990926165835,-0.49999999999999994
21.732990926165833,-0.49999999999999994
21.74299092616583,-0.49999999999999994
21.752990926165833,-0.49999999999999994
21.762990926165834,-0.49999999999999994
21.772990926165832,-0.49999999999999994
21.78299092616583,-0.49999999999999994
21.79299092616583,-0.49999999999999994
21.802990926165833,-0.49999999999999994
21.81299092616583,-0.49999999999999994
21.82299092616583,-0.49999999999999994
21.83299092616583,-0.49999999999999994
21.842990926165832,-0.49999999999999994
21.85299092616583,-0.49999999999999994
21.86299092616583,-0.49999999999999994
21.87299092616583,-0.49999999999999994
21.88299092616583,-0.49999999999999994
21.89299092616583,-0.49999999999999994
21.902990926165828,-0.49999999999999994
21.91299092616583,-0.49999999999999994
21.92299092616583,-0.49999999999999994
21.93299092616583,-0.49999999999999994
21.942990926165827,-0.49999999999999994
21.95299092616583,-0.49999999999999994
21.96299092616583,-0.49999999999999994
21.972990926165828,-0.49999999999999994
21.982990926165826,-0.49999999999999994
21.992990926165827,-0.49999999999999994
22.00299092616583,-0.49999999999999994
22.012990926165827,-0.49999999999999994
22.022990926165825,-0.49999999999999994
22.032990926165827,-0.49999999999999994
22.042990926165828,-0.49999999999999994
22.052990926165826,-0.49999999999999994
22.062990926165824,-0.49999999999999994
22.072990926165826,-0.49999999999999994
22.082990926165827,-0.49999999999999994
22.092990926165825,-0.49999999999999994
22.102990926165823,-0.49999999999999994
22.112990926165825,-0.49999999999999994
22.122990926165826,-0.49999999999999994
22.132990926165824,-0.49999999999999994
22.142990926165822,-0.49999999999999994
22.152990926165824,-0.49999999999999994
22.162990926165826,-0.49999999999999994
22.172990926165824,-0.49999999999999994
22.18299092616582,-0.49999999999999994
22.192990926165823,-0.49999999999999994
22.202990926165825,-0.49999999999999994
22.212990926165823,-0.49999999999999994
22.22299092616582,-0.49999999999999994
22.232990926165822,-0.49999999999999994
22.242990926165824,-0.49999999999999994
22.252990926165822,-0.49999999999999994
22.26299092616582,-0.49999999999999994
22.27299092616582,-0.49999999999999994
22.282990926165823,-0.49999999999999994
22.29299092616582,-0.49999999999999994
22.30299092616582,-0.49999999999999994
22.31299092616582,-0.49999999999999994
22.322990926165822,-0.49999999999999994
22.33299092616582,-0.49999999999999994
22.342990926165818,-0.49999999999999994
22.35299092616582,-0.49999999999999994
22.36299092616582,-0.49999999999999994
22.37299092616582,-0.49999999999999994
22.382990926165817,-0.49999999999999994
22.39299092616582,-0.49999999999999994
22.40299092616582,-0.49999999999999994
22.41299092616582,-0.49999999999999994
22.422990926165816,-0.49999999999999994
22.432990926165818,-0.49999999999999994
22.44299092616582,-0.49999999999999994
22.452990926165818,-0.49999999999999994
22.462990926165816,-0.49999999999999994
22.472990926165817,-0.49999999999999994
22.48299092616582,-0.49999999999999994
22.492990926165817,-0.49999999999999994
22.502990926165815,-0.49999999999999994
22.512990926165816,-0.49999999999999994
22.522990926165818,-0.49999999999999994
22.532990926165816,-0.49999999999999994
22.542990926165814,-0.49999999999999994
22.552990926165815,-0.49999999999999994
22.562990926165817,-0.49999999999999994
22.572990926165815,-0.49999999999999994
22.582990926165813,-0.49999999999999994
22.592990926165815,-0.49999999999999994
22.602990926165816,-0.49999999999999994
22.612990926165814,-0.49999999999999994
22.622990926165812,-0.49999999999999994
22.632990926165814,-0.49999999999999994
22.642990926165815,-0.49999999999999994
22.652990926165813,-0.49999999999999994
22.66299092616581,-0.49999999999999994
22.672990926165813,-0.49999999999999994
22.682990926165814,-0.49999999999999994
22.692990926165812,-0.49999999999999994
22.70299092616581,-0.49999999999999994
22.712990926165812,-0.49999999999999994
22.722990926165814,-0.49999999999999994
22.73299092616581,-0.49999999999999994
22.74299092616581,-0.49999999999999994
22.75299092616581,-0.49999999999999994
22.762990926165813,-0.49999999999999994
22.77299092616581,-0.49999999999999994
22.78299092616581,-0.49999999999999994
22.79299092616581,-0.49999999999999994
22.802990926165812,-0.49999999999999994
22.81299092616581,-0.49999999999999994
22.822990926165808,-0.49999999999999994
22.83299092616581,-0.49999999999999994
22.84299092616581,-0.49999999999999994
22.85299092616581,-0.49999999999999994
22.862990926165807,-0.49999999999999994
22.87299092616581,-0.49999999999999994
22.88299092616581,-0.49999999999999994
22.892990926165808,-0.49999999999999994
22.902990926165806,-0.49999999999999994
22.912990926165808,-0.49999999999999994
22.92299092616581,-0.49999999999999994
22.932990926165807,-0.49999999999999994
22.942990926165805,-0.49999999999999994
22.952990926165807,-0.49999999999999994
22.96299092616581,-0.49999999999999994
22.972990926165807,-0.49999999999999994
22.982990926165805,-0.49999999999999994
22.992990926165806,-0.49999999999999994
23.002990926165808,-0.49999999999999994
23.012990926165806,-0.49999999999999994
23.022990926165804,-0.49999999999999994
23.032990926165805,-0.49999999999999994
23.042990926165807,-0.49999999999999994
23.052990926165805,-0.49999999999999994
23.062990926165803,-0.49999999999999994
23.072990926165804,-0.49999999999999994
23.082990926165806,-0.49999999999999994
23.092990926165804,-0.49999999999999994
23.102990926165802,-0.49999999999999994
23.112990926165804,-0.49999999999999994
23.122990926165805,-0.49999999999999994
23.132990926165803,-0.49999999999999994
23.1429909261658,-0.49999999999999994
23.152990926165803,-0.49999999999999994
23.162990926165804,-0.49999999999999994
23.172990926165802,-0.49999999999999994
23.1829909261658,-0.49999999999999994
23.192990926165802,-0.49999999999999994
23.202990926165803,-0.49999999999999994
23.2129909261658,-0.49999999999999994
23.2229909261658,-0.49999999999999994
23.2329909261658,-0.49999999999999994
23.242990926165803,-0.49999999999999994
23.2529909261658,-0.49999999999999994
23.2629909261658,-0.49999999999999994
23.2729909261658,-0.49999999999999994
23.2829909261658,-0.49999999999999994
23.2929909261658,-0.49999999999999994
23.302990926165798,-0.49999999999999994
23.3129909261658,-0.49999999999999994
23.3229909261658,-0.49999999999999994
23.3329909261658,-0.49999999999999994
23.342990926165797,-0.49999999999999994
23.3529909261658,-0.49999999999999994
23.3629909261658,-0.49999999999999994
23.372990926165798,-0.49999999999999994
23.382990926165796,-0.49999999999999994
23.392990926165798,-0.49999999999999994
23.4029909261658,-0.49999999999999994
23.412990926165797,-0.49999999999999994
23.422990926165795,-0.49999999999999994
23.432990926165797,-0.49999999999999994
23.4429909261658,-0.49999999999999994
23.452990926165796,-0.49999999999999994
23.462990926165794,-0.49999999999999994
23.472990926165796,-0.49999999999999994
23.482990926165797,-0.49999999999999994
23.492990926165795,-0.49999999999999994
23.502990926165793,-0.49999999999999994
23.512990926165795,-0.49999999999999994
23.522990926165797,-0.49999999999999994
23.532990926165795,-0.49999999999999994
23.542990926165793,-0.49999999999999994
23.552990926165794,-0.49999999999999994
23.562990926165796,-0.49999999999999994
23.572990926165794,-0.49999999999999994
23.58299092616579,-0.49999999999999994
23.592990926165793,-0.49999999999999994
23.602990926165795,-0.49999999999999994
23.612990926165793,-0.49999999999999994
23.62299092616579,-0.49999999999999994
23.632990926165792,-0.49999999999999994
23.642990926165794,-0.49999999999999994
23.652990926165792,-0.49999999999999994
23.66299092616579,-0.49999999999999994
23.67299092616579,-0.49999999999999994
23.682990926165793,-0.49999999999999994
23.69299092616579,-0.49999999999999994
23.70299092616579,-0.49999999999999994
23.71299092616579,-0.49999999999999994
23.722990926165792,-0.49999999999999994
23.73299092616579,-0.49999999999999994
23.74299092616579,-0.49999999999999994
23.75299092616579,-0.49999999999999994
23.76299092616579,-0.49999999999999994
23.77299092616579,-0.49999999999999994
23.782990926165787,-0.49999999999999994
23.79299092616579,-0.49999999999999994
23.80299092616579,-0.49999999999999994
23.81299092616579,-0.49999999999999994
23.822990926165787,-0.49999999999999994
23.832990926165788,-0.49999999999999994
23.84299092616579,-0.49999999999999994
23.852990926165788,-0.49999999999999994
23.862990926165786,-0.49999999999999994
23.872990926165787,-0.49999999999999994
23.88299092616579,-0.49999999999999994
23.892990926165787,-0.49999999999999994
23.902990926165785,-0.49999999999999994
23.912990926165786,-0.49999999999999994
23.922990926165788,-0.49999999999999994
23.932990926165786,-0.49999999999999994
23.942990926165784,-0.49999999999999994
23.952990926165786,-0.49999999999999994
23.962990926165787,-0.49999999999999994
23.972990926165785,-0.49999999999999994
23.982990926165783,-0.49999999999999994
23.992990926165785,-0.49999999999999994
24.002990926165786,-0.49999999999999994
24.012990926165784,-0.49999999999999994
24.022990926165782,-0.49999999999999994
24.032990926165784,-0.49999999999999994
24.042990926165785,-0.49999999999999994
24.052990926165783,-0.49999999999999994
24.06299092616578,-0.49999999999999994
24.072990926165783,-0.49999999999999994
24.082990926165785,-0.49999999999999994
24.092990926165783,-0.49999999999999994
24.10299092616578,-0.49999999999999994
24.112990926165782,-0.49999999999999994
24.122990926165784,-0.49999999999999994
24.132990926165782,-0.49999999999999994
24.14299092616578,-0.49999999999999994
24.15299092616578,-0.49999999999999994
24.162990926165783,-0.49999999999999994
24.17299092616578,-0.49999999999999994
24.18299092616578,-0.49999999999999994
24.19299092616578,-0.49999999999999994
24.202990926165782,-0.49999999999999994
24.21299092616578,-0.49999999999999994
24.222990926165778,-0.49999999999999994
24.23299092616578,-0.49999999999999994
24.24299092616578,-0.49999999999999994
24.25299092616578,-0.49999999999999994
24.262990926165777,-0.49999999999999994
24.27299092616578,-0.49999999999999994
24.28299092616578,-0.49999999999999994
24.29299092616578,-0.49999999999999994
24.302990926165776,-0.49999999999999994
24.312990926165778,-0.49999999999999994
24.32299092616578,-0.49999999999999994
24.332990926165778,-0.49999999999999994
24.342990926165776,-0.49999999999999994
24.352990926165777,-0.49999999999999994
24.36299092616578,-0.49999999999999994
24.372990926165777,-0.49999999999999994
24.382990926165775,-0.49999999999999994
24.392990926165776,-0.49999999999999994
24.402990926165778,-0.49999999999999994
24.412990926165776,-0.49999999999999994
24.422990926165774,-0.49999999999999994
24.432990926165775,-0.49999999999999994
24.442990926165777,-0.49999999999999994
24.452990926165775,-0.49999999999999994
24.462990926165773,-0.49999999999999994
24.472990926165775,-0.49999999999999994
24.482990926165776,-0.49999999999999994
24.492990926165774,-0.49999999999999994
24.502990926165772,-0.49999999999999994
24.512990926165774,-0.49999999999999994
24.522990926165775,-0.49999999999999994
24.532990926165773,-0.49999999999999994
24.54299092616577,-0.49999999999999994
24.552990926165773,-0.49999999999999994
24.562990926165774,-0.49999999999999994
24.572990926165772,-0.49999999999999994
24.58299092616577,-0.49999999999999994
24.592990926165772,-0.49999999999999994
24.602990926165774,-0.49999999999999994
24.61299092616577,-0.49999999999999994
24.62299092616577,-0.49999999999999994
24.63299092616577,-0.49999999999999994
24.642990926165773,-0.49999999999999994
24.65299092616577,-0.49999999999999994
24.66299092616577,-0.49999999999999994
24.67299092616577,-0.49999999999999994
24.682990926165772,-0.49999999999999994
24.69299092616577,-0.49999999999999994
24.702990926165768,-0.49999999999999994
24.71299092616577,-0.49999999999999994
24.72299092616577,-0.49999999999999994
24.73299092616577,-0.49999999999999994
24.742990926165767,-0.49999999999999994
24.75299092616577,-0.49999999999999994
24.76299092616577,-0.49999999999999994
24.772990926165768,-0.49999999999999994
24.782990926165766,-0.49999999999999994
24.792990926165768,-0.49999999999999994
24.80299092616577,-0.49999999999999994
24.812990926165767,-0.49999999999999994
24.822990926165765,-0.49999999999999994
24.832990926165767,-0.49999999999999994
24.84299092616577,-0.49999999999999994
24.852990926165766,-0.49999999999999994
24.862990926165764,-0.49999999999999994
24.872990926165766,-0.49999999999999994
24.882990926165768,-0.49999999999999994
24.892990926165766,-0.49999999999999994
24.902990926165764,-0.49999999999999994
24.912990926165765,-0.49999999999999994
24.922990926165767,-0.49999999999999994
24.932990926165765,-0.49999999999999994
24.942990926165763,-0.49999999999999994
24.952990926165764,-0.49999999999999994
24.962990926165766,-0.49999999999999994
24.972990926165764,-0.49999999999999994
24.982990926165762,-0.49999999999999994
24.992990926165763,-0.49999999999999994
25.002990926165765,-0.49999999999999994
25.012990926165763,-0.49999999999999994
25.02299092616576,-0.49999999999999994
25.032990926165763,-0.49999999999999994
25.042990926165764,-0.49999999999999994
25.052990926165762,-0.49999999999999994
25.06299092616576,-0.49999999999999994
25.07299092616576,-0.49999999999999994
25.082990926165763,-0.49999999999999994
25.09299092616576,-0.49999999999999994
25.10299092616576,-0.49999999999999994
25.11299092616576,-0.49999999999999994
25.122990926165762,-0.49999999999999994
25.13299092616576,-0.49999999999999994
25.14299092616576,-0.49999999999999994
25.15299092616576,-0.49999999999999994
25.16299092616576,-0.49999999999999994
25.17299092616576,-0.49999999999999994
25.182990926165758,-0.49999999999999994
25.19299092616576,-0.49999999999999994
25.20299092616576,-0.49999999999999994
25.21299092616576,-0.49999999999999994
25.222990926165757,-0.49999999999999994
25.23299092616576,-0.49999999999999994
25.24299092616576,-0.49999999999999994
25.252990926165758,-0.49999999999999994
25.262990926165756,-0.49999999999999994
25.272990926165757,-0.49999999999999994
25.28299092616576,-0.49999999999999994
25.292990926165757,-0.49999999999999994
25.302990926165755,-0.49999999999999994
25.312990926165757,-0.49999999999999994
25.322990926165758,-0.49999999999999994
25.332990926165756,-0.49999999999999994
25.342990926165754,-0.49999999999999994
25.352990926165756,-0.49999999999999994
25.362990926165757,-0.49999999999999994
25.372990926165755,-0.49999999999999994
25.382990926165753,-0.49999999999999994
25.392990926165755,-0.49999999999999994
25.402990926165756,-0.49999999999999994
25.412990926165755,-0.49999999999999994
25.422990926165753,-0.49999999999999994
25.432990926165754,-0.49999999999999994
25.442990926165756,-0.49999999999999994
25.452990926165754,-0.49999999999999994
25.46299092616575,-0.49999999999999994
25.472990926165753,-0.49999999999999994
25.482990926165755,-0.49999999999999994
25.492990926165753,-0.49999999999999994
25.50299092616575,-0.49999999999999994
25.512990926165752,-0.49999999999999994
25.522990926165754,-0.49999999999999994
25.532990926165752,-0.49999999999999994
25.54299092616575,-0.49999999999999994
25.55299092616575,-0.49999999999999994
25.562990926165753,-0.49999999999999994
25.57299092616575,-0.49999999999999994
25.58299092616575,-0.49999999999999994
25.59299092616575,-0.49999999999999994
25.602990926165752,-0.49999999999999994
25.61299092616575,-0.49999999999999994
25.62299092616575,-0.49999999999999994
25.63299092616575,-0.49999999999999994
25.64299092616575,-0.49999999999999994
25.65299092616575,-0.49999999999999994
25.662990926165747,-0.49999999999999994
25.67299092616575,-0.49999999999999994
25.68299092616575,-0.49999999999999994
25.69299092616575,-0.49999999999999994
25.702990926165747,-0.49999999999999994
25.712990926165748,-0.49999999999999994
25.72299092616575,-0.49999999999999994
25.732990926165748,-0.49999999999999994
25.742990926165746,-0.49999999999999994
25.752990926165747,-0.49999999999999994
25.76299092616575,-0.49999999999999994
25.772990926165747,-0.49999999999999994
25.782990926165745,-0.49999999999999994
25.792990926165746,-0.49999999999999994
25.802990926165748,-0.49999999999999994
25.812990926165746,-0.49999999999999994
25.822990926165744,-0.49999999999999994
25.832990926165746,-0.49999999999999994
25.842990926165747,-0.49999999999999994
25.852990926165745,-0.49999999999999994
25.862990926165743,-0.49999999999999994
25.872990926165745,-0.49999999999999994
25.882990926165746,-0.49999999999999994
25.892990926165744,-0.49999999999999994
25.902990926165742,-0.49999999999999994
25.912990926165744,-0.49999999999999994
25.922990926165745,-0.49999999999999994
25.932990926165743,-0.49999999999999994
25.94299092616574,-0.49999999999999994
25.952990926165743,-0.49999999999999994
25.962990926165745,-0.49999999999999994
25.972990926165743,-0.49999999999999994
25.98299092616574,-0.49999999999999994
25.992990926165742,-0.49999999999999994
26.002990926165744,-0.49999999999999994
26.01299092616574,-0.49999999999999994
26.02299092616574,-0.49999999999999994
26.03299092616574,-0.49999999999999994
26.042990926165743,-0.49999999999999994
26.05299092616574,-0.49999999999999994
26.06299092616574,-0.49999999999999994
26.07299092616574,-0.49999999999999994
26.082990926165742,-0.49999999999999994
26.09299092616574,-0.49999999999999994
26.102990926165738,-0.49999999999999994
26.11299092616574,-0.49999999999999994
26.12299092616574,-0.49999999999999994
26.13299092616574,-0.49999999999999994
26.142990926165737,-0.49999999999999994
26.15299092616574,-0.49999999999999994
26.16299092616574,-0.49999999999999994
26.17299092616574,-0.49999999999999994
26.182990926165736,-0.49999999999999994
26.192990926165738,-0.49999999999999994
26.20299092616574,-0.49999999999999994
26.212990926165737,-0.49999999999999994
26.222990926165735,-0.49999999999999994
26.232990926165737,-0.49999999999999994
26.24299092616574,-0.49999999999999994
26.252990926165737,-0.49999999999999994
26.262990926165735,-0.49999999999999994
26.272990926165736,-0.49999999999999994
26.282990926165738,-0.49999999999999994
26.292990926165736,-0.49999999999999994
26.302990926165734,-0.49999999999999994
26.312990926165735,-0.49999999999999994
26.322990926165737,-0.49999999999999994
26.332990926165735,-0.49999999999999994
26.342990926165733,-0.49999999999999994
26.352990926165734,-0.49999999999999994
26.362990926165736,-0.49999999999999994
26.372990926165734,-0.49999999999999994
26.382990926165732,-0.49999999999999994
26.392990926165734,-0.49999999999999994
26.402990926165735,-0.49999999999999994
26.412990926165733,-0.49999999999999994
26.42299092616573,-0.49999999999999994
26.432990926165733,-0.49999999999999994
26.442990926165734,-0.49999999999999994
26.452990926165732,-0.49999999999999994
26.46299092616573,-0.49999999999999994
26.472990926165732,-0.49999999999999994
26.482990926165733,-0.49999999999999994
26.49299092616573,-0.49999999999999994
26.50299092616573,-0.49999999999999994
26.51299092616573,-0.49999999999999994
26.522990926165733,-0.49999999999999994
26.53299092616573,-0.49999999999999994
26.54299092616573,-0.49999999999999994
26.55299092616573,-0.49999999999999994
26.56299092616573,-0.49999999999999994
26.57299092616573,-0.49999999999999994
26.582990926165728,-0.49999999999999994
26.59299092616573,-0.49999999999999994
26.60299092616573,-0.49999999999999994
26.61299092616573,-0.49999999999999994
26.622990926165727,-0.49999999999999994
26.63299092616573,-0.49999999999999994
26.64299092616573,-0.49999999999999994
26.652990926165728,-0.49999999999999994
26.662990926165726,-0.49999999999999994
26.672990926165728,-0.49999999999999994
26.68299092616573,-0.49999999999999994
26.692990926165727,-0.49999999999999994
26.702990926165725,-0.49999999999999994
26.712990926165727,-0.49999999999999994
26.72299092616573,-0.49999999999999994
26.732990926165726,-0.49999999999999994
26.742990926165724,-0.49999999999999994
26.752990926165726,-0.49999999999999994
26.762990926165728,-0.49999999999999994
26.772990926165726,-0.49999999999999994
26.782990926165724,-0.49999999999999994
26.792990926165725,-0.49999999999999994
26.802990926165727,-0.49999999999999994
26.812990926165725,-0.49999999999999994
26.822990926165723,-0.49999999999999994
26.832990926165724,-0.49999999999999994
26.842990926165726,-0.49999999999999994
26.852990926165724,-0.49999999999999994
26.862990926165722,-0.49999999999999994
26.872990926165723,-0.49999999999999994
26.882990926165725,-0.49999999999999994
26.892990926165723,-0.49999999999999994
26.90299092616572,-0.49999999999999994
26.912990926165723,-0.49999999999999994
26.922990926165724,-0.49999999999999994
26.932990926165722,-0.49999999999999994
26.94299092616572,-0.49999999999999994
26.95299092616572,-0.49999999999999994
26.962990926165723,-0.49999999999999994
26.97299092616572,-0.49999999999999994
26.98299092616572,-0.49999999999999994
26.99299092616572,-0.49999999999999994
27.002990926165722,-0.49999999999999994
27.01299092616572,-0.49999999999999994
27.02299092616572,-0.49999999999999994
27.03299092616572,-0.49999999999999994
27.04299092616572,-0.49999999999999994
27.05299092616572,-0.49999999999999994
27.062990926165718,-0.49999999999999994
27.07299092616572,-0.49999999999999994
27.08299092616572,-0.49999999999999994
27.09299092616572,-0.49999999999999994
27.102990926165717,-0.49999999999999994
27.11299092616572,-0.49999999999999994
27.12299092616572,-0.49999999999999994
27.132990926165718,-0.49999999999999994
27.142990926165716,-0.49999999999999994
27.152990926165717,-0.49999999999999994
27.16299092616572,-0.49999999999999994
27.172990926165717,-0.49999999999999994
27.182990926165715,-0.49999999999999994
27.192990926165717,-0.49999999999999994
27.202990926165718,-0.49999999999999994
27.212990926165716,-0.49999999999999994
27.222990926165714,-0.49999999999999994
27.232990926165716,-0.49999999999999994
27.242990926165717,-0.49999999999999994
27.252990926165715,-0.49999999999999994
27.262990926165713,-0.49999999999999994
27.272990926165715,-0.49999999999999994
27.282990926165716,-0.49999999999999994
27.292990926165714,-0.49999999999999994
27.302990926165712,-0.49999999999999994
27.312990926165714,-0.49999999999999994
27.322990926165716,-0.49999999999999994
27.332990926165714,-0.49999999999999994
27.34299092616571,-0.49999999999999994
27.352990926165713,-0.49999999999999994
27.362990926165715,-0.49999999999999994
27.372990926165713,-0.49999999999999994
27.38299092616571,-0.49999999999999994
27.392990926165712,-0.49999999999999994
27.402990926165714,-0.49999999999999994
27.412990926165712,-0.49999999999999994
27.42299092616571,-0.49999999999999994
27.43299092616571,-0.49999999999999994
27.442990926165713,-0.49999999999999994
27.45299092616571,-0.49999999999999994
27.46299092616571,-0.49999999999999994
27.47299092616571,-0.49999999999999994
27.482990926165712,-0.49999999999999994
27.49299092616571,-0.49999999999999994
27.502990926165708,-0.49999999999999994
27.51299092616571,-0.49999999999999994
27.52299092616571,-0.49999999999999994
27.53299092616571,-0.49999999999999994
27.542990926165707,-0.49999999999999994
27.55299092616571,-0.49999999999999994
27.56299092616571,-0.49999999999999994
27.57299092616571,-0.49999999999999994
27.582990926165706,-0.49999999999999994
27.592990926165708,-0.49999999999999994
27.60299092616571,-0.49999999999999994
27.612990926165708,-0.49999999999999994
27.622990926165706,-0.49999999999999994
27.632990926165707,-0.49999999999999994
27.64299092616571,-0.49999999999999994
27.652990926165707,-0.49999999999999994
27.662990926165705,-0.49999999999999994
27.672990926165706,-0.49999999999999994
27.682990926165708,-0.49999999999999994
27.692990926165706,-0.49999999999999994
27.702990926165704,-0.49999999999999994
27.712990926165705,-0.49999999999999994
27.722990926165707,-0.49999999999999994
27.732990926165705,-0.49999999999999994
27.742990926165703,-0.49999999999999994
27.752990926165705,-0.49999999999999994
27.762990926165706,-0.49999999999999994
27.772990926165704,-0.49999999999999994
27.782990926165702,-0.49999999999999994
27.792990926165704,-0.49999999999999994
27.802990926165705,-0.49999999999999994
27.812990926165703,-0.49999999999999994
27.8229909261657,-0.49999999999999994
27.832990926165703,-0.49999999999999994
27.842990926165704,-0.49999999999999994
27.852990926165702,-0.49999999999999994
27.8629909261657,-0.49999999999999994
27.872990926165702,-0.49999999999999994
27.882990926165704,-0.49999999999999994
27.8929909261657,-0.49999999999999994
27.9029909261657,-0.49999999999999994
27.9129909261657,-0.49999999999999994
27.922990926165703,-0.49999999999999994
27.9329909261657,-0.49999999999999994
27.9429909261657,-0.49999999999999994
27.9529909261657,-0.49999999999999994
27.962990926165702,-0.49999999999999994
27.9729909261657,-0.49999999999999994
27.982990926165698,-0.49999999999999994
27.9929909261657,-0.49999999999999994
28.0029909261657,-0.49999999999999994
28.0129909261657,-0.49999999999999994
28.022990926165697,-0.49999999999999994
28.0329909261657,-0.49999999999999994
28.0429909261657,-0.49999999999999994
28.0529909261657,-0.49999999999999994
28.062990926165696,-0.49999999999999994
28.072990926165698,-0.49999999999999994
28.0829909261657,-0.49999999999999994
28.092990926165697,-0.49999999999999994
28.102990926165695,-0.49999999999999994
28.112990926165697,-0.49999999999999994
28.1229909261657,-0.49999999999999994
28.132990926165697,-0.49999999999999994
28.142990926165695,-0.49999999999999994
28.152990926165696,-0.49999999999999994
28.162990926165698,-0.49999999999999994
28.172990926165696,-0.49999999999999994
28.182990926165694,-0.49999999999999994
28.192990926165695,-0.49999999999999994
28.202990926165697,-0.49999999999999994
28.212990926165695,-0.49999999999999994
28.222990926165693,-0.49999999999999994
28.232990926165694,-0.49999999999999994
28.242990926165696,-0.49999999999999994
28.252990926165694,-0.49999999999999994
28.262990926165692,-0.49999999999999994
28.272990926165694,-0.49999999999999994
28.282990926165695,-0.49999999999999994
28.292990926165693,-0.49999999999999994
28.30299092616569,-0.49999999999999994
28.312990926165693,-0.49999999999999994
28.322990926165694,-0.49999999999999994
28.332990926165692,-0.49999999999999994
28.34299092616569,-0.49999999999999994
28.352990926165692,-0.49999999999999994
28.362990926165693,-0.49999999999999994
28.37299092616569,-0.49999999999999994
28.38299092616569,-0.49999999999999994
28.39299092616569,-0.49999999999999994
28.402990926165693,-0.49999999999999994
28.41299092616569,-0.49999999999999994
28.42299092616569,-0.49999999999999994
28.43299092616569,-0.49999999999999994
28.44299092616569,-0.49999999999999994
28.45299092616569,-0.49999999999999994
28.462990926165688,-0.49999999999999994
28.47299092616569,-0.49999999999999994
28.48299092616569,-0.49999999999999994
28.49299092616569,-0.49999999999999994
28.502990926165687,-0.49999999999999994
28.51299092616569,-0.49999999999999994
28.52299092616569,-0.49999999999999994
28.532990926165688,-0.49999999999999994
28.542990926165686,-0.49999999999999994
28.552990926165688,-0.49999999999999994
28.56299092616569,-0.49999999999999994
28.572990926165687,-0.49999999999999994
28.582990926165685,-0.49999999999999994
28.592990926165687,-0.49999999999999994
28.60299092616569,-0.49999999999999994
28.612990926165686,-0.49999999999999994
28.622990926165684,-0.49999999999999994
28.632990926165686,-0.49999999999999994
28.642990926165687,-0.49999999999999994
28.652990926165685,-0.49999999999999994
28.662990926165683,-0.49999999999999994
28.672990926165685,-0.49999999999999994
28.682990926165687,-0.49999999999999994
28.692990926165685,-0.49999999999999994
28.702990926165683,-0.49999999999999994
28.712990926165684,-0.49999999999999994
28.722990926165686,-0.49999999999999994
28.732990926165684,-0.49999999999999994
28.74299092616568,-0.49999999999999994
28.752990926165683,-0.49999999999999994
28.762990926165685,-0.49999999999999994
28.772990926165683,-0.49999999999999994
28.78299092616568,-0.49999999999999994
28.792990926165682,-0.49999999999999994
28.802990926165684,-0.49999999999999994
28.812990926165682,-0.49999999999999994
28.82299092616568,-0.49999999999999994
28.83299092616568,-0.49999999999999994
28.842990926165683,-0.49999999999999994
28.85299092616568,-0.49999999999999994
28.86299092616568,-0.49999999999999994
28.87299092616568,-0.49999999999999994
28.882990926165682,-0.49999999999999994
28.89299092616568,-0.49999999999999994
28.90299092616568,-0.49999999999999994
28.91299092616568,-0.49999999999999994
28.92299092616568,-0.49999999999999994
28.93299092616568,-0.49999999999999994
28.942990926165677,-0.49999999999999994
28.95299092616568,-0.49999999999999994
28.96299092616568,-0.49999999999999994
28.97299092616568,-0.49999999999999994
28.982990926165677,-0.49999999999999994
28.992990926165678,-0.49999999999999994
29.00299092616568,-0.49999999999999994
29.012990926165678,-0.49999999999999994
29.022990926165676,-0.49999999999999994
29.032990926165677,-0.49999999999999994
29.04299092616568,-0.49999999999999994
29.052990926165677,-0.49999999999999994
29.062990926165675,-0.49999999999999994
29.072990926165676,-0.49999999999999994
29.082990926165678,-0.49999999999999994
29.092990926165676,-0.49999999999999994
29.102990926165674,-0.49999999999999994
29.112990926165676,-0.49999999999999994
29.122990926165677,-0.49999999999999994
29.132990926165675,-0.49999999999999994
29.142990926165673,-0.49999999999999994
29.152990926165675,-0.49999999999999994
29.162990926165676,-0.49999999999999994
29.172990926165674,-0.49999999999999994
29.182990926165672,-0.49999999999999994
29.192990926165674,-0.49999999999999994
29.202990926165675,-0.49999999999999994
29.212990926165673,-0.49999999999999994
29.22299092616567,-0.49999999999999994
29.232990926165673,-0.49999999999999994
29.242990926165675,-0.49999999999999994
29.252990926165673,-0.49999999999999994
29.26299092616567,-0.49999999999999994
29.272990926165672,-0.49999999999999994
29.282990926165674,-0.49999999999999994
29.292990926165672,-0.49999999999999994
29.30299092616567,-0.49999999999999994
29.31299092616567,-0.49999999999999994
29.322990926165673,-0.49999999999999994
29.33299092616567,-0.49999999999999994
29.34299092616567,-0.49999999999999994
29.35299092616567,-0.49999999999999994
29.362990926165672,-0.49999999999999994
29.37299092616567,-0.49999999999999994
29.382990926165668,-0.49999999999999994
29.39299092616567,-0.49999999999999994
29.40299092616567,-0.49999999999999994
29.41299092616567,-0.49999999999999994
29.422990926165667,-0.49999999999999994
29.43299092616567,-0.49999999999999994
29.44299092616567,-0.49999999999999994
29.45299092616567,-0.49999999999999994
29.462990926165666,-0.49999999999999994
29.472990926165668,-0.49999999999999994
29.48299092616567,-0.49999999999999994
29.492990926165668,-0.49999999999999994
29.502990926165666,-0.49999999999999994
29.512990926165667,-0.49999999999999994
29.52299092616567,-0.49999999999999994
29.532990926165667,-0.49999999999999994
29.542990926165665,-0.49999999999999994
29.552990926165666,-0.49999999999999994
29.562990926165668,-0.49999999999999994
29.572990926165666,-0.49999999999999994
29.582990926165664,-0.49999999999999994
29.592990926165665,-0.49999999999999994
29.602990926165667,-0.49999999999999994
29.612990926165665,-0.49999999999999994
29.622990926165663,-0.49999999999999994
29.632990926165665,-0.49999999999999994
29.642990926165666,-0.49999999999999994
29.652990926165664,-0.49999999999999994
29.662990926165662,-0.49999999999999994
29.672990926165664,-0.49999999999999994
29.682990926165665,-0.49999999999999994
29.692990926165663,-0.49999999999999994
29.70299092616566,-0.49999999999999994
29.712990926165663,-0.49999999999999994
29.722990926165664,-0.49999999999999994
29.732990926165662,-0.49999999999999994
29.74299092616566,-0.49999999999999994
29.752990926165662,-0.49999999999999994
29.762990926165664,-0.49999999999999994
29.77299092616566,-0.49999999999999994
29.78299092616566,-0.49999999999999994
29.79299092616566,-0.49999999999999994
29.802990926165663,-0.49999999999999994
29.81299092616566,-0.49999999999999994
29.82299092616566,-0.49999999999999994
29.83299092616566,-0.49999999999999994
29.842990926165662,-0.49999999999999994
29.85299092616566,-0.49999999999999994
29.862990926165658,-0.49999999999999994
29.87299092616566,-0.49999999999999994
29.88299092616566,-0.49999999999999994
29.89299092616566,-0.49999999999999994
29.902990926165657,-0.49999999999999994
29.91299092616566,-0.49999999999999994
29.92299092616566,-0.49999999999999994
29.932990926165658,-0.49999999999999994
29.942990926165656,-0.49999999999999994
29.952990926165658,-0.49999999999999994
29.96299092616566,-0.49999999999999994
29.972990926165657,-0.49999999999999994
29.982990926165655,-0.49999999999999994
29.992990926165657,-0.49999999999999994
30.00299092616566,-0.49999999999999994
30.012990926165656,-0.49999999999999994
30.022990926165654,-0.49999999999999994
30.032990926165656,-0.49999999999999994
30.042990926165658,-0.49999999999999994
30.052990926165656,-0.49999999999999994
30.062990926165654,-0.49999999999999994
30.072990926165655,-0.49999999999999994
30.082990926165657,-0.49999999999999994
30.092990926165655,-0.49999999999999994
30.102990926165653,-0.49999999999999994
30.112990926165654,-0.49999999999999994
30.122990926165656,-0.49999999999999994
30.132990926165654,-0.49999999999999994
30.142990926165652,-0.49999999999999994
30.152990926165653,-0.49999999999999994
30.162990926165655,-0.49999999999999994
30.172990926165653,-0.49999999999999994
30.18299092616565,-0.49999999999999994
30.192990926165653,-0.49999999999999994
30.202990926165654,-0.49999999999999994
30.212990926165652,-0.49999999999999994
30.22299092616565,-0.49999999999999994
30.23299092616565,-0.49999999999999994
30.242990926165653,-0.49999999999999994
30.25299092616565,-0.49999999999999994
30.26299092616565,-0.49999999999999994
30.27299092616565,-0.49999999999999994
30.282990926165652,-0.49999999999999994
30.29299092616565,-0.49999999999999994
30.30299092616565,-0.49999999999999994
30.31299092616565,-0.49999999999999994
30.32299092616565,-0.49999999999999994
30.33299092616565,-0.49999999999999994
30.342990926165648,-0.49999999999999994
30.35299092616565,-0.49999999999999994
30.36299092616565,-0.49999999999999994
30.37299092616565,-0.49999999999999994
30.382990926165647,-0.49999999999999994
30.39299092616565,-0.49999999999999994
30.40299092616565,-0.49999999999999994
30.412990926165648,-0.49999999999999994
30.422990926165646,-0.49999999999999994
30.432990926165647,-0.49999999999999994
30.44299092616565,-0.49999999999999994
30.452990926165647,-0.49999999999999994
30.462990926165645,-0.49999999999999994
30.472990926165647,-0.49999999999999994
30.482990926165648,-0.49999999999999994
30.492990926165646,-0.49999999999999994
30.502990926165644,-0.49999999999999994
30.512990926165646,-0.49999999999999994
30.522990926165647,-0.49999999999999994
30.532990926165645,-0.49999999999999994
30.542990926165643,-0.49999999999999994
30.552990926165645,-0.49999999999999994
30.562990926165646,-0.49999999999999994
30.572990926165645,-0.49999999999999994
30.582990926165643,-0.49999999999999994
30.592990926165644,-0.49999999999999994
30.602990926165646,-0.49999999999999994
30.612990926165644,-0.49999999999999994
30.62299092616564,-0.49999999999999994
30.632990926165643,-0.49999999999999994
30.642990926165645,-0.49999999999999994
30.652990926165643,-0.49999999999999994
30.66299092616564,-0.49999999999999994
30.672990926165642,-0.49999999999999994
30.682990926165644,-0.49999999999999994
30.692990926165642,-0.49999999999999994
30.70299092616564,-0.49999999999999994
30.71299092616564,-0.49999999999999994
30.722990926165643,-0.49999999999999994
30.73299092616564,-0.49999999999999994
30.74299092616564,-0.49999999999999994
30.75299092616564,-0.49999999999999994
30.762990926165642,-0.49999999999999994
30.77299092616564,-0.49999999999999994
30.78299092616564,-0.49999999999999994
30.79299092616564,-0.49999999999999994
30.80299092616564,-0.49999999999999994
30.81299092616564,-0.49999999999999994
30.822990926165637,-0.49999999999999994
30.83299092616564,-0.49999999999999994
30.84299092616564,-0.49999999999999994
30.85299092616564,-0.49999999999999994
30.862990926165637,-0.49999999999999994
30.872990926165638,-0.49999999999999994
30.88299092616564,-0.49999999999999994
30.892990926165638,-0.49999999999999994
30.902990926165636,-0.49999999999999994
30.912990926165637,-0.49999999999999994
30.92299092616564,-0.49999999999999994
30.932990926165637,-0.49999999999999994
30.942990926165635,-0.49999999999999994
30.952990926165633,-0.49999999999999994
30.962990926165638,-0.49999999999999994
30.972990926165636,-0.49999999999999994
30.982990926165634,-0.49999999999999994
30.992990926165632,-0.49999999999999994
31.002990926165637,-0.49999999999999994
31.012990926165635,-0.49999999999999994
31.022990926165633,-0.49999999999999994
31.03299092616563,-0.49999999999999994
31.042990926165636,-0.49999999999999994
31.052990926165634,-0.49999999999999994
31.062990926165632,-0.49999999999999994
31.07299092616563,-0.49999999999999994
31.082990926165635,-0.49999999999999994
31.092990926165633,-0.49999999999999994
31.10299092616563,-0.49999999999999994
31.11299092616563,-0.49999999999999994
31.122990926165635,-0.49999999999999994
31.132990926165633,-0.49999999999999994
31.14299092616563,-0.49999999999999994
31.15299092616563,-0.49999999999999994
31.162990926165634,-0.49999999999999994
31.17299092616563,-0.49999999999999994
31.18299092616563,-0.49999999999999994
31.192990926165628,-0.49999999999999994
31.202990926165633,-0.49999999999999994
31.21299092616563,-0.49999999999999994
31.22299092616563,-0.49999999999999994
31.232990926165627,-0.49999999999999994
31.242990926165632,-0.49999999999999994
31.25299092616563,-0.49999999999999994
31.262990926165628,-0.49999999999999994
31.272990926165626,-0.49999999999999994
31.28299092616563,-0.49999999999999994
31.29299092616563,-0.49999999999999994
31.302990926165627,-0.49999999999999994
31.312990926165625,-0.49999999999999994
31.32299092616563,-0.49999999999999994
31.33299092616563,-0.49999999999999994
31.342990926165626,-0.49999999999999994
31.352990926165624,-0.49999999999999994
31.36299092616563,-0.49999999999999994
31.372990926165627,-0.49999999999999994
31.382990926165625,-0.49999999999999994
31.392990926165623,-0.49999999999999994
31.40299092616563,-0.49999999999999994
31.412990926165627,-0.49999999999999994
31.422990926165625,-0.49999999999999994
31.432990926165623,-0.49999999999999994
31.442990926165628,-0.49999999999999994
31.452990926165626,-0.49999999999999994
31.462990926165624,-0.49999999999999994
31.47299092616562,-0.49999999999999994
31.482990926165627,-0.49999999999999994
31.492990926165625,-0.49999999999999994
31.502990926165623,-0.49999999999999994
31.51299092616562,-0.49999999999999994
31.522990926165626,-0.49999999999999994
31.532990926165624,-0.49999999999999994
31.542990926165622,-0.49999999999999994
31.55299092616562,-0.49999999999999994
31.562990926165625,-0.49999999999999994
31.572990926165623,-0.49999999999999994
31.58299092616562,-0.49999999999999994
31.59299092616562,-0.49999999999999994
31.602990926165624,-0.49999999999999994
31.612990926165622,-0.49999999999999994
31.62299092616562,-0.49999999999999994
31.63299092616562,-0.49999999999999994
31.642990926165623,-0.49999999999999994
31.65299092616562,-0.49999999999999994
31.66299092616562,-0.49999999999999994
31.672990926165618,-0.49999999999999994
31.682990926165623,-0.49999999999999994
31.69299092616562,-0.49999999999999994
31.70299092616562,-0.49999999999999994
31.712990926165617,-0.49999999999999994
31.72299092616562,-0.49999999999999994
31.73299092616562,-0.49999999999999994
31.742990926165618,-0.49999999999999994
31.752990926165616,-0.49999999999999994
31.76299092616562,-0.49999999999999994
31.77299092616562,-0.49999999999999994
31.782990926165617,-0.49999999999999994
31.792990926165615,-0.49999999999999994
31.80299092616562,-0.49999999999999994
31.812990926165618,-0.49999999999999994
31.822990926165616,-0.49999999999999994
31.832990926165614,-0.49999999999999994
31.84299092616562,-0.49999999999999994
31.852990926165617,-0.49999999999999994
31.862990926165615,-0.49999999999999994
31.872990926165613,-0.49999999999999994
31.88299092616562,-0.49999999999999994
31.892990926165616,-0.49999999999999994
31.902990926165614,-0.49999999999999994
31.912990926165612,-0.49999999999999994
31.922990926165618,-0.49999999999999994
31.932990926165616,-0.49999999999999994
31.942990926165614,-0.49999999999999994
31.95299092616561,-0.49999999999999994
31.962990926165617,-0.49999999999999994
31.972990926165615,-0.49999999999999994
31.982990926165613,-0.49999999999999994
31.99299092616561,-0.49999999999999994
32.002990926165616,-0.49999999999999994
32.012990926165614,-0.49999999999999994
32.02299092616561,-0.49999999999999994
32.03299092616561,-0.49999999999999994
32.042990926165615,-0.49999999999999994
32.05299092616561,-0.49999999999999994
32.06299092616561,-0.49999999999999994
32.07299092616561,-0.49999999999999994
32.082990926165614,-0.49999999999999994
32.09299092616561,-0.49999999999999994
32.10299092616561,-0.49999999999999994
32.11299092616561,-0.49999999999999994
32.12299092616561,-0.49999999999999994
32.13299092616561,-0.49999999999999994
32.14299092616561,-0.49999999999999994
32.15299092616561,-0.49999999999999994
32.16299092616561,-0.49999999999999994
32.17299092616561,-0.49999999999999994
32.18299092616561,-0.49999999999999994
32.192990926165606,-0.49999999999999994
32.20299092616561,-0.49999999999999994
32.21299092616561,-0.49999999999999994
32.22299092616561,-0.49999999999999994
32.232990926165606,-0.49999999999999994
32.24299092616561,-0.49999999999999994
32.25299092616561,-0.49999999999999994
32.26299092616561,-0.49999999999999994
32.272990926165605,-0.49999999999999994
32.28299092616561,-0.49999999999999994
32.29299092616561,-0.49999999999999994
32.302990926165606,-0.49999999999999994
32.312990926165604,-0.49999999999999994
32.32299092616561,-0.49999999999999994
32.33299092616561,-0.49999999999999994
32.342990926165605,-0.49999999999999994
32.3529909261656,-0.49999999999999994
32.36299092616561,-0.49999999999999994
32.372990926165606,-0.49999999999999994
32.382990926165604,-0.49999999999999994
32.3929909261656,-0.49999999999999994
32.40299092616561,-0.49999999999999994
32.412990926165605,-0.49999999999999994
32.4229909261656,-0.49999999999999994
32.4329909261656,-0.49999999999999994
32.442990926165606,-0.49999999999999994
32.452990926165604,-0.49999999999999994
32.4629909261656,-0.49999999999999994
32.4729909261656,-0.49999999999999994
32.482990926165606,-0.49999999999999994
32.492990926165604,-0.49999999999999994
32.5029909261656,-0.49999999999999994
32.5129909261656,-0.49999999999999994
32.522990926165605,-0.49999999999999994
32.5329909261656,-0.49999999999999994
32.5429909261656,-0.49999999999999994
32.5529909261656,-0.49999999999999994
32.562990926165604,-0.49999999999999994
32.5729909261656,-0.49999999999999994
32.5829909261656,-0.49999999999999994
32.5929909261656,-0.49999999999999994
32.6029909261656,-0.49999999999999994
32.6129909261656,-0.49999999999999994
32.6229909261656,-0.49999999999999994
32.6329909261656,-0.49999999999999994
32.6429909261656,-0.49999999999999994
32.6529909261656,-0.49999999999999994
32.6629909261656,-0.49999999999999994
32.672990926165596,-0.49999999999999994
32.6829909261656,-0.49999999999999994
32.6929909261656,-0.49999999999999994
32.7029909261656,-0.49999999999999994
32.712990926165595,-0.49999999999999994
32.7229909261656,-0.49999999999999994
32.7329909261656,-0.49999999999999994
32.7429909261656,-0.49999999999999994
32.752990926165594,-0.49999999999999994
32.7629909261656,-0.49999999999999994
32.7729909261656,-0.49999999999999994
32.782990926165596,-0.49999999999999994
32.792990926165594,-0.49999999999999994
32.8029909261656,-0.49999999999999994
32.8129909261656,-0.49999999999999994
32.822990926165595,-0.49999999999999994
32.83299092616559,-0.49999999999999994
32.8429909261656,-0.49999999999999994
32.852990926165596,-0.49999999999999994
32.862990926165594,-0.49999999999999994
32.87299092616559,-0.49999999999999994
32.8829909261656,-0.49999999999999994
32.892990926165595,-0.49999999999999994
32.90299092616559,-0.49999999999999994
32.91299092616559,-0.49999999999999994
32.922990926165596,-0.49999999999999994
32.932990926165594,-0.49999999999999994
32.94299092616559,-0.49999999999999994
32.95299092616559,-0.49999999999999994
32.962990926165595,-0.49999999999999994
32.97299092616559,-0.49999999999999994
32.98299092616559,-0.49999999999999994
32.99299092616559,-0.49999999999999994
33.002990926165594,-0.49999999999999994
33.01299092616559,-0.49999999999999994
33.02299092616559,-0.49999999999999994
33.03299092616559,-0.49999999999999994
33.042990926165594,-0.49999999999999994
33.05299092616559,-0.49999999999999994
33.06299092616559,-0.49999999999999994
33.07299092616559,-0.49999999999999994
33.08299092616559,-0.49999999999999994
33.09299092616559,-0.49999999999999994
33.10299092616559,-0.49999999999999994
33.11299092616559,-0.49999999999999994
33.12299092616559,-0.49999999999999994
33.13299092616559,-0.49999999999999994
33.14299092616559,-0.49999999999999994
33.152990926165586,-0.49999999999999994
33.16299092616559,-0.49999999999999994
33.17299092616559,-0.49999999999999994
33.18299092616559,-0.49999999999999994
33.192990926165585,-0.49999999999999994
33.20299092616559,-0.49999999999999994
33.21299092616559,-0.49999999999999994
33.222990926165586,-0.49999999999999994
33.232990926165584,-0.49999999999999994
33.24299092616559,-0.49999999999999994
33.25299092616559,-0.49999999999999994
33.262990926165585,-0.49999999999999994
33.27299092616558,-0.49999999999999994
33.28299092616559,-0.49999999999999994
33.29299092616559,-0.49999999999999994
33.302990926165585,-0.49999999999999994
33.31299092616558,-0.49999999999999994
33.32299092616559,-0.49999999999999994
33.332990926165586,-0.49999999999999994
33.342990926165584,-0.49999999999999994
33.35299092616558,-0.49999999999999994
33.36299092616559,-0.49999999999999994
33.372990926165585,-0.49999999999999994
33.38299092616558,-0.49999999999999994
33.39299092616558,-0.49999999999999994
33.402990926165586,-0.49999999999999994
33.412990926165584,-0.49999999999999994
33.42299092616558,-0.49999999999999994
33.43299092616558,-0.49999999999999994
33.442990926165585,-0.4999999999999999
33.45299092616558,-0.4999999999999999
33.46299092616558,-0.4999999999999999
33.47299092616558,-0.49999999999999983
33.482990926165584,-0.4999999999999998
33.49299092616558,-0.4999999999999997
33.50299092616558,-0.4999999999999996
33.51299092616558,-0.49999999999999944
33.52299092616558,-0.4999999999999993
33.53299092616558,-0.499999999999999
33.54299092616558,-0.49999999999999856
33.55299092616558,-0.499999999999998
33.56299092616558,-0.49999999999999717
33.57299092616558,-0.49999999999999606
33.58299092616558,-0.49999999999999445
33.59299092616558,-0.4999999999999922
33.60299092616558,-0.499999999999989
33.61299092616558,-0.4999999999999846
33.62299092616558,-0.4999999999999784
33.632990926165576,-0.49999999999996975
33.64299092616558,-0.4999999999999577
33.65299092616558,-0.4999999999999409
33.66299092616558,-0.49999999999991757
33.672990926165575,-0.49999999999988515
33.68299092616558,-0.49999999999984024
33.69299092616558,-0.4999999999997781
33.702990926165576,-0.4999999999996923
33.712990926165574,-0.49999999999957384
33.72299092616558,-0.49999999999941075
33.73299092616558,-0.49999999999918643
33.742990926165575,-0.49999999999887845
33.75299092616557,-0.4999999999984561
33.76299092616558,-0.49999999999787803
33.772990926165576,-0.49999999999708783
33.782990926165574,-0.49999999999600936
33.79299092616557,-0.49999999999453976
33.80299092616558,-0.49999999999254024
33.812990926165575,-0.4999999999898239
33.82299092616557,-0.49999999998613937
33.83299092616557,-0.4999999999811492
33.84299092616558,-0.49999999997440103
33.852990926165575,-0.49999999996528965
33.86299092616557,-0.49999999995300626
33.87299092616557,-0.49999999993647193
33.882990926165576,-0.4999999999142497
33.892990926165574,-0.4999999998844286
33.90299092616557,-0.4999999998444717
33.91299092616557,-0.49999999979101595
33.922990926165575,-0.49999999971961073
33.93299092616557,-0.4999999996243753
33.94299092616557,-0.49999999949755175
33.95299092616557,-0.4999999993289218
33.962990926165574,-0.4999999991050487
33.97299092616557,-0.4999999988082911
33.98299092616557,-0.4999999984155247
33.99299092616557,-0.4999999978964867
34.00299092616557,-0.4999999972116353
34.01299092616557,-0.4999999963093879
34.02299092616557,-0.4999999951225623
34.03299092616557,-0.4999999935637995
34.04299092616557,-0.49999999151968644
34.05299092616557,-0.49999998884322266
34.06299092616557,-0.49999998534417983
34.072990926165566,-0.4999999807767861
34.08299092616557,-0.49999997482402037
34.09299092616557,-0.49999996707761674
34.10299092616557,-0.4999999570126511
34.112990926165565,-0.4999999439552977
34.12299092616557,-0.49999992704199003
34.13299092616557,-0.4999999051677837
34.14299092616557,-0.49999987692117837
34.152990926165565,-0.4999998405019906
34.16299092616557,-0.4999997936180493
34.17299092616557,-0.4999997333554772
34.182990926165566,-0.4999996560160894
34.192990926165564,-0.4999995569139265
34.20299092616557,-0.4999994301210979
34.21299092616557,-0.49999926815086126
34.222990926165565,-0.4999990615631319
34.23299092616556,-0.49999879847429857
34.24299092616557,-0.4999984639492066
34.252990926165566,-0.499998039248314
34.262990926165564,-0.4999975008971745
34.27299092616556,-0.4999968195383575
34.28299092616557,-0.49999595851745804
34.292990926165565,-0.4999948721447152
34.30299092616556,-0.4999935035616457
34.31299092616556,-0.4999917821276421
34.322990926165566,-0.49998962022428695
34.332990926165564,-0.499986909354699
34.34299092616556,-0.4999835153910201
34.35299092616556,-0.49997927279452525
34.362990926165565,-0.4999739775990778
34.37299092616556,-0.4999673789089145
34.38299092616556,-0.4999591686150995
34.39299092616556,-0.4999489689803428
34.402990926165565,-0.4999363176780389
34.41299092616556,-0.4999206497969619
34.42299092616556,-0.49990127623652764
34.43299092616556,-0.49987735781718096
34.442990926165564,-0.4998478743143651
34.45299092616556,-0.4998115874905712
34.46299092616556,-0.49976699704579086
34.47299092616556,-0.4997122882297414
34.48299092616556,-0.4996452696566753
34.49299092616556,-0.4995632996323706
34.50299092616556,-0.4994631990397129
34.51299092616556,-0.49934114853056766
34.52299092616556,-0.49919256743361395
34.53299092616556,-0.49901197140644493
34.54299092616556,-0.49879280543131815
34.552990926165556,-0.49852724827307504
34.56299092616556,-0.4982059839804129
34.57299092616556,-0.4978179354133039
34.58299092616556,-0.49734995411529126
34.592990926165555,-0.49678646011515437
34.60299092616556,-0.4961090244336291
34.61299092616556,-0.4952958861834761
34.622990926165556,-0.49432139518153273
34.632990926165554,-0.4931553699364713
34.64299092616556,-0.4917623597334787
34.65299092616556,-0.4901007983057361
34.662990926165556,-0.4881220352622366
34.672990926165554,-0.4857692300335869
34.68299092616556,-0.4829760916049466
34.69299092616556,-0.4796654457334031
34.702990926165555,-0.4757476097031609
34.71299092616555,-0.47111855296625305
34.72299092616556,-0.46565782026194125
34.732990926165556,-0.45922619202135945
34.742990926165554,-0.4516630550652258
34.75299092616555,-0.4427834548163499
34.76299092616556,-0.43237479850346605
34.772990926165555,-0.4201931771627416
34.78299092616555,-0.40595927268612864
34.79299092616555,-0.3893538147662061
34.802990926165556,-0.37001255139368466
34.812990926165554,-0.34752069563227417
34.82299092616555,-0.32140681078562433
34.83299092616555,-0.29113609584996525
34.842990926165555,-0.25610303338350027
34.85299092616555,-0.2156233626977362
34.86299092616555,-0.1689253426655492
34.87299092616555,-0.11514027053293246
34.882990926165554,-0.05329222600021888
34.89299092616555,0.017712986403253195
34.90299092616555,0.09909971890341801
34.91299092616555,0.1922352024947494
34.922990926165554,0.2986431189314139
34.93299092616555,0.42001802409784733
34.94299092616555,0.5582406147189451
34.95299092616555,0.7153938195618235
34.96299092616555,0.8937796840632708
34.97299092616555,1.0959370036407563
34.98299092616555,1.3246596458007553
34.99299092616555,1.5830154845331808
35.00299092616555,1.8743658524159312
35.01299092616555,2.202385396382276
35.02299092616555,2.5710822023253597
35.032990926165546,2.9848180317200383
35.04299092616555,3.448328490409879
35.05299092616555,3.9667429257943
35.06299092616555,4.5456038241139005
35.072990926165545,5.1908854546034675
35.08299092616555,5.909011482316552
35.09299092616555,6.706871246728531
35.102990926165546,7.591834379236836
35.112990926165544,8.571763409776509
35.12299092616555,9.655023991495352
35.13299092616555,10.850492353220593
35.142990926165545,12.167559572902608
35.15299092616554,13.61613225181589
35.16299092616555,15.206629159711548
35.17299092616555,16.949973415824243
35.182990926165544,18.857579770329146
35.19299092616554,20.94133655596897
35.20299092616555,23.21358189082916
35.212990926165546,25.68707373098916
35.222990926165544,28.374953396640933
35.23299092616554,31.29070222747316
35.24299092616555,34.44809106322187
35.252990926165545,37.86112229330692
35.26299092616554,41.54396427577023
35.27299092616554,45.51087799008878
35.282990926165546,49.77613586105772
35.292990926165544,54.35393277128266
35.30299092616554,59.25828936780278
35.31299092616554,64.50294786311284
35.322990926165545,70.10126063208136
35.33299092616554,76.06607201268919
35.34299092616554,82.40959382952019
35.35299092616554,89.1432752728955
35.362990926165544,96.27766788265642
35.37299092616554,103.82228650183788
35.38299092616554,111.7854671807474
35.39299092616554,120.17422312397116
35.40299092616554,128.99409988044295
35.41299092616554,138.24903107733982
35.42299092616554,147.9411960909392
35.43299092616554,158.07088112902414
35.44299092616554,168.6363452688836
35.45299092616554,179.63369304968668
35.46299092616554,191.0567552570329
35.47299092616554,202.89697955827725
35.48299092616554,215.14333264932927
35.49299092616554,227.78221555470003
35.50299092616554,240.79739368251418
35.512990926165536,254.1699431732243
35.52299092616554,267.87821499554553
35.53299092616554,281.8978181343204
35.54299092616554,296.20162308388694
35.552990926165535,310.7597867064743
35.56299092616554,325.5397993404303
35.57299092616554,340.5065548476639
35.582990926165536,355.62244407644283
35.592990926165534,370.8474719854356
35.60299092616554,386.13939843145124
35.61299092616554,401.453902368013
35.622990926165535,416.74476893900277
35.63299092616553,431.9640986831247
35.64299092616554,447.0625377958459
35.652990926165536,461.98952812796307
35.662990926165534,476.69357533910215
35.67299092616553,491.12253337281436
35.68299092616554,505.22390318277127
35.692990926165535,518.9451434191624
35.70299092616553,532.233990585633
35.71299092616553,545.0387860021199
35.72299092616554,557.3088067622431
35.732990926165535,568.9945977569313
35.74299092616553,580.0483017522424
35.75299092616553,590.4239844597731
35.762990926165536,600.0779515253065
35.772990926165534,608.969054385206
35.78299092616553,617.0589820019458
35.79299092616553,624.3125355890193
35.802990926165535,630.6978835715383
35.81299092616553,636.1867941999141
35.82299092616553,640.7548434389978
35.83299092616553,644.3815959909687
35.842990926165534,647.0507575748281
35.85299092616553,648.7502968746791
35.86299092616553,649.4725358797399
35.87299092616553,649.2142076668615
35.88299092616553,647.9764810170857
35.89299092616553,645.7649516066839
35.90299092616553,642.5895998655701
35.91299092616553,638.4647159471992
35.92299092616553,633.4087925992181
35.93299092616553,627.4443870586866
35.94299092616553,620.5979534149673
35.952990926165526,612.8996471834954
35.96299092616553,604.3831041102002
35.97299092616553,595.0851954763388
35.98299092616553,585.0457623932991
35.992990926165525,574.3073317645616
36.00299092616553,562.9148167445732
36.01299092616553,550.9152046410795
36.02299092616553,538.3572352866819
36.032990926165525,525.2910729475395
36.04299092616553,511.7679748412843
36.05299092616553,497.8399593041641
36.062990926165526,483.5594765794283
36.072990926165524,468.97908509781547
36.08299092616553,454.15113598764174
36.09299092616553,439.12746839031496
36.102990926165525,423.95911796891295
36.11299092616552,408.6960407872686
36.12299092616553,393.38685450687143
36.132990926165526,378.0785986039521
36.142990926165524,362.81651505187045
36.15299092616552,347.6438506495081
36.16299092616553,332.60168190710465
36.172990926165525,317.7287631320769
36.18299092616552,303.0613980911237
36.19299092616552,288.6333353660094
36.202990926165526,274.4756872705649
36.212990926165524,260.61687195994386
36.22299092616552,247.08257814134842
36.23299092616552,233.895751591717
36.242990926165525,221.07660250275538
36.25299092616552,208.64263251001245
36.26299092616552,196.60868012039742
36.27299092616552,184.986983133448
36.282990926165525,173.78725655490578
36.29299092616552,163.01678442795142
36.30299092616552,152.6805239564241
36.31299092616552,142.78122026582903
36.322990926165524,133.31953013990963
36.33299092616552,124.29415308291203
36.34299092616552,115.70196808808898
36.35299092616552,107.53817454074829
36.36299092616552,99.79643574659389
36.37299092616552,92.4690236523154
36.38299092616552,85.54696341268227
36.39299092616552,79.0201765555603
36.40299092616552,72.87762160059123
36.41299092616552,67.107431097591
36.42299092616552,61.697044164557525
36.432990926165516,56.63333372132136
36.44299092616552,51.90272773106333
36.45299092616552,47.49132387719941
36.46299092616552,43.38499721560564
36.472990926165515,39.56950045100836
36.48299092616552,36.03055659003487
36.49299092616552,32.75394382142467
36.502990926165516,29.72557256509558
36.512990926165514,26.931554715862397
36.52299092616552,24.35826518382001
36.53299092616552,21.992395901761483
36.542990926165515,19.821002530067602
36.55299092616551,17.83154414149359
36.56299092616552,16.01191621202965
36.57299092616552,14.350477279969352
36.582990926165515,12.836069663577817
36.59299092616551,11.458034648857625
36.60299092616552,10.206222573127842
36.612990926165516,9.070998238127498
36.622990926165514,8.043242088523792
36.63299092616551,7.114347588731643
36.64299092616552,6.276215223289075
36.652990926165515,5.521243534387433
36.66299092616551,4.842317595008528
36.67299092616551,4.232795298122451
36.682990926165516,3.6864918220130924
36.692990926165514,3.19766260962319
36.70299092616551,2.760985176269952
36.71299092616551,2.3715400356827985
36.722990926165515,2.02479100941437
36.73299092616551,1.716565159699234
36.74299092616551,1.4430325610697408
36.75299092616551,1.2006861018079382
36.762990926165514,0.9863214828280074
36.77299092616551,0.7970175590840438
36.78299092616551,0.6301171472237792
36.79299092616551,0.4832084031120509
36.80299092616551,0.35410685410339643
36.81299092616551,0.24083815363626465
36.82299092616551,0.14162160987246225
36.83299092616551,0.054854525738986804
36.84299092616551,-0.02090262517844771
36.85299092616551,-0.08694017390799763
36.86299092616551,-0.14441237963051384
36.87299092616551,-0.19434970733387918
36.88299092616551,-0.23767027292594306
36.89299092616551,-0.2751904754584938
36.90299092616551,-0.30763484132930646
36.912990926165506,-0.33564510953220256
36.92299092616551,-0.35978859031003907
36.93299092616551,-0.3805658320181462
36.94299092616551,-0.39841763271756037
36.952990926165505,-0.4137314340719316
36.96299092616551,-0.42684713560424786
36.97299092616551,-0.43806236735577386
36.982990926165506,-0.4476372585553492
36.992990926165504,-0.45579873911967056
37.00299092616551,-0.4627444097288579
37.01299092616551,-0.468646014912859
37.022990926165505,-0.47365255209601587
37.0329909261655,-0.4778930479251218
37.04299092616551,-0.48147903149230353
37.052990926165506,-0.48450673229331986
37.062990926165504,-0.48705902896589404
37.0729909261655,-0.4892071730574946
37.08299092616551,-0.4910123103000831
37.092990926165506,-0.49252682013864285
37.1029909261655,-0.49379549258576183
37.1129909261655,-0.49485655986745614
37.12299092616551,-0.49574259879464816
37.132990926165505,-0.49648131834625187
37.1429909261655,-0.49709624558779214
37.1529909261655,-0.4976073217759404
37.162990926165506,-0.49803141931491945
37.172990926165504,-0.49838278913457773
37.1829909261655,-0.49867344705027433
37.1929909261655,-0.4989135067388039
37.202990926165505,-0.4991114661190876
37.2129909261655,-0.4992744531573501
37.2229909261655,-0.49940843641978766
37.2329909261655,-0.4995184050555253
37.242990926165504,-0.49960850156607794
37.2529909261655,-0.4996681280506477
37.2629909261655,-0.49622064037845676
37.2729909261655,-0.17683301131474027
37.2829909261655,10.395192078715597
37.2929909261655,134.7120646413157
37.3029909261655,616.8158554193542
37.3129909261655,1036.3245137236813
37.3229909261655,640.132034092624
37.3329909261655,145.11887595376996
37.3429909261655,11.676810413988365
37.352990926165496,-0.1253774372633037
37.3629909261655,-0.4957318989488991
37.3729909261655,-0.49995926370900273
37.3829909261655,-0.4999815978533877
37.392990926165496,-0.49998539763596406
37.4029909261655,-0.4999884132979557
37.4129909261655,-0.4999908200256448
37.4229909261655,-0.49999273781003173
37.432990926165495,-0.49999426361553834
37.4429909261655,-0.49999547567906216
37.4529909261655,-0.4999964370226089
37.462990926165496,-0.49999719832834166
37.472990926165494,-0.49999780028753726
37.4829909261655,-0.49999827551626647
37.4929909261655,-0.49999865011491995
37.502990926165495,-0.49999894493552416
37.51299092616549,-0.4999991766097652
37.5229909261655,-0.4999993583814198
37.532990926165496,-0.4999995007792137
37.542990926165494,-0.4999996121597337
37.55299092616549,-0.49999969914471776
37.5629909261655,-0.49999976697265136
37.572990926165495,-0.4999998197809671
37.58299092616549,-0.4999998608321479
37.59299092616549,-0.4999998926945693
37.602990926165496,-0.4999999173868869
37.612990926165494,-0.49999993649311925
37.62299092616549,-0.4999999512542132
37.63299092616549,-0.49999996264077184
37.642990926165496,-0.4999999714107202
37.652990926165494,-0.49999997815495006
37.66299092616549,-0.49999998333338597
37.67299092616549,-0.49999998730343553
37.682990926165495,-0.499999990342392
37.69299092616549,-0.4999999926650453
37.70299092616549,-0.4999999944375028
37.71299092616549,-0.4999999957880163
37.722990926165494,-0.49999999681545004
37.73299092616549,-0.49999999759589203
37.74299092616549,-0.4999999981878073
37.75299092616549,-0.4999999986360474
37.76299092616549,-0.49999999897496494
37.77299092616549,-0.49999999923082944
37.78299092616549,-0.4999999994236967
37.79299092616549,-0.4999999995688543
37.80299092616549,-0.4999999996779365
37.81299092616549,-0.49999999975978315
37.82299092616549,-0.49999999982110016
37.832990926165486,-0.49999999986696647
37.84299092616549,-0.49999999990122285
37.85299092616549,-0.4999999999267687
37.86299092616549,-0.49999999994578975
37.872990926165485,-0.49999999995993083
37.88299092616549,-0.49999999997042777
37.89299092616549,-0.4999999999782077
37.90299092616549,-0.4999999999839651
37.912990926165484,-0.49999999998821926
37.92299092616549,-0.4999999999913578
37.93299092616549,-0.49999999999366973
37.942990926165486,-0.4999999999953702
37.952990926165484,-0.4999999999966189
37.96299092616549,-0.49999999999753464
37.97299092616549,-0.499999999998205
37.982990926165485,-0.4999999999986951
37.99299092616548,-0.49999999999905276
38.00299092616549,-0.49999999999931344
38.012990926165486,-0.4999999999995031
38.022990926165484,-0.49999999999964095
38.03299092616548,-0.49999999999974093
38.04299092616549,-0.49999999999981337
38.052990926165485,-0.4999999999998657
38.06299092616548,-0.4999999999999035
38.07299092616548,-0.4999999999999308
38.082990926165486,-0.49999999999995043
38.092990926165484,-0.49999999999996453
38.10299092616548,-0.4999999999999747
38.11299092616548,-0.4999999999999819
38.122990926165485,-0.4999999999999871
38.13299092616548,-0.49999999999999084
38.14299092616548,-0.49999999999999345
38.15299092616548,-0.49999999999999534
38.162990926165484,-0.4999999999999967
38.17299092616548,-0.49999999999999767
38.18299092616548,-0.49999999999999833
38.19299092616548,-0.49999999999999883
38.202990926165484,-0.49999999999999917
38.21299092616548,-0.4999999999999994
38.22299092616548,-0.49999999999999956
38.23299092616548,-0.49999999999999967
38.24299092616548,-0.4999999999999998
38.25299092616548,-0.49999999999999983
38.26299092616548,-0.49999999999999983
38.27299092616548,-0.4999999999999999
38.28299092616548,-0.4999999999999999
38.29299092616548,-0.4999999999999999
38.30299092616548,-0.49999999999999994
38.312990926165476,-0.49999999999999994
38.32299092616548,-0.49999999999999994
38.33299092616548,-0.49999999999999994
38.34299092616548,-0.49999999999999994
38.352990926165475,-0.49999999999999994
38.36299092616548,-0.49999999999999994
38.37299092616548,-0.49999999999999994
38.382990926165476,-0.49999999999999994
38.392990926165474,-0.49999999999999994
38.40299092616548,-0.49999999999999994
38.41299092616548,-0.49999999999999994
38.422990926165475,-0.49999999999999994
38.43299092616547,-0.49999999999999994
38.44299092616548,-0.49999999999999994
38.45299092616548,-0.49999999999999994
38.462990926165475,-0.49999999999999994
38.47299092616547,-0.49999999999999994
38.48299092616548,-0.49999999999999994
38.492990926165476,-0.49999999999999994
38.502990926165474,-0.49999999999999994
38.51299092616547,-0.49999999999999994
38.52299092616548,-0.49999999999999994
38.532990926165475,-0.49999999999999994
38.54299092616547,-0.49999999999999994
38.55299092616547,-0.49999999999999994
38.562990926165476,-0.49999999999999994
38.572990926165474,-0.49999999999999994
38.58299092616547,-0.49999999999999994
38.59299092616547,-0.49999999999999994
38.602990926165475,-0.49999999999999994
38.61299092616547,-0.49999999999999994
38.62299092616547,-0.49999999999999994
38.63299092616547,-0.49999999999999994
38.642990926165474,-0.49999999999999994
38.65299092616547,-0.49999999999999994
38.66299092616547,-0.49999999999999994
38.67299092616547,-0.49999999999999994
38.68299092616547,-0.49999999999999994
38.69299092616547,-0.49999999999999994
38.70299092616547,-0.49999999999999994
38.71299092616547,-0.49999999999999994
38.72299092616547,-0.49999999999999994
38.73299092616547,-0.49999999999999994
38.74299092616547,-0.49999999999999994
38.75299092616547,-0.49999999999999994
38.76299092616547,-0.49999999999999994
38.77299092616547,-0.49999999999999994
38.78299092616547,-0.49999999999999994
38.792990926165466,-0.49999999999999994
38.80299092616547,-0.49999999999999994
38.81299092616547,-0.49999999999999994
38.82299092616547,-0.49999999999999994
38.832990926165465,-0.49999999999999994
38.84299092616547,-0.49999999999999994
38.85299092616547,-0.49999999999999994
38.862990926165466,-0.49999999999999994
38.872990926165464,-0.49999999999999994
38.88299092616547,-0.49999999999999994
38.89299092616547,-0.49999999999999994
38.902990926165465,-0.49999999999999994
38.91299092616546,-0.49999999999999994
38.92299092616547,-0.49999999999999994
38.932990926165466,-0.49999999999999994
38.942990926165464,-0.49999999999999994
38.95299092616546,-0.49999999999999994
38.96299092616547,-0.49999999999999994
38.972990926165465,-0.49999999999999994
38.98299092616546,-0.49999999999999994
38.99299092616546,-0.49999999999999994
39.00299092616547,-0.49999999999999994
39.012990926165465,-0.49999999999999994
39.02299092616546,-0.49999999999999994
39.03299092616546,-0.49999999999999994
39.042990926165466,-0.49999999999999994
39.052990926165464,-0.49999999999999994
39.06299092616546,-0.49999999999999994
39.07299092616546,-0.49999999999999994
39.082990926165465,-0.49999999999999994
39.09299092616546,-0.49999999999999994
39.10299092616546,-0.49999999999999994
39.11299092616546,-0.49999999999999994
39.122990926165464,-0.49999999999999994
39.13299092616546,-0.49999999999999994
39.14299092616546,-0.49999999999999994
39.15299092616546,-0.49999999999999994
39.16299092616546,-0.49999999999999994
39.17299092616546,-0.49999999999999994
39.18299092616546,-0.49999999999999994
39.19299092616546,-0.49999999999999994
39.20299092616546,-0.49999999999999994
39.21299092616546,-0.49999999999999994
39.22299092616546,-0.49999999999999994
39.232990926165456,-0.49999999999999994
39.24299092616546,-0.49999999999999994
39.25299092616546,-0.49999999999999994
39.26299092616546,-0.49999999999999994
39.272990926165456,-0.49999999999999994
39.28299092616546,-0.49999999999999994
39.29299092616546,-0.49999999999999994
