14.942990926165978,0.0
14.952990926165977,0.0
14.962990926165977,0.0
14.972990926165977,0.0
14.982990926165977,0.0
14.992990926165977,0.0
15.002990926165976,0.0
15.012990926165976,0.0
15.022990926165976,0.0
15.032990926165976,0.0
15.042990926165976,0.0
15.052990926165975,0.0
15.062990926165975,0.0
15.072990926165975,0.0
15.082990926165975,0.0
15.092990926165974,0.0
15.102990926165974,0.0
15.112990926165974,0.0
15.122990926165974,0.0
15.132990926165974,0.0
15.142990926165973,0.0
15.152990926165973,0.0
15.162990926165973,0.0
15.172990926165973,0.0
15.182990926165973,0.0
15.192990926165972,0.0
15.202990926165972,0.0
15.212990926165972,0.0
15.222990926165972,0.0
15.232990926165972,0.0
15.242990926165971,0.0
15.252990926165971,0.0
15.26299092616597,0.0
15.27299092616597,0.0
15.28299092616597,0.0
15.29299092616597,0.0
15.30299092616597,0.0
15.31299092616597,0.0
15.32299092616597,0.0
15.33299092616597,0.0
15.34299092616597,0.0
15.352990926165969,0.0
15.362990926165969,0.0
15.372990926165969,0.0
15.382990926165968,0.0
15.392990926165968,0.0
15.402990926165968,0.0
15.412990926165968,0.0
15.422990926165967,0.0
15.432990926165967,0.0
15.442990926165967,0.0
15.452990926165967,0.0
15.462990926165967,0.0
15.472990926165966,0.0
15.482990926165966,0.0
15.492990926165966,0.0
15.502990926165966,0.0
15.512990926165966,0.0
15.522990926165965,0.0
15.532990926165965,0.0
15.542990926165965,0.0
15.552990926165965,0.0
15.562990926165964,0.0
15.572990926165964,0.0
15.582990926165964,0.0
15.592990926165964,0.0
15.602990926165964,0.0
15.612990926165963,0.0
15.622990926165963,0.0
15.632990926165963,0.0
15.642990926165963,0.0
15.652990926165963,0.0
15.662990926165962,0.0
15.672990926165962,0.0
15.682990926165962,0.0
15.692990926165962,0.0
15.702990926165961,0.0
15.712990926165961,0.0
15.722990926165961,0.0
15.73299092616596,0.0
15.74299092616596,0.0
15.75299092616596,0.0
15.76299092616596,0.0
15.77299092616596,0.0
15.78299092616596,0.0
15.79299092616596,0.0
15.80299092616596,0.0
15.81299092616596,0.0
15.822990926165959,0.0
15.832990926165959,0.0
15.842990926165958,0.0
15.852990926165958,0.0
15.862990926165958,0.0
15.872990926165958,0.0
15.882990926165958,0.0
15.892990926165957,0.0
15.902990926165957,0.0
15.912990926165957,0.0
15.922990926165957,0.0
15.932990926165957,0.0
15.942990926165956,0.0
15.952990926165956,0.0
15.962990926165956,0.0
15.972990926165956,0.0
15.982990926165956,0.0
15.992990926165955,0.0
16.002990926165957,0.0
16.012990926165955,0.0
16.022990926165953,0.0
16.032990926165954,0.0
16.042990926165956,0.0
16.052990926165954,0.0
16.062990926165952,0.0
16.072990926165954,0.0
16.082990926165955,0.0
16.092990926165953,0.0
16.10299092616595,0.0
16.112990926165953,0.0
16.122990926165954,0.0
16.132990926165952,0.0
16.14299092616595,0.0
16.152990926165952,0.0
16.162990926165953,0.0
16.17299092616595,0.0
16.18299092616595,0.0
16.19299092616595,0.0
16.202990926165953,0.0
16.21299092616595,0.0
16.22299092616595,0.0
16.23299092616595,0.0
16.24299092616595,0.0
16.25299092616595,0.0
16.262990926165948,0.0
16.27299092616595,0.0
16.28299092616595,0.0
16.29299092616595,0.0
16.302990926165947,0.0
16.31299092616595,0.0
16.32299092616595,0.0
16.332990926165948,0.0
16.342990926165946,0.0
16.352990926165948,0.0
16.36299092616595,0.0
16.372990926165947,0.0
16.382990926165945,0.0
16.392990926165947,0.0
16.40299092616595,0.0
16.412990926165946,0.0
16.422990926165944,0.0
16.432990926165946,0.0
16.442990926165947,0.0
16.452990926165945,0.0
16.462990926165944,0.0
16.472990926165945,0.0
16.482990926165947,0.0
16.492990926165945,0.0
16.502990926165943,0.0
16.512990926165944,0.0
16.522990926165946,0.0
16.532990926165944,0.0
16.542990926165942,0.0
16.552990926165943,0.0
16.562990926165945,0.0
16.572990926165943,0.0
16.58299092616594,0.0
16.592990926165943,0.0
16.602990926165944,0.0
16.612990926165942,0.0
16.62299092616594,0.0
16.63299092616594,0.0
16.642990926165943,0.0
16.65299092616594,0.0
16.66299092616594,0.0
16.67299092616594,0.0
16.682990926165942,0.0
16.69299092616594,0.0
16.70299092616594,0.0
16.71299092616594,0.0
16.72299092616594,0.0
16.73299092616594,0.0
16.742990926165938,0.0
16.75299092616594,0.0
16.76299092616594,0.0
16.77299092616594,0.0
16.782990926165937,0.0
16.79299092616594,0.0
16.80299092616594,0.0
16.812990926165938,0.0
16.822990926165936,0.0
16.832990926165937,0.0
16.84299092616594,0.0
16.852990926165937,0.0
16.862990926165935,0.0
16.872990926165937,0.0
16.882990926165938,0.0
16.892990926165936,0.0
16.902990926165934,0.0
16.912990926165936,0.0
16.922990926165937,0.0
16.932990926165935,0.0
16.942990926165933,0.0
16.952990926165935,0.0
16.962990926165936,0.0
16.972990926165934,0.0
16.982990926165932,0.0
16.992990926165934,0.0
17.002990926165936,0.0
17.012990926165934,0.0
17.02299092616593,0.0
17.032990926165933,0.0
17.042990926165935,0.0
17.052990926165933,0.0
17.06299092616593,0.0
17.072990926165932,0.0
17.082990926165934,0.0
17.092990926165932,0.0
17.10299092616593,0.0
17.11299092616593,0.0
17.122990926165933,0.0
17.13299092616593,0.0
17.14299092616593,0.0
17.15299092616593,0.0
17.162990926165932,0.0
17.17299092616593,0.0
17.182990926165928,0.0
17.19299092616593,0.0
17.20299092616593,0.0
17.21299092616593,0.0
17.222990926165927,0.0
17.23299092616593,0.0
17.24299092616593,0.0
17.25299092616593,0.0
17.262990926165926,0.0
17.272990926165928,0.0
17.28299092616593,0.0
17.292990926165928,0.0
17.302990926165926,0.0
17.312990926165927,0.0
17.32299092616593,0.0
17.332990926165927,0.0
17.342990926165925,0.0
17.352990926165926,0.0
17.362990926165928,0.0
17.372990926165926,0.0
17.382990926165924,0.0
17.392990926165925,0.0
17.402990926165927,0.0
17.412990926165925,0.0
17.422990926165923,0.0
17.432990926165925,0.0
17.442990926165926,0.0
17.452990926165924,0.0
17.462990926165922,0.0
17.472990926165924,0.0
17.482990926165925,0.0
17.492990926165923,0.0
17.50299092616592,0.0
17.512990926165923,0.0
17.522990926165924,0.0
17.532990926165922,0.0
17.54299092616592,0.0
17.552990926165922,0.0
17.562990926165924,0.0
17.57299092616592,0.0
17.58299092616592,0.0
17.59299092616592,0.0
17.602990926165923,0.0
17.61299092616592,0.0
17.62299092616592,0.0
17.63299092616592,0.0
17.642990926165922,0.0
17.65299092616592,0.0
17.662990926165918,0.0
17.67299092616592,0.0
17.68299092616592,0.0
17.69299092616592,0.0
17.702990926165917,0.0
17.71299092616592,0.0
17.72299092616592,0.0
17.732990926165918,0.0
17.742990926165916,0.0
17.752990926165918,0.0
17.76299092616592,0.0
17.772990926165917,0.0
17.782990926165915,0.0
17.792990926165917,0.0
17.80299092616592,0.0
17.812990926165917,0.0
17.822990926165915,0.0
17.832990926165916,0.0
17.842990926165918,0.0
17.852990926165916,0.0
17.862990926165914,0.0
17.872990926165915,0.0
17.882990926165917,0.0
17.892990926165915,0.0
17.902990926165913,0.0
17.912990926165914,0.0
17.922990926165916,0.0
17.932990926165914,0.0
17.942990926165912,0.0
17.952990926165914,0.0
17.962990926165915,0.0
17.972990926165913,0.0
17.98299092616591,0.0
17.992990926165913,0.0
18.002990926165914,0.0
18.012990926165912,0.0
18.02299092616591,0.0
18.032990926165912,0.0
18.042990926165913,0.0
18.05299092616591,0.0
18.06299092616591,0.0
18.07299092616591,0.0
18.082990926165913,0.0
18.09299092616591,0.0
18.10299092616591,0.0
18.11299092616591,0.0
18.12299092616591,0.0
18.13299092616591,0.0
18.142990926165908,0.0
18.15299092616591,0.0
18.16299092616591,0.0
18.17299092616591,0.0
18.182990926165907,0.0
18.19299092616591,0.0
18.20299092616591,0.0
18.212990926165908,0.0
18.222990926165906,0.0
18.232990926165908,0.0
18.24299092616591,0.0
18.252990926165907,0.0
18.262990926165905,0.0
18.272990926165907,0.0
18.28299092616591,0.0
18.292990926165906,0.0
18.302990926165904,0.0
18.312990926165906,0.0
18.322990926165907,0.0
18.332990926165905,0.0
18.342990926165903,0.0
18.352990926165905,0.0
18.362990926165907,0.0
18.372990926165905,0.0
18.382990926165903,0.0
18.392990926165904,0.0
18.402990926165906,0.0
18.412990926165904,0.0
18.4229909261659,0.0
18.432990926165903,0.0
18.442990926165905,0.0
18.452990926165903,0.0
18.4629909261659,0.0
18.472990926165902,0.0
18.482990926165904,0.0
18.492990926165902,0.0
18.5029909261659,0.0
18.5129909261659,0.0
18.522990926165903,0.0
18.5329909261659,0.0
18.5429909261659,0.0
18.5529909261659,0.0
18.562990926165902,0.0
18.5729909261659,0.0
18.5829909261659,0.0
18.5929909261659,0.0
18.6029909261659,0.0
18.6129909261659,0.0
18.622990926165897,0.0
18.6329909261659,0.0
18.6429909261659,0.0
18.6529909261659,0.0
18.662990926165897,0.0
18.672990926165898,0.0
18.6829909261659,0.0
18.692990926165898,0.0
18.702990926165896,0.0
18.712990926165897,0.0
18.7229909261659,0.0
18.732990926165897,0.0
18.742990926165895,0.0
18.752990926165896,0.0
18.762990926165898,0.0
18.772990926165896,0.0
18.782990926165894,0.0
18.792990926165896,0.0
18.802990926165897,0.0
18.812990926165895,0.0
18.822990926165893,0.0
18.832990926165895,0.0
18.842990926165896,0.0
18.852990926165894,0.0
18.862990926165892,0.0
18.872990926165894,0.0
18.882990926165895,0.0
18.892990926165893,0.0
18.90299092616589,0.0
18.912990926165893,0.0
18.922990926165895,0.0
18.932990926165893,0.0
18.94299092616589,0.0
18.952990926165892,0.0
18.962990926165894,0.0
18.972990926165892,0.0
18.98299092616589,0.0
18.99299092616589,0.0
19.002990926165893,0.0
19.01299092616589,0.0
19.02299092616589,0.0
19.03299092616589,0.0
19.042990926165892,0.0
19.05299092616589,0.0
19.062990926165888,0.0
19.07299092616589,0.0
19.08299092616589,0.0
19.09299092616589,0.0
19.102990926165887,0.0
19.11299092616589,0.0
19.12299092616589,0.0
19.13299092616589,0.0
19.142990926165886,0.0
19.152990926165888,0.0
19.16299092616589,0.0
19.172990926165888,0.0
19.182990926165886,0.0
19.192990926165887,0.0
19.20299092616589,0.0
19.212990926165887,0.0
19.222990926165885,0.0
19.232990926165886,0.0
19.242990926165888,0.0
19.252990926165886,0.0
19.262990926165884,0.0
19.272990926165885,0.0
19.282990926165887,0.0
19.292990926165885,0.0
19.302990926165883,0.0
19.312990926165885,0.0
19.322990926165886,0.0
19.332990926165884,0.0
19.342990926165882,0.0
19.352990926165884,0.0
19.362990926165885,0.0
19.372990926165883,0.0
19.38299092616588,0.0
19.392990926165883,0.0
19.402990926165884,0.0
19.412990926165882,0.0
19.42299092616588,0.0
19.432990926165882,0.0
19.442990926165884,0.0
19.45299092616588,0.0
19.46299092616588,0.0
19.47299092616588,0.0
19.482990926165883,0.0
19.49299092616588,0.0
19.50299092616588,0.0
19.51299092616588,0.0
19.522990926165882,0.0
19.53299092616588,0.0
19.542990926165878,0.0
19.55299092616588,0.0
19.56299092616588,0.0
19.57299092616588,0.0
19.582990926165877,0.0
19.59299092616588,0.0
19.60299092616588,0.0
19.612990926165878,0.0
19.622990926165876,0.0
19.632990926165878,0.0
19.64299092616588,0.0
19.652990926165877,0.0
19.662990926165875,0.0
19.672990926165877,0.0
19.68299092616588,0.0
19.692990926165876,0.0
19.702990926165874,0.0
19.712990926165876,0.0
19.722990926165878,0.0
19.732990926165876,0.0
19.742990926165874,0.0
19.752990926165875,0.0
19.762990926165877,0.0
19.772990926165875,0.0
19.782990926165873,0.0
19.792990926165874,0.0
19.802990926165876,0.0
19.812990926165874,0.0
19.822990926165872,0.0
19.832990926165873,0.0
19.842990926165875,0.0
19.852990926165873,0.0
19.86299092616587,0.0
19.872990926165873,0.0
19.882990926165874,0.0
19.892990926165872,0.0
19.90299092616587,0.0
19.91299092616587,0.0
19.922990926165873,0.0
19.93299092616587,0.0
19.94299092616587,0.0
19.95299092616587,0.0
19.962990926165872,0.0
19.97299092616587,0.0
19.98299092616587,0.0
19.99299092616587,0.0
20.00299092616587,0.0
20.01299092616587,0.0
20.022990926165868,0.0
20.03299092616587,0.0
20.04299092616587,0.0
20.05299092616587,0.0
20.062990926165867,0.0
20.07299092616587,0.0
20.08299092616587,0.0
20.092990926165868,0.0
20.102990926165866,0.0
20.112990926165867,0.0
20.12299092616587,0.0
20.132990926165867,0.0
20.142990926165865,0.0
20.152990926165867,0.0
20.162990926165868,0.0
20.172990926165866,0.0
20.182990926165864,0.0
20.192990926165866,0.0
20.202990926165867,0.0
20.212990926165865,0.0
20.222990926165863,0.0
20.232990926165865,0.0
20.242990926165866,0.0
20.252990926165864,0.0
20.262990926165863,0.0
20.272990926165864,0.0
20.282990926165866,0.0
20.292990926165864,0.0
20.30299092616586,0.0
20.312990926165863,0.0
20.322990926165865,0.0
20.332990926165863,0.0
20.34299092616586,0.0
20.352990926165862,0.0
20.362990926165864,0.0
20.372990926165862,0.0
20.38299092616586,0.0
20.39299092616586,0.0
20.402990926165863,0.0
20.41299092616586,0.0
20.42299092616586,0.0
20.43299092616586,0.0
20.442990926165862,0.0
20.45299092616586,0.0
20.46299092616586,0.0
20.47299092616586,0.0
20.48299092616586,0.0
20.49299092616586,0.0
20.502990926165857,0.0
20.51299092616586,0.0
20.52299092616586,0.0
20.53299092616586,0.0
20.542990926165857,0.0
20.552990926165858,0.0
20.56299092616586,0.0
20.572990926165858,0.0
20.582990926165856,0.0
20.592990926165857,0.0
20.60299092616586,0.0
20.612990926165857,0.0
20.622990926165855,0.0
20.632990926165856,0.0
20.642990926165858,0.0
20.652990926165856,0.0
20.662990926165854,0.0
20.672990926165856,0.0
20.682990926165857,0.0
20.692990926165855,0.0
20.702990926165853,0.0
20.712990926165855,0.0
20.722990926165856,0.0
20.732990926165854,0.0
20.742990926165852,0.0
20.752990926165854,0.0
20.762990926165855,0.0
20.772990926165853,0.0
20.78299092616585,0.0
20.792990926165853,0.0
20.802990926165855,0.0
20.812990926165853,0.0
20.82299092616585,0.0
20.832990926165852,0.0
20.842990926165854,0.0
20.85299092616585,0.0
20.86299092616585,0.0
20.87299092616585,0.0
20.882990926165853,0.0
20.89299092616585,0.0
20.90299092616585,0.0
20.91299092616585,0.0
20.922990926165852,0.0
20.93299092616585,0.0
20.942990926165848,0.0
20.95299092616585,0.0
20.96299092616585,0.0
20.97299092616585,0.0
20.982990926165847,0.0
20.99299092616585,0.0
21.00299092616585,0.0
21.01299092616585,0.0
21.022990926165846,0.0
21.032990926165848,0.0
21.04299092616585,0.0
21.052990926165847,0.0
21.062990926165845,0.0
21.072990926165847,0.0
21.08299092616585,0.0
21.092990926165847,0.0
21.102990926165845,0.0
21.112990926165846,0.0
21.122990926165848,0.0
21.132990926165846,0.0
21.142990926165844,0.0
21.152990926165845,0.0
21.162990926165847,0.0
21.172990926165845,0.0
21.182990926165843,0.0
21.192990926165844,0.0
21.202990926165846,0.0
21.212990926165844,0.0
21.222990926165842,0.0
21.232990926165844,0.0
21.242990926165845,0.0
21.252990926165843,0.0
21.26299092616584,0.0
21.272990926165843,0.0
21.282990926165844,0.0
21.292990926165842,0.0
21.30299092616584,0.0
21.312990926165842,0.0
21.322990926165843,0.0
21.33299092616584,0.0
21.34299092616584,0.0
21.35299092616584,0.0
21.362990926165843,0.0
21.37299092616584,0.0
21.38299092616584,0.0
21.39299092616584,0.0
21.40299092616584,0.0
21.41299092616584,0.0
21.422990926165838,0.0
21.43299092616584,0.0
21.44299092616584,0.0
21.45299092616584,0.0
21.462990926165837,0.0
21.47299092616584,0.0
21.48299092616584,0.0
21.492990926165838,0.0
21.502990926165836,0.0
21.512990926165838,0.0
21.52299092616584,0.0
21.532990926165837,0.0
21.542990926165835,0.0
21.552990926165837,0.0
21.56299092616584,0.0
21.572990926165836,0.0
21.582990926165834,0.0
21.592990926165836,0.0
21.602990926165837,0.0
21.612990926165836,0.0
21.622990926165834,0.0
21.632990926165835,0.0
21.642990926165837,0.0
21.652990926165835,0.0
21.662990926165833,0.0
21.672990926165834,0.0
21.682990926165836,0.0
21.692990926165834,0.0
21.702990926165832,0.0
21.712990926165833,0.0
21.722990926165835,0.0
21.732990926165833,0.0
21.74299092616583,0.0
21.752990926165833,0.0
21.762990926165834,0.0
21.772990926165832,0.0
21.78299092616583,0.0
21.79299092616583,0.0
21.802990926165833,0.0
21.81299092616583,0.0
21.82299092616583,0.0
21.83299092616583,0.0
21.842990926165832,0.0
21.85299092616583,0.0
21.86299092616583,0.0
21.87299092616583,0.0
21.88299092616583,0.0
21.89299092616583,0.0
21.902990926165828,0.0
21.91299092616583,0.0
21.92299092616583,0.0
21.93299092616583,0.0
21.942990926165827,0.0
21.95299092616583,0.0
21.96299092616583,0.0
21.972990926165828,0.0
21.982990926165826,0.0
21.992990926165827,0.0
22.00299092616583,0.0
22.012990926165827,0.0
22.022990926165825,0.0
22.032990926165827,0.0
22.042990926165828,0.0
22.052990926165826,0.0
22.062990926165824,0.0
22.072990926165826,0.0
22.082990926165827,0.0
22.092990926165825,0.0
22.102990926165823,0.0
22.112990926165825,0.0
22.122990926165826,0.0
22.132990926165824,0.0
22.142990926165822,0.0
22.152990926165824,0.0
22.162990926165826,0.0
22.172990926165824,0.0
22.18299092616582,0.0
22.192990926165823,0.0
22.202990926165825,0.0
22.212990926165823,0.0
22.22299092616582,0.0
22.232990926165822,0.0
22.242990926165824,0.0
22.252990926165822,0.0
22.26299092616582,0.0
22.27299092616582,0.0
22.282990926165823,0.0
22.29299092616582,0.0
22.30299092616582,0.0
22.31299092616582,0.0
22.322990926165822,0.0
22.33299092616582,0.0
22.342990926165818,0.0
22.35299092616582,0.0
22.36299092616582,0.0
22.37299092616582,0.0
22.382990926165817,0.0
22.39299092616582,0.0
22.40299092616582,0.0
22.41299092616582,0.0
22.422990926165816,0.0
22.432990926165818,0.0
22.44299092616582,0.0
22.452990926165818,0.0
22.462990926165816,0.0
22.472990926165817,0.0
22.48299092616582,0.0
22.492990926165817,0.0
22.502990926165815,0.0
22.512990926165816,0.0
22.522990926165818,0.0
22.532990926165816,0.0
22.542990926165814,0.0
22.552990926165815,0.0
22.562990926165817,0.0
22.572990926165815,0.0
22.582990926165813,0.0
22.592990926165815,0.0
22.602990926165816,0.0
22.612990926165814,0.0
22.622990926165812,0.0
22.632990926165814,0.0
22.642990926165815,0.0
22.652990926165813,0.0
22.66299092616581,0.0
22.672990926165813,0.0
22.682990926165814,0.0
22.692990926165812,0.0
22.70299092616581,0.0
22.712990926165812,0.0
22.722990926165814,0.0
22.73299092616581,0.0
22.74299092616581,0.0
22.75299092616581,0.0
22.762990926165813,0.0
22.77299092616581,0.0
22.78299092616581,0.0
22.79299092616581,0.0
22.802990926165812,0.0
22.81299092616581,0.0
22.822990926165808,0.0
22.83299092616581,0.0
22.84299092616581,0.0
22.85299092616581,0.0
22.862990926165807,0.0
22.87299092616581,0.0
22.88299092616581,0.0
22.892990926165808,0.0
22.902990926165806,0.0
22.912990926165808,0.0
22.92299092616581,0.0
22.932990926165807,0.0
22.942990926165805,0.0
22.952990926165807,0.0
22.96299092616581,0.0
22.972990926165807,0.0
22.982990926165805,0.0
22.992990926165806,0.0
23.002990926165808,0.0
23.012990926165806,0.0
23.022990926165804,0.0
23.032990926165805,0.0
23.042990926165807,0.0
23.052990926165805,0.0
23.062990926165803,0.0
23.072990926165804,0.0
23.082990926165806,0.0
23.092990926165804,0.0
23.102990926165802,0.0
23.112990926165804,0.0
23.122990926165805,0.0
23.132990926165803,0.0
23.1429909261658,0.0
23.152990926165803,0.0
23.162990926165804,0.0
23.172990926165802,0.0
23.1829909261658,0.0
23.192990926165802,0.0
23.202990926165803,0.0
23.2129909261658,0.0
23.2229909261658,0.0
23.2329909261658,0.0
23.242990926165803,0.0
23.2529909261658,0.0
23.2629909261658,0.0
23.2729909261658,0.0
23.2829909261658,0.0
23.2929909261658,0.0
23.302990926165798,0.0
23.3129909261658,0.0
23.3229909261658,0.0
23.3329909261658,0.0
23.342990926165797,0.0
23.3529909261658,0.0
23.3629909261658,0.0
23.372990926165798,0.0
23.382990926165796,0.0
23.392990926165798,0.0
23.4029909261658,0.0
23.412990926165797,0.0
23.422990926165795,0.0
23.432990926165797,0.0
23.4429909261658,0.0
23.452990926165796,0.0
23.462990926165794,0.0
23.472990926165796,0.0
23.482990926165797,0.0
23.492990926165795,0.0
23.502990926165793,0.0
23.512990926165795,0.0
23.522990926165797,0.0
23.532990926165795,0.0
23.542990926165793,0.0
23.552990926165794,0.0
23.562990926165796,0.0
23.572990926165794,0.0
23.58299092616579,0.0
23.592990926165793,0.0
23.602990926165795,0.0
23.612990926165793,0.0
23.62299092616579,0.0
23.632990926165792,0.0
23.642990926165794,0.0
23.652990926165792,0.0
23.66299092616579,0.0
23.67299092616579,0.0
23.682990926165793,0.0
23.69299092616579,0.0
23.70299092616579,0.0
23.71299092616579,0.0
23.722990926165792,0.0
23.73299092616579,0.0
23.74299092616579,0.0
23.75299092616579,0.0
23.76299092616579,0.0
23.77299092616579,0.0
23.782990926165787,0.0
23.79299092616579,0.0
23.80299092616579,0.0
23.81299092616579,0.0
23.822990926165787,0.0
23.832990926165788,0.0
23.84299092616579,0.0
23.852990926165788,0.0
23.862990926165786,0.0
23.872990926165787,0.0
23.88299092616579,0.0
23.892990926165787,0.0
23.902990926165785,0.0
23.912990926165786,0.0
23.922990926165788,0.0
23.932990926165786,0.0
23.942990926165784,0.0
23.952990926165786,0.0
23.962990926165787,0.0
23.972990926165785,0.0
23.982990926165783,0.0
23.992990926165785,0.0
24.002990926165786,0.0
24.012990926165784,0.0
24.022990926165782,0.0
24.032990926165784,0.0
24.042990926165785,0.0
24.052990926165783,0.0
24.06299092616578,0.0
24.072990926165783,0.0
24.082990926165785,0.0
24.092990926165783,0.0
24.10299092616578,0.0
24.112990926165782,0.0
24.122990926165784,0.0
24.132990926165782,0.0
24.14299092616578,0.0
24.15299092616578,0.0
24.162990926165783,0.0
24.17299092616578,0.0
24.18299092616578,0.0
24.19299092616578,0.0
24.202990926165782,0.0
24.21299092616578,0.0
24.222990926165778,0.0
24.23299092616578,0.0
24.24299092616578,0.0
24.25299092616578,0.0
24.262990926165777,0.0
24.27299092616578,0.0
24.28299092616578,0.0
24.29299092616578,0.0
24.302990926165776,0.0
24.312990926165778,0.0
24.32299092616578,0.0
24.332990926165778,0.0
24.342990926165776,0.0
24.352990926165777,0.0
24.36299092616578,0.0
24.372990926165777,0.0
24.382990926165775,0.0
24.392990926165776,0.0
24.402990926165778,0.0
24.412990926165776,0.0
24.422990926165774,0.0
24.432990926165775,0.0
24.442990926165777,0.0
24.452990926165775,0.0
24.462990926165773,0.0
24.472990926165775,0.0
24.482990926165776,0.0
24.492990926165774,0.0
24.502990926165772,0.0
24.512990926165774,0.0
24.522990926165775,0.0
24.532990926165773,0.0
24.54299092616577,0.0
24.552990926165773,0.0
24.562990926165774,0.0
24.572990926165772,0.0
24.58299092616577,0.0
24.592990926165772,0.0
24.602990926165774,0.0
24.61299092616577,0.0
24.62299092616577,0.0
24.63299092616577,0.0
24.642990926165773,0.0
24.65299092616577,0.0
24.66299092616577,0.0
24.67299092616577,0.0
24.682990926165772,0.0
24.69299092616577,0.0
24.702990926165768,0.0
24.71299092616577,0.0
24.72299092616577,0.0
24.73299092616577,0.0
24.742990926165767,0.0
24.75299092616577,0.0
24.76299092616577,0.0
24.772990926165768,0.0
24.782990926165766,0.0
24.792990926165768,0.0
24.80299092616577,0.0
24.812990926165767,0.0
24.822990926165765,0.0
24.832990926165767,0.0
24.84299092616577,0.0
24.852990926165766,0.0
24.862990926165764,0.0
24.872990926165766,0.0
24.882990926165768,0.0
24.892990926165766,0.0
24.902990926165764,0.0
24.912990926165765,0.0
24.922990926165767,0.0
24.932990926165765,0.0
24.942990926165763,0.0
24.952990926165764,0.0
24.962990926165766,0.0
24.972990926165764,0.0
24.982990926165762,0.0
24.992990926165763,0.0
25.002990926165765,0.0
25.012990926165763,0.0
25.02299092616576,0.0
25.032990926165763,0.0
25.042990926165764,0.0
25.052990926165762,0.0
25.06299092616576,0.0
25.07299092616576,0.0
25.082990926165763,0.0
25.09299092616576,0.0
25.10299092616576,0.0
25.11299092616576,0.0
25.122990926165762,0.0
25.13299092616576,0.0
25.14299092616576,0.0
25.15299092616576,0.0
25.16299092616576,0.0
25.17299092616576,0.0
25.182990926165758,0.0
25.19299092616576,0.0
25.20299092616576,0.0
25.21299092616576,0.0
25.222990926165757,0.0
25.23299092616576,0.0
25.24299092616576,0.0
25.252990926165758,0.0
25.262990926165756,0.0
25.272990926165757,0.0
25.28299092616576,0.0
25.292990926165757,0.0
25.302990926165755,0.0
25.312990926165757,0.0
25.322990926165758,0.0
25.332990926165756,0.0
25.342990926165754,0.0
25.352990926165756,0.0
25.362990926165757,0.0
25.372990926165755,0.0
25.382990926165753,0.0
25.392990926165755,0.0
25.402990926165756,0.0
25.412990926165755,0.0
25.422990926165753,0.0
25.432990926165754,0.0
25.442990926165756,0.0
25.452990926165754,0.0
25.46299092616575,0.0
25.472990926165753,0.0
25.482990926165755,0.0
25.492990926165753,0.0
25.50299092616575,0.0
25.512990926165752,0.0
25.522990926165754,0.0
25.532990926165752,0.0
25.54299092616575,0.0
25.55299092616575,0.0
25.562990926165753,0.0
25.57299092616575,0.0
25.58299092616575,0.0
25.59299092616575,0.0
25.602990926165752,0.0
25.61299092616575,0.0
25.62299092616575,0.0
25.63299092616575,0.0
25.64299092616575,0.0
25.65299092616575,0.0
25.662990926165747,0.0
25.67299092616575,0.0
25.68299092616575,0.0
25.69299092616575,0.0
25.702990926165747,0.0
25.712990926165748,0.0
25.72299092616575,0.0
25.732990926165748,0.0
25.742990926165746,0.0
25.752990926165747,0.0
25.76299092616575,0.0
25.772990926165747,0.0
25.782990926165745,0.0
25.792990926165746,0.0
25.802990926165748,0.0
25.812990926165746,0.0
25.822990926165744,0.0
25.832990926165746,0.0
25.842990926165747,0.0
25.852990926165745,0.0
25.862990926165743,0.0
25.872990926165745,0.0
25.882990926165746,0.0
25.892990926165744,0.0
25.902990926165742,0.0
25.912990926165744,0.0
25.922990926165745,0.0
25.932990926165743,3.21e-321
25.94299092616574,1.2846e-320
25.952990926165743,6.1017e-320
25.962990926165745,2.7297e-319
25.972990926165743,1.21392e-318
25.98299092616574,5.40162e-318
25.992990926165742,2.3986146e-317
26.002990926165744,1.06349607e-316
26.01299092616574,4.70846537e-316
26.02299092616574,2.08145089e-315
26.03299092616574,9.18749999e-315
26.042990926165743,4.049235577e-314
26.05299092616574,1.781940935e-313
26.06299092616574,7.8299333239e-313
26.07299092616574,3.435321053686e-312
26.082990926165742,1.504946656189e-311
26.09299092616574,6.5829323144293e-311
26.102990926165738,2.875161082715e-310
26.11299092616574,1.25386125086476e-309
26.12299092616574,5.459857266311793e-309
26.13299092616574,2.373873682540299e-308
26.142990926165737,1.0305722174534252e-307
26.15299092616574,4.467286061761464e-307
26.16299092616574,1.933541974716515e-306
26.17299092616574,8.356183220668435e-306
26.182990926165736,3.605842984742875e-305
26.192990926165738,1.5536392253906415e-304
26.20299092616574,6.684024786224616e-304
26.212990926165737,2.8712462047937206e-303
26.222990926165735,1.2315366048292336e-302
26.232990926165737,5.274347305096125e-302
26.24299092616574,2.2554574117347194e-301
26.252990926165737,9.630415977234284e-301
26.262990926165735,4.105820608129684e-300
26.272990926165736,1.7478308565415637e-299
26.282990926165738,7.429222107833082e-299
26.292990926165736,3.153056775394413e-298
26.302990926165734,1.3361793254249666e-297
26.312990926165735,5.653823057826304e-297
26.322990926165737,2.3887141706138118e-296
26.332990926165735,1.007698628438868e-295
26.342990926165733,4.244647768406023e-295
26.352990926165734,1.785242245209795e-294
26.362990926165736,7.497166596629134e-294
26.372990926165734,3.143704205605245e-293
26.382990926165732,1.3162267076847617e-292
26.392990926165734,5.502552944153476e-292
26.402990926165735,2.2969009597533515e-291
26.412990926165733,9.573369394959886e-291
26.42299092616573,3.9841150634856584e-290
26.432990926165733,1.6555543269408841e-289
26.442990926165734,6.869094782816166e-289
26.452990926165732,2.8457719189209035e-288
26.46299092616573,1.1771862437822175e-287
26.472990926165732,4.862221904753491e-287
26.482990926165733,2.005251643148073e-286
26.49299092616573,8.2574793156718315e-286
26.50299092616573,3.3952410756951935e-285
26.51299092616573,1.3939212744556824e-284
26.522990926165733,5.71413352912357e-284
26.53299092616573,2.3388751061324893e-283
26.54299092616573,9.558905900836084e-283
26.55299092616573,3.90080148722842e-282
26.56299092616573,1.58943957034917e-281
26.57299092616573,6.466640242295098e-281
26.582990926165728,2.6269867874382676e-280
26.59299092616573,1.0655690179810584e-279
26.60299092616573,4.315685505579876e-279
26.61299092616573,1.7452695106584398e-278
26.622990926165727,7.047250720427116e-278
26.63299092616573,2.8413285283243427e-277
26.64299092616573,1.1438463464130836e-276
26.652990926165728,4.5978884970909325e-276
26.662990926165726,1.8454134815175706e-275
26.672990926165728,7.395600637324447e-275
26.68299092616573,2.959359470388764e-274
26.692990926165727,1.1824056612021916e-273
26.702990926165725,4.717151095360918e-273
26.712990926165727,1.8790467383016885e-272
26.72299092616573,7.473772710430763e-272
26.732990926165726,2.968155829529232e-271
26.742990926165724,1.1770042143467493e-270
26.752990926165726,4.660299693822974e-270
26.762990926165728,1.842443516538071e-269
26.772990926165726,7.273091100081949e-269
26.782990926165724,2.8667404898373306e-268
26.792990926165725,1.1282419453714763e-267
26.802990926165727,4.433641884981381e-267
26.812990926165725,1.7396564398016272e-266
26.822990926165723,6.815706416506055e-266
26.832990926165724,2.666261670603201e-265
26.842990926165726,1.041451792962254e-264
26.852990926165724,4.061814473744187e-264
26.862990926165722,1.5817778943142226e-263
26.872990926165723,6.150570901092616e-263
26.882990926165725,2.387975489413757e-262
26.892990926165723,9.257395294003833e-262
26.90299092616572,3.583375010819502e-261
26.912990926165723,1.3849695372962981e-260
26.922990926165724,5.3448151493918016e-260
26.932990926165722,2.0595373226208497e-259
26.94299092616572,7.924121970378608e-259
26.95299092616572,3.044227782126935e-258
26.962990926165723,1.1677440059296333e-257
26.97299092616572,4.472626746903226e-257
26.98299092616572,1.7104964404463652e-256
26.99299092616572,6.531699574553729e-256
27.002990926165722,2.4904322739641207e-255
27.01299092616572,9.481297605517089e-255
27.02299092616572,3.604170518530611e-254
27.03299092616572,1.368004069520839e-253
27.04299092616572,5.1845844983355797e-253
27.05299092616572,1.9619368886566868e-252
27.062990926165718,7.41311294699319e-252
27.07299092616572,2.796795483235444e-251
27.08299092616572,1.0535746445140963e-250
27.09299092616572,3.962911915127327e-250
27.102990926165717,1.4883601600855514e-249
27.11299092616572,5.581438733555377e-249
27.12299092616572,2.0899158305949963e-248
27.132990926165718,7.813685692661496e-248
27.142990926165716,2.9169406171752846e-247
27.152990926165717,1.0872858756420607e-246
27.16299092616572,4.046731715731254e-246
27.172990926165717,1.5038675492291427e-245
27.182990926165715,5.580322150932369e-245
27.192990926165717,2.0675378218100046e-244
27.202990926165718,7.648779878426889e-244
27.212990926165716,2.825370268324818e-243
27.222990926165714,1.0420848617832464e-242
27.232990926165716,3.837737904171695e-242
27.242990926165717,1.4112112968133828e-241
27.252990926165715,5.181473548346146e-241
27.262990926165713,1.899586326093189e-240
27.272990926165715,6.953593397576093e-240
27.282990926165716,2.541581602237924e-239
27.292990926165714,9.275628198342405e-239
27.302990926165712,3.3800810522149315e-238
27.312990926165714,1.2298592307717704e-237
27.322990926165716,4.468154728319387e-237
27.332990926165714,1.62086002345794e-236
27.34299092616571,5.870935733841247e-236
27.352990926165713,2.123311197302236e-235
27.362990926165715,7.667688862656284e-235
27.372990926165713,2.764775179673152e-234
27.38299092616571,9.95404661876925e-234
27.392990926165712,3.5783599712237237e-233
27.402990926165714,1.2844372495608194e-232
27.412990926165712,4.60348004642958e-232
27.42299092616571,1.6474192882446998e-231
27.43299092616571,5.886627244786092e-231
27.442990926165713,2.100261803073649e-230
27.45299092616571,7.482122945615912e-230
27.46299092616571,2.6614649714872887e-229
27.47299092616571,9.452815410797511e-229
27.482990926165712,3.3523249416040427e-228
27.49299092616571,1.1870678624120722e-227
27.502990926165708,4.1971017209953785e-227
27.51299092616571,1.4817261673550133e-226
27.52299092616571,5.223130953950067e-226
27.53299092616571,1.8383931231578513e-225
27.542990926165707,6.460860547811954e-225
27.55299092616571,2.267184459330198e-224
27.56299092616571,7.943791796889996e-224
27.57299092616571,2.7791587700786624e-223
27.582990926165706,9.708304103002892e-223
27.592990926165708,3.38624123158641e-222
27.60299092616571,1.1793342827460873e-221
27.612990926165708,4.1011009690533895e-221
27.622990926165706,1.423995143865074e-220
27.632990926165707,4.936976534754256e-220
27.64299092616571,1.70906321235447e-219
27.652990926165707,5.907445142056042e-219
27.662990926165705,2.0388523537979043e-218
27.672990926165706,7.026132971960339e-218
27.682990926165708,2.4176390440528667e-217
27.692990926165706,8.306366033219195e-217
27.702990926165704,2.8495427553674012e-216
27.712990926165705,9.760763688136264e-216
27.722990926165707,3.33838889881854e-215
27.732990926165705,1.1400779991366684e-214
27.742990926165703,3.887556469079e-214
27.752990926165705,1.3236201327406939e-213
27.762990926165706,4.499813625452414e-213
27.772990926165704,1.5274612334366735e-212
27.782990926165702,5.177145555999161e-212
27.792990926165704,1.7520845591096572e-211
27.802990926165705,5.920580049419479e-211
27.812990926165703,1.99764338166253e-210
27.8229909261657,6.730017172829188e-210
27.832990926165703,2.2639086158945667e-209
27.842990926165704,7.604070250309862e-209
27.852990926165702,2.5502212301545668e-208
27.8629909261657,8.539925882968662e-208
27.872990926165702,2.855451936461576e-207
27.882990926165704,9.533230979180788e-207
27.8929909261657,3.177970672308818e-206
27.9029909261657,1.0578014614873217e-205
27.9129909261657,3.5156282746776094e-205
27.922990926165703,1.1666651978324129e-204
27.9329909261657,3.8657524989946485e-204
27.9429909261657,1.2789876650013598e-203
27.9529909261657,4.225160149313034e-203
27.962990926165702,1.393684603258398e-202
27.9729909261657,4.590186566828909e-202
27.982990926165698,1.5095262909713096e-201
27.9929909261657,4.956733086924194e-201
28.0029909261657,1.6251553939711632e-200
28.0129909261657,5.32033234417653e-200
28.022990926165697,1.73911034665181e-199
28.0329909261657,5.6762305124410295e-199
28.0429909261657,1.8498538473610786e-198
28.0529909261657,6.019484752136804e-198
28.062990926165696,1.9558057944017953e-197
28.072990926165698,6.345073343123718e-197
28.0829909261657,2.0553797468248692e-196
28.092990926165697,6.648015254914423e-196
28.102990926165695,2.1470217803466257e-195
28.112990926165697,6.923495291597303e-195
28.1229909261657,2.2292504372964864e-194
28.132990926165697,7.166990487989863e-194
28.142990926165695,2.3006963521634845e-193
28.152990926165696,7.374393160400081e-193
28.162990926165698,2.3601400808650727e-192
28.172990926165696,7.542125954589877e-192
28.182990926165694,2.4065466778673415e-191
28.192990926165695,7.667244397824847e-191
28.202990926165697,2.4390956531665298e-190
28.212990926165695,7.74752285086506e-190
28.222990926165693,2.457205098143656e-189
28.232990926165694,7.781520355291953e-189
28.242990926165696,2.4605489893216827e-188
28.252990926165694,7.768623654397796e-188
28.262990926165692,2.449066951055201e-187
28.272990926165694,7.709065593059417e-187
28.282990926165695,2.422966068755548e-186
28.292990926165693,7.603918125252596e-186
28.30299092616569,2.382714676505238e-185
28.312990926165693,7.45506022261341e-185
28.322990926165694,2.3290283795133208e-184
28.332990926165692,7.265122026366843e-184
28.34299092616569,2.262848894205048e-183
28.352990926165692,7.037407561851811e-183
28.362990926165693,2.1853165801509962e-182
28.37299092616569,6.775799188189119e-182
28.38299092616569,2.0977377828578304e-181
28.39299092616569,6.484647641851902e-181
28.402990926165693,2.0015482930372967e-180
28.41299092616569,6.16865201931076e-180
28.42299092616569,1.8982743474001225e-179
28.43299092616569,5.8327343102917066e-179
28.44299092616569,1.7894926445400484e-178
28.45299092616569,5.481913132993051e-178
28.462990926165688,1.67679082668845e-177
28.47299092616569,5.121181142755281e-177
28.48299092616569,1.561729788699626e-176
28.49299092616569,4.75539020567213e-176
28.502990926165687,1.445809027116386e-175
28.51299092616569,4.389147878664437e-175
28.52299092616569,1.3304360458940752e-174
28.532990926165688,4.026728056051652e-174
28.542990926165686,1.2169006041066973e-173
28.552990926165688,3.671997873434484e-173
28.56299092616569,1.1063543393533943e-172
28.572990926165687,3.328362148674275e-172
28.582990926165685,9.997960428391921e-172
28.592990926165687,2.9987258320536673e-171
28.60299092616569,8.980626122948153e-171
28.612990926165686,2.6854741747702477e-170
28.622990926165684,8.018254790095745e-170
28.632990926165686,2.3904696422482514e-169
28.642990926165687,7.115921055798409e-169
28.652990926165685,2.1150640241302185e-168
28.662990926165683,6.277119887401744e-168
28.672990926165685,1.860123745305585e-167
28.682990926165687,5.503864816317122e-167
28.692990926165685,1.6260660718946054e-166
28.702990926165683,4.7968167363135323e-166
28.712990926165684,1.4129037339219528e-165
28.722990926165686,4.155435326507549e-165
28.732990926165684,1.2202954457180516e-164
28.74299092616568,3.57814521229748e-164
28.752990926165683,1.047599882510106e-163
28.762990926165685,3.062509388334841e-163
28.772990926165683,8.9393084881135e-163
28.78299092616568,2.6054031199756743e-162
28.792990926165682,7.582116294206683e-162
28.802990926165684,2.2031824428953114e-161
28.812990926165682,6.392268239112876e-161
28.82299092616568,1.8518424200531362e-160
28.83299092616568,5.3567030732289335e-160
28.842990926165683,1.5471614204901442e-159
28.85299092616568,4.461883117754711e-159
28.86299092616568,1.2848287903601706e-158
28.87299092616568,3.694169668796884e-158
28.882990926165682,1.0605543385921056e-157
28.89299092616568,3.040139554851741e-157
28.90299092616568,8.701590136321921e-157
28.91299092616568,2.48684223618825e-156
28.92299092616568,7.096469728594398e-156
28.93299092616568,2.0219992146599504e-155
28.942990926165677,5.75259923080251e-155
28.95299092616568,1.6341494172882476e-154
28.96299092616568,4.635151314178156e-154
28.97299092616568,1.312745618049338e-153
28.982990926165677,3.712288727423229e-153
28.992990926165678,1.048207889524374e-152
29.00299092616568,2.955273027227418e-152
29.012990926165678,8.319405713108688e-152
29.022990926165676,2.338468404391523e-151
29.032990926165677,6.563193627662841e-151
29.04299092616568,1.839261312479347e-150
29.052990926165677,5.146549603874876e-150
29.062990926165675,1.4379156097089291e-149
29.072990926165676,4.011392350255061e-149
29.082990926165678,1.1173812869224923e-148
29.092990926165676,3.1077934996688097e-148
29.102990926165674,8.630727850071404e-148
29.112990926165676,2.3932452135392823e-147
29.122990926165677,6.62630594442233e-147
29.132990926165675,1.8318937336004136e-146
29.142990926165673,5.056774397248234e-146
29.152990926165675,1.3937708849791353e-145
29.162990926165676,3.835780138404888e-145
29.172990926165674,1.0540483487405117e-144
29.182990926165672,2.892090418643047e-144
29.192990926165674,7.923329362459076e-144
29.202990926165675,2.1674448725050994e-143
29.212990926165673,5.920152846792376e-143
29.22299092616567,1.6145901063935064e-142
29.232990926165673,4.396794448308595e-142
29.242990926165675,1.1955136707141807e-141
29.252990926165673,3.2457677356932433e-141
29.26299092616567,8.798828226490005e-141
29.272990926165672,2.381643467735052e-140
29.282990926165674,6.436846684985957e-140
29.292990926165672,1.737057082606381e-139
29.30299092616567,4.680578397077283e-139
29.31299092616567,1.2593007603752323e-138
29.322990926165673,3.3830149391558143e-138
29.33299092616567,9.074503529121285e-138
29.34299092616567,2.4304480376443766e-137
29.35299092616567,6.49971501655208e-137
29.362990926165672,1.7355886374510025e-136
29.37299092616567,4.62747189268064e-136
29.382990926165668,1.2319278945731458e-135
29.39299092616567,3.274698319091931e-135
29.40299092616567,8.691641661377943e-135
29.41299092616567,2.303439644788497e-134
29.422990926165667,6.095318022885907e-134
29.43299092616567,1.6104988189438596e-133
29.44299092616567,4.248826134415582e-133
29.45299092616567,1.1192368927000545e-132
29.462990926165666,2.9438764725118506e-132
29.472990926165668,7.73146254954441e-132
29.48299092616567,2.0274410647620645e-131
29.492990926165668,5.308591764914306e-131
29.502990926165666,1.3878896198294625e-130
29.512990926165667,3.623055897659051e-130
29.52299092616567,9.443644927899764e-130
29.532990926165667,2.4578126380988857e-129
29.542990926165665,6.387080718156319e-129
29.552990926165666,1.6572977646560435e-128
29.562990926165668,4.293813654561489e-128
29.572990926165666,1.110785876603619e-127
29.582990926165664,2.8692078728033234e-127
29.592990926165665,7.400110193148924e-127
29.602990926165667,1.905719017642077e-126
29.612990926165665,4.900315669110924e-126
29.622990926165663,1.2581538620253908e-125
29.632990926165665,3.2254325248202643e-125
29.642990926165666,8.256323006160731e-125
29.652990926165664,2.1102305091693527e-124
29.662990926165662,5.385395813288206e-124
29.672990926165664,1.3723025405406058e-123
29.682990926165665,3.491617122649579e-123
29.692990926165663,8.870495298758203e-123
29.70299092616566,2.2501612104304433e-122
29.712990926165663,5.699331335530607e-122
29.722990926165664,1.4413806450907537e-121
29.732990926165662,3.639803804012201e-121
29.74299092616566,9.177444594933997e-121
29.752990926165662,2.3105218310767494e-120
29.762990926165664,5.8082177487804954e-120
29.77299092616566,1.4578747398260264e-119
29.78299092616566,3.653777027499075e-119
29.79299092616566,9.143413885111181e-119
29.802990926165663,2.2846476225906284e-118
29.81299092616566,5.699996379313904e-118
29.82299092616566,1.4199545465172496e-117
29.83299092616566,3.531984700517157e-117
29.842990926165662,8.77218320013851e-117
29.85299092616566,2.1754097996040054e-116
29.862990926165658,5.386652709144397e-116
29.87299092616566,1.3318072676307397e-115
29.88299092616566,3.287821967315116e-115
29.89299092616566,8.104378456926316e-115
29.902990926165657,1.9946910649641943e-114
29.91299092616566,4.902031293930787e-114
29.92299092616566,1.2028764567901603e-113
29.932990926165658,2.94720590315243e-113
29.942990926165656,7.21015233083895e-113
29.952990926165658,1.7612577227309808e-112
29.96299092616566,4.295818152118404e-112
29.972990926165657,1.0461967713992372e-111
29.982990926165655,2.5440484054406248e-111
29.992990926165657,6.177060763633125e-111
30.00299092616566,1.497555356671718e-110
30.012990926165656,3.6251702274316637e-110
30.022990926165654,8.762306339758975e-110
30.032990926165656,2.1147204676608287e-109
30.042990926165658,5.096030435751e-109
30.052990926165656,1.2261837767811758e-108
30.062990926165654,2.9459381648608488e-108
30.072990926165655,7.067017975565063e-108
30.082990926165657,1.692751757757777e-107
30.092990926165655,4.0485066703422287e-107
30.102990926165653,9.668095978148278e-107
30.112990926165654,2.3053217905049133e-106
30.122990926165656,5.488664258955587e-106
30.132990926165654,1.304807019985672e-105
30.142990926165652,3.0972082796772714e-105
30.152990926165653,7.340726556727327e-105
30.162990926165655,1.737209478743607e-104
30.172990926165653,4.104968625229137e-104
30.18299092616565,9.685276019172329e-104
30.192990926165653,2.281700672471577e-103
30.202990926165654,5.367225558056289e-103
30.212990926165652,1.260623885825843e-102
30.22299092616565,2.9564172305181503e-102
30.23299092616565,6.922937742631052e-102
30.242990926165653,1.6186749120561326e-101
30.25299092616565,3.7789692100191285e-101
30.26299092616565,8.809100799327025e-101
30.27299092616565,2.0503797962687643e-100
30.282990926165652,4.765204644310746e-100
30.29299092616565,1.1057916526225606e-99
30.30299092616565,2.5621795839671414e-99
30.31299092616565,5.927756202994053e-99
30.32299092616565,1.3693536043285032e-98
30.33299092616565,3.1585328138243976e-98
30.342990926165648,7.274441994681725e-98
30.35299092616565,1.6728557197333762e-97
30.36299092616565,3.841154662656312e-97
30.37299092616565,8.806627176046066e-97
30.382990926165647,2.0160529589247736e-96
30.39299092616565,4.6082790513426455e-96
30.40299092616565,1.0517683826271284e-95
30.412990926165648,2.396878176492975e-95
30.422990926165646,5.454014890871465e-95
30.432990926165647,1.239170841845264e-94
30.44299092616565,2.8111923377569814e-94
30.452990926165647,6.367873733904392e-94
30.462990926165645,1.4402664179019861e-93
30.472990926165647,3.2526380187279426e-93
30.482990926165648,7.3345443955297685e-93
30.492990926165646,1.6514105609404536e-92
30.502990926165644,3.712628394189276e-92
30.512990926165646,8.333979240075192e-92
30.522990926165647,1.8679612167389386e-91
30.532990926165645,4.1804959207111016e-91
30.542990926165643,9.341836482453249e-91
30.552990926165645,2.0844007785287846e-90
30.562990926165646,4.643812759124426e-90
30.572990926165645,1.0330294017481143e-89
30.582990926165643,2.294537567963928e-89
30.592990926165644,5.0888795457849046e-89
30.602990926165646,1.1269215345258819e-88
30.612990926165644,2.4917799845283457e-88
30.62299092616564,5.501361911128786e-88
30.632990926165643,1.212761070773635e-87
30.642990926165645,2.6694684206292077e-87
30.652990926165643,5.867037115752765e-87
30.66299092616564,1.2875301033437117e-86
30.672990926165642,2.8212427529333794e-86
30.682990926165644,6.17259850481362e-86
30.692990926165642,1.3484663405399214e-85
30.70299092616564,2.941417688048116e-85
30.71299092616564,6.406455255790056e-85
30.722990926165643,1.3932318789255247e-84
30.73299092616564,3.0253353166531408e-84
30.74299092616564,6.559460777803806e-84
30.75299092616564,1.4200618823901557e-83
30.762990926165642,3.0696644809283675e-83
30.77299092616564,6.625506068962334e-83
30.78299092616564,1.4278800030460732e-82
30.79299092616564,3.072620155863976e-82
30.80299092616564,6.601924402744792e-82
30.81299092616564,1.416370025153923e-81
30.822990926165637,3.0340827095139927e-81
30.83299092616564,6.489669980888169e-81
30.84299092616564,1.3859970856951008e-80
30.85299092616564,2.9556059369403342e-80
30.862990926165637,6.293253871806528e-80
30.872990926165638,1.3379764868334016e-79
30.88299092616564,2.8403131159041535e-79
30.892990926165638,6.020443228740179e-79
30.902990926165636,1.274193014735503e-78
30.912990926165637,2.6926907757510483e-78
30.92299092616564,5.681751739108074e-78
30.932990926165637,1.1970782298416168e-77
30.942990926165635,2.5182991577288813e-77
30.952990926165633,5.289767889052522e-77
30.962990926165638,1.1094568602162964e-76
30.972990926165636,2.3234253964713653e-76
30.982990926165634,4.858380809243638e-76
30.992990926165632,1.0143758039764971e-75
31.002990926165637,2.1147095101897764e-75
31.012990926165635,4.4019698498432677e-75
31.022990926165633,9.14930103375144e-75
31.03299092616563,1.898774011563924e-74
31.042990926165636,3.934623205024746e-74
31.052990926165634,8.14099573499663e-74
31.062990926165632,1.681885450971815e-73
31.07299092616563,3.4694434134032423e-73
31.082990926165635,7.146077330964927e-73
31.092990926165633,1.46967099412696e-72
31.10299092616563,3.017984760516588e-72
31.11299092616563,6.18811634263155e-72
31.122990926165635,1.2669060390585022e-71
31.132990926165633,2.5898514282057343e-71
31.14299092616563,5.286275623258484e-71
31.15299092616563,1.0773808802781797e-70
31.162990926165634,2.192467847538009e-70
31.17299092616563,4.4549384743583267e-70
31.18299092616563,9.038465322565585e-70
31.192990926165628,1.831016213605819e-69
31.202990926165633,3.7036862745564427e-69
31.21299092616563,7.480329052378292e-69
31.22299092616563,1.5085222531403322e-68
31.232990926165627,3.0375766659880534e-68
31.242990926165632,6.107272288244969e-68
31.25299092616563,1.2260602897780959e-67
31.262990926165628,2.4576547771173195e-67
31.272990926165626,4.918972992498429e-67
31.28299092616563,9.830429800971441e-67
31.29299092616563,1.9616209118868755e-66
31.302990926165627,3.908428462831372e-66
31.312990926165625,7.775597299700673e-66
31.32299092616563,1.544578059500501e-65
31.33299092616563,3.0635887841885635e-65
31.342990926165626,6.0673016661943445e-65
31.352990926165624,1.1997899356068377e-64
31.36299092616563,2.368968842474835e-64
31.372990926165627,4.67044208686907e-64
31.382990926165625,9.193928922906734e-64
31.392990926165623,1.8071275253517044e-63
31.40299092616563,3.5466715251190717e-63
31.412990926165627,6.95020546612843e-63
31.422990926165625,1.3599371175743208e-62
31.432990926165623,2.656956960373149e-62
31.442990926165628,5.183161244633139e-62
31.452990926165626,1.0096002005497604e-61
31.462990926165624,1.9635802033892272e-61
31.47299092616562,3.813224458363921e-61
31.482990926165627,7.394019698423507e-61
31.492990926165625,1.4315724921700555e-60
31.502990926165623,2.767518894377791e-60
31.51299092616562,5.342104172379278e-60
31.522990926165626,1.0296239092722813e-59
31.532990926165624,1.981478632737784e-59
31.542990926165622,3.8075417692115305e-59
31.55299092616562,7.305407856926746e-59
31.562990926165625,1.3995511218281888e-58
31.572990926165623,2.6771800145184234e-58
31.58299092616562,5.113413222440023e-58
31.59299092616562,9.751888211722591e-58
31.602990926165624,1.856996334813718e-57
31.612990926165622,3.5308387741189757e-57
31.62299092616562,6.703308948521542e-57
31.63299092616562,1.2707060368119263e-56
31.642990926165623,2.405168229645355e-56
31.65299092616562,4.545590745190819e-56
31.66299092616562,8.577875015714623e-56
31.672990926165618,1.6162688546018227e-55
31.682990926165623,3.0408290291035075e-55
31.69299092616562,5.7123513166557725e-55
31.70299092616562,1.0714756951185446e-54
31.712990926165617,2.0067545082571368e-54
31.72299092616562,3.752759030779542e-54
31.73299092616562,7.007314638992141e-54
31.742990926165618,1.3064628545365107e-53
31.752990926165616,2.432131331696391e-53
31.76299092616562,4.520864463372145e-53
31.77299092616562,8.390743780190245e-53
31.782990926165617,1.5549768960354164e-52
31.792990926165615,2.877344946768881e-52
31.80299092616562,5.316238145571351e-52
31.812990926165618,9.807570372893708e-52
31.822990926165616,1.8066039149105733e-51
31.832990926165614,3.3228364761455347e-51
31.84299092616562,6.102383537164576e-51
31.852990926165617,1.1190114709439562e-50
31.862990926165615,2.0488684999137915e-50
31.872990926165613,3.745744415881966e-50
31.88299092616562,6.837647442230835e-50
31.892990926165616,1.2462919103452484e-49
31.902990926165614,2.2681791611938128e-49
31.912990926165612,4.121729099037403e-49
31.922990926165618,7.478698769846554e-49
31.932990926165616,1.3549308951497984e-48
31.942990926165614,2.4510533186777366e-48
31.95299092616561,4.427238107734398e-48
31.962990926165617,7.984679887460617e-48
31.972990926165615,1.4378932580495963e-47
31.982990926165613,2.5854747066380503e-47
31.99299092616561,4.641928511898524e-47
32.002990926165616,8.321490283084549e-47
32.012990926165614,1.4895266616546128e-46
32.02299092616561,2.662195594008739e-46
32.03299092616561,4.750902827612787e-46
32.042990926165615,8.46558243912317e-46
32.05299092616561,1.5061979326135706e-45
32.06299092616561,2.675788354496607e-45
32.07299092616561,4.746417970852304e-45
32.082990926165614,8.406683715797555e-45
32.09299092616561,1.4867157598746817e-44
32.10299092616561,2.62528036451982e-44
32.11299092616561,4.628794963077019e-44
32.12299092616561,8.149007272248743e-44
32.13299092616561,1.4324714509988057e-43
32.14299092616561,2.5142690737062637e-43
32.15299092616561,4.406380938505378e-43
32.16299092616561,7.710753764177926e-43
32.17299092616561,1.3472746475460094e-42
32.18299092616561,2.3504983392716077e-42
32.192990926165606,4.094569698232757e-42
32.20299092616561,7.12198567525955e-42
32.21299092616561,1.2369109430691613e-41
32.22299092616561,2.1449653255946486e-41
32.232990926165606,3.714040442219516e-41
32.24299092616561,6.421219105221726e-41
32.25299092616561,1.1084927530071442e-40
32.26299092616561,1.9107010198361676e-40
32.272990926165605,3.28849450805385e-40
32.28299092616561,5.651269448616588e-40
32.29299092616561,9.697045126368956e-40
32.302990926165606,1.6614119386635066e-39
32.312990926165604,2.842233444225204e-39
32.32299092616561,4.85497135893107e-39
32.33299092616561,8.280529471776548e-39
32.342990926165605,1.4101783750178597e-38
32.3529909261656,2.3979189624888335e-38
32.36299092616561,4.071359590837371e-38
32.372990926165606,6.90222209965524e-38
32.382990926165604,1.1683767500700447e-37
32.3929909261656,1.9747921435870223e-37
32.40299092616561,3.3327626351663843e-37
32.412990926165605,5.616061883786233e-37
32.4229909261656,9.449392615750804e-37
32.4329909261656,1.5875244092639655e-36
32.442990926165606,2.663062980244916e-36
32.452990926165604,4.460535206215221e-36
32.4629909261656,7.459968847512965e-36
32.4729909261656,1.2457519179864134e-35
32.482990926165606,2.0771632168972705e-35
32.492990926165604,3.458232520406639e-35
32.5029909261656,5.748867059514616e-35
32.5129909261656,9.542339182382173e-35
32.522990926165605,1.5815099965257822e-34
32.5329909261656,2.6171796907590768e-34
32.5429909261656,4.324537325795933e-34
32.5529909261656,7.134939034643689e-34
32.562990926165604,1.1753992019168494e-33
32.5729909261656,1.9334147373948148e-33
32.5829909261656,3.1754784228894024e-33
32.5929909261656,5.207602367523259e-33
32.6029909261656,8.527288837347085e-33
32.6129909261656,1.3942114333981453e-32
32.6229909261656,2.2760972514738456e-32
32.6329909261656,3.7102015032806554e-32
32.6429909261656,6.038772769268955e-32
32.6529909261656,9.813962343053286e-32
32.6629909261656,1.5925188980062298e-31
32.672990926165596,2.5802947005415374e-31
32.6829909261656,4.1744429909501306e-31
32.6929909261656,6.743296667669611e-31
32.7029909261656,1.0876533633187426e-30
32.712990926165595,1.7516738873957902e-30
32.7229909261656,2.8168291922228136e-30
32.7329909261656,4.522850973957953e-30
32.7429909261656,7.25117775747709e-30
32.752990926165594,1.1607784411284425e-29
32.7629909261656,1.8553874876663026e-29
32.7729909261656,2.961177370165407e-29
32.782990926165596,4.718877770728124e-29
32.792990926165594,7.508575345771227e-29
32.8029909261656,1.1929462221068885e-28
32.8129909261656,1.8924686657524032e-28
32.822990926165595,2.997650779780083e-28
32.83299092616559,4.741086564024549e-28
32.8429909261656,7.487196666915448e-28
32.852990926165596,1.1806063241232299e-27
32.862990926165594,1.8588120442871098e-27
32.87299092616559,2.9222028413592913e-27
32.8829909261656,4.587010642941591e-27
32.892990926165595,7.189416518234596e-27
32.90299092616559,1.1251283058805219e-26
32.91299092616559,1.7581461121629354e-26
32.922990926165596,2.7431678788255786e-26
32.932990926165594,4.2736043933108197e-26
32.94299092616559,6.647843022501852e-26
32.95299092616559,1.0325514541823493e-25
32.962990926165595,1.60135329525178e-25
32.97299092616559,2.4797455593473116e-25
32.98299092616559,3.8341720136893925e-25
32.99299092616559,5.91943931736878e-25
33.002990926165594,9.125024957601095e-25
33.01299092616559,1.4045333551739712e-24
33.02299092616559,2.1586118759159035e-24
33.03299092616559,3.312543384885504e-24
33.042990926165594,5.075666703836056e-24
33.05299092616559,7.765494664557616e-24
33.06299092616559,1.1862867054525571e-23
33.07299092616559,1.8094838417333175e-23
33.08299092616559,2.7559051319355237e-23
33.09299092616559,4.1910064189861504e-23
33.10299092616559,6.363805486861708e-23
33.11299092616559,9.648503877565184e-23
33.12299092616559,1.4606547083128863e-22
33.13299092616559,2.207901316609674e-22
33.14299092616559,3.332393373559999e-22
33.152990926165586,5.022007699485618e-22
33.16299092616559,7.556888154100171e-22
33.17299092616559,1.1354110669073053e-21
33.18299092616559,1.7033651587194236e-21
33.192990926165585,2.5515665777035827e-21
33.20299092616559,3.81637074551615e-21
33.21299092616559,5.6995257438523635e-21
33.222990926165586,8.49906967216917e-21
33.232990926165584,1.2654604237318127e-20
33.24299092616559,1.8813528420240868e-20
33.25299092616559,2.7927782166358325e-20
33.262990926165585,4.1394929872971975e-20
33.27299092616558,6.126357867630334e-20
33.28299092616559,9.053199309032251e-20
33.29299092616559,1.3358149794025065e-19
33.302990926165585,1.9680450931051403e-19
33.31299092616558,2.8951314633860084e-19
33.32299092616559,4.252516834162412e-19
33.332990926165586,6.236893125609339e-19
33.342990926165584,9.133454529179013e-19
33.35299092616558,1.335507551711229e-18
33.36299092616559,1.9498541784800684e-18
33.372990926165585,2.8425127876335987e-18
33.38299092616558,4.1375878606860755e-18
33.39299092616558,6.013627720461273e-18
33.402990926165586,8.727108142244845e-18
33.412990926165584,1.2645869164235675e-17
33.42299092616558,1.8296647417186562e-17
33.43299092616558,2.643253782303759e-17
33.442990926165585,3.812858722961359e-17
33.45299092616558,5.491703399193885e-17
33.46299092616558,7.897832910012574e-17
33.47299092616558,1.1341051368960827e-16
33.482990926165584,1.626084844189478e-16
33.49299092616558,2.3279711544358387e-16
33.50299092616558,3.327794469839223e-16
33.51299092616558,4.749850110086035e-16
33.52299092616558,6.76936329736696e-16
33.53299092616558,9.632970895076934e-16
33.54299092616558,1.3687280958604974e-15
33.55299092616558,1.9418631677582563e-15
33.56299092616558,2.7508352117628407e-15
33.57299092616558,3.890944477410359e-15
33.58299092616558,5.495282211267293e-15
33.59299092616558,7.74942493597354e-15
33.60299092616558,1.0911726184471203e-14
33.61299092616558,1.5341292528935852e-14
33.62299092616558,2.153649136106344e-14
33.632990926165576,3.0187869193917056e-14
33.64299092616558,4.22507552003648e-14
33.65299092616558,5.904471094474019e-14
33.66299092616558,8.2389531615206e-14
33.672990926165575,1.147909302103169e-13
33.68299092616558,1.5969364169922686e-13
33.69299092616558,2.2182586443737848e-13
33.702990926165576,3.076672350951868e-13
33.712990926165574,4.2608360445064614e-13
33.72299092616558,5.891866604858372e-13
33.73299092616558,8.134961397927399e-13
33.742990926165575,1.1215085673515406e-12
33.75299092616557,1.5438112554915388e-12
33.76299092616558,2.121926411814157e-12
33.772990926165576,2.912131234172739e-12
33.782990926165574,3.990580486195609e-12
33.79299092616557,5.460164347868065e-12
33.80299092616558,7.45967425857225e-12
33.812990926165575,1.0176033322593545e-11
33.82299092616557,1.38605889927252e-11
33.83299092616557,1.8850781477291463e-11
33.84299092616558,2.5598913960994092e-11
33.852990926165575,3.471028907529686e-11
33.86299092616557,4.699367713288426e-11
33.87299092616557,6.352799300522459e-11
33.882990926165576,8.575024111543842e-11
33.892990926165574,1.1557131979083583e-10
33.90299092616557,1.55528256683949e-10
33.91299092616557,2.0898400291539108e-10
33.922990926165575,2.803892062439917e-10
33.93299092616557,3.756246175373327e-10
33.94299092616557,5.024482192574833e-10
33.95299092616557,6.710781271749044e-10
33.962990926165574,8.949512203459152e-10
33.97299092616557,1.191708819821451e-09
33.98299092616557,1.5844752173301698e-09
33.99299092616557,2.103513270984138e-09
34.00299092616557,2.788364661638176e-09
34.01299092616557,3.6906120217651135e-09
34.02299092616557,4.877437604864281e-09
34.03299092616557,6.436200442543553e-09
34.04299092616557,8.480313502084104e-09
34.05299092616557,1.1156777260238065e-08
34.06299092616557,1.4655820119424313e-08
34.072990926165566,1.9223213859308388e-08
34.08299092616557,2.517597956084168e-08
34.09299092616557,3.2922383185028076e-08
34.10299092616557,4.29873488408698e-08
34.112990926165565,5.604470225587872e-08
34.12299092616557,7.295800990097501e-08
34.13299092616557,9.483221623636455e-08
34.14299092616557,1.2307882160141295e-07
34.152990926165565,1.594980093450207e-07
34.16299092616557,2.063819506589471e-07
34.17299092616557,2.6664452272782143e-07
34.182990926165566,3.4398391054838457e-07
34.192990926165564,4.4308607346646594e-07
34.20299092616557,5.698789020626056e-07
34.21299092616557,7.318491386763314e-07
34.222990926165565,9.384368680572553e-07
34.23299092616556,1.2015257013757936e-06
34.24299092616557,1.5360507933484316e-06
34.252990926165566,1.9607516859722154e-06
34.262990926165564,2.4991028254842944e-06
34.27299092616556,3.180461642418132e-06
34.28299092616557,4.041482541914607e-06
34.292990926165565,5.127855284709165e-06
34.30299092616556,6.496438354236878e-06
34.31299092616556,8.21787235782913e-06
34.322990926165566,1.0379775712991676e-05
34.332990926165564,1.3090645300910478e-05
34.34299092616556,1.6484608979850122e-05
34.35299092616556,2.072720547467162e-05
34.362990926165565,2.6022400922161294e-05
34.37299092616556,3.26210910854352e-05
34.38299092616556,4.0831384900476145e-05
34.39299092616556,5.103101965717077e-05
34.402990926165565,6.36823219610076e-05
34.41299092616556,7.935020303804709e-05
34.42299092616556,9.872376347229637e-05
34.43299092616556,0.00012264218281898167
34.442990926165564,0.00015212568563480885
34.45299092616556,0.00018841250942872094
34.46299092616556,0.000233002954209064
34.47299092616556,0.0002877117702585315
34.48299092616556,0.00035473034332469006
34.49299092616556,0.0004367003676293331
34.50299092616556,0.0005368009602870129
34.51299092616556,0.0006588514694322665
34.52299092616556,0.0008074325663860122
34.53299092616556,0.000988028593555031
34.54299092616556,0.0012071945686817924
34.552990926165556,0.0014727517269249285
34.56299092616556,0.0017940160195870493
34.57299092616556,0.0021820645866960616
34.58299092616556,0.002650045884708688
34.592990926165555,0.003213539884845587
34.60299092616556,0.003890975566370865
34.61299092616556,0.004704113816523842
34.622990926165556,0.005678604818467213
34.632990926165554,0.006844630063528662
34.64299092616556,0.008237640266521245
34.65299092616556,0.009899201694263818
34.662990926165556,0.011877964737763376
34.672990926165554,0.014230769966413061
34.68299092616556,0.017023908395053345
34.69299092616556,0.020334554266596853
34.702990926165555,0.02425239029683908
34.71299092616555,0.028881447033746926
34.72299092616556,0.0343421797380587
34.732990926165556,0.04077380797864052
34.742990926165554,0.04833694493477412
34.75299092616555,0.05721654518365003
34.76299092616556,0.0676252014965339
34.772990926165555,0.0798068228372583
34.78299092616555,0.09404072731387131
34.79299092616555,0.1106461852337938
34.802990926165556,0.12998744860631528
34.812990926165554,0.15247930436772578
34.82299092616555,0.17859318921437561
34.83299092616555,0.20886390415003467
34.842990926165555,0.24389696661649965
34.85299092616555,0.28437663730226376
34.86299092616555,0.33107465733445074
34.87299092616555,0.3848597294670675
34.882990926165554,0.44670777399978107
34.89299092616555,0.5177129864032531
34.90299092616555,0.599099718903418
34.91299092616555,0.6922352024947493
34.922990926165554,0.7986431189314138
34.93299092616555,0.9200180240978473
34.94299092616555,1.0582406147189451
34.95299092616555,1.2153938195618235
34.96299092616555,1.3937796840632708
34.97299092616555,1.5959370036407563
34.98299092616555,1.8246596458007553
34.99299092616555,2.0830154845331808
35.00299092616555,2.3743658524159312
35.01299092616555,2.702385396382276
35.02299092616555,3.0710822023253597
35.032990926165546,3.4848180317200383
35.04299092616555,3.948328490409879
35.05299092616555,4.4667429257943
35.06299092616555,5.0456038241139005
35.072990926165545,5.6908854546034675
35.08299092616555,6.409011482316552
35.09299092616555,7.206871246728531
35.102990926165546,8.091834379236836
35.112990926165544,9.071763409776509
35.12299092616555,10.155023991495352
35.13299092616555,11.350492353220593
35.142990926165545,12.667559572902608
35.15299092616554,14.11613225181589
35.16299092616555,15.706629159711548
35.17299092616555,17.449973415824243
35.182990926165544,19.357579770329146
35.19299092616554,21.44133655596897
35.20299092616555,23.71358189082916
35.212990926165546,26.18707373098916
35.222990926165544,28.874953396640933
35.23299092616554,31.79070222747316
35.24299092616555,34.94809106322187
35.252990926165545,38.36112229330692
35.26299092616554,42.04396427577023
35.27299092616554,46.01087799008878
35.282990926165546,50.27613586105772
35.292990926165544,54.85393277128266
35.30299092616554,59.75828936780278
35.31299092616554,65.00294786311284
35.322990926165545,70.60126063208136
35.33299092616554,76.56607201268919
35.34299092616554,82.90959382952019
35.35299092616554,89.6432752728955
35.362990926165544,96.77766788265642
35.37299092616554,104.32228650183788
35.38299092616554,112.2854671807474
35.39299092616554,120.67422312397116
35.40299092616554,129.49409988044295
35.41299092616554,138.74903107733982
35.42299092616554,148.4411960909392
35.43299092616554,158.57088112902414
35.44299092616554,169.1363452688836
35.45299092616554,180.13369304968668
35.46299092616554,191.5567552570329
35.47299092616554,203.39697955827725
35.48299092616554,215.64333264932927
35.49299092616554,228.28221555470003
35.50299092616554,241.29739368251418
35.512990926165536,254.6699431732243
35.52299092616554,268.37821499554553
35.53299092616554,282.3978181343204
35.54299092616554,296.70162308388694
35.552990926165535,311.2597867064743
35.56299092616554,326.0397993404303
35.57299092616554,341.0065548476639
35.582990926165536,356.12244407644283
35.592990926165534,371.3474719854356
35.60299092616554,386.63939843145124
35.61299092616554,401.953902368013
35.622990926165535,417.24476893900277
35.63299092616553,432.4640986831247
35.64299092616554,447.5625377958459
35.652990926165536,462.48952812796307
35.662990926165534,477.19357533910215
35.67299092616553,491.62253337281436
35.68299092616554,505.72390318277127
35.692990926165535,519.4451434191624
35.70299092616553,532.733990585633
35.71299092616553,545.5387860021199
35.72299092616554,557.8088067622431
35.732990926165535,569.4945977569313
35.74299092616553,580.5483017522424
35.75299092616553,590.9239844597731
35.762990926165536,600.5779515253065
35.772990926165534,609.469054385206
35.78299092616553,617.5589820019458
35.79299092616553,624.8125355890193
35.802990926165535,631.1978835715383
35.81299092616553,636.6867941999141
35.82299092616553,641.2548434389978
35.83299092616553,644.8815959909687
35.842990926165534,647.5507575748281
35.85299092616553,649.2502968746791
35.86299092616553,649.9725358797399
35.87299092616553,649.7142076668615
35.88299092616553,648.4764810170857
35.89299092616553,646.2649516066839
35.90299092616553,643.0895998655701
35.91299092616553,638.9647159471992
35.92299092616553,633.9087925992181
35.93299092616553,627.9443870586866
35.94299092616553,621.0979534149673
35.952990926165526,613.3996471834954
35.96299092616553,604.8831041102002
35.97299092616553,595.5851954763388
35.98299092616553,585.5457623932991
35.992990926165525,574.8073317645616
36.00299092616553,563.4148167445732
36.01299092616553,551.4152046410795
36.02299092616553,538.8572352866819
36.032990926165525,525.7910729475395
36.04299092616553,512.2679748412843
36.05299092616553,498.3399593041641
36.062990926165526,484.0594765794283
36.072990926165524,469.47908509781547
36.08299092616553,454.65113598764174
36.09299092616553,439.62746839031496
36.102990926165525,424.45911796891295
36.11299092616552,409.1960407872686
36.12299092616553,393.88685450687143
36.132990926165526,378.5785986039521
36.142990926165524,363.31651505187045
36.15299092616552,348.1438506495081
36.16299092616553,333.10168190710465
36.172990926165525,318.2287631320769
36.18299092616552,303.5613980911237
36.19299092616552,289.1333353660094
36.202990926165526,274.9756872705649
36.212990926165524,261.11687195994386
36.22299092616552,247.58257814134842
36.23299092616552,234.395751591717
36.242990926165525,221.57660250275538
36.25299092616552,209.14263251001245
36.26299092616552,197.10868012039742
36.27299092616552,185.486983133448
36.282990926165525,174.28725655490578
36.29299092616552,163.51678442795142
36.30299092616552,153.1805239564241
36.31299092616552,143.28122026582903
36.322990926165524,133.81953013990963
36.33299092616552,124.79415308291203
36.34299092616552,116.20196808808898
36.35299092616552,108.03817454074829
36.36299092616552,100.29643574659389
36.37299092616552,92.9690236523154
36.38299092616552,86.04696341268227
36.39299092616552,79.5201765555603
36.40299092616552,73.37762160059123
36.41299092616552,67.607431097591
36.42299092616552,62.197044164557525
36.432990926165516,57.13333372132136
36.44299092616552,52.40272773106333
36.45299092616552,47.99132387719941
36.46299092616552,43.88499721560564
36.472990926165515,40.06950045100836
36.48299092616552,36.53055659003487
36.49299092616552,33.25394382142467
36.502990926165516,30.22557256509558
36.512990926165514,27.431554715862397
36.52299092616552,24.85826518382001
36.53299092616552,22.492395901761483
36.542990926165515,20.321002530067602
36.55299092616551,18.33154414149359
36.56299092616552,16.51191621202965
36.57299092616552,14.850477279969352
36.582990926165515,13.336069663577817
36.59299092616551,11.958034648857625
36.60299092616552,10.706222573127842
36.612990926165516,9.570998238127498
36.622990926165514,8.543242088523792
36.63299092616551,7.614347588731643
36.64299092616552,6.776215223289075
36.652990926165515,6.021243534387433
36.66299092616551,5.342317595008528
36.67299092616551,4.732795298122451
36.682990926165516,4.1864918220130924
36.692990926165514,3.69766260962319
36.70299092616551,3.260985176269952
36.71299092616551,2.8715400356827985
36.722990926165515,2.52479100941437
36.73299092616551,2.216565159699234
36.74299092616551,1.9430325610697408
36.75299092616551,1.7006861018079382
36.762990926165514,1.4863214828280074
36.77299092616551,1.2970175590840438
36.78299092616551,1.1301171472237792
36.79299092616551,0.9832084031120508
36.80299092616551,0.8541068541033964
36.81299092616551,0.7408381536362646
36.82299092616551,0.6416216098724622
36.83299092616551,0.5548545257389867
36.84299092616551,0.47909737482155224
36.85299092616551,0.4130598260920023
36.86299092616551,0.3555876203694861
36.87299092616551,0.30565029266612076
36.88299092616551,0.2623297270740569
36.89299092616551,0.22480952454150616
36.90299092616551,0.19236515867069348
36.912990926165506,0.1643548904677974
36.92299092616551,0.14021140968996085
36.93299092616551,0.11943416798185377
36.94299092616551,0.10158236728243956
36.952990926165505,0.08626856592806839
36.96299092616551,0.07315286439575208
36.97299092616551,0.06193763264422609
36.982990926165506,0.05236274144465072
36.992990926165504,0.044201260880329364
37.00299092616551,0.03725559027114208
37.01299092616551,0.031353985087140955
37.022990926165505,0.02634744790398409
37.0329909261655,0.022106952074878103
37.04299092616551,0.018520968507696405
37.052990926165506,0.015493267706680079
37.062990926165504,0.01294097103410593
37.0729909261655,0.01079282694250533
37.08299092616551,0.008987689699916862
37.092990926165506,0.007473179861357103
37.1029909261655,0.006204507414238089
37.1129909261655,0.005143440132543825
37.12299092616551,0.004257401205351803
37.132990926165505,0.003518681653748099
37.1429909261655,0.002903754412207804
37.1529909261655,0.0023926782240595427
37.162990926165506,0.001968580685080472
37.172990926165504,0.0016172108654222022
37.1829909261655,0.0013265529497255867
37.1929909261655,0.001086493261196013
37.202990926165505,0.0008885338809123765
37.2129909261655,0.0007255468426498663
37.2229909261655,0.0005915635802100487
37.2329909261655,0.00048159493315385124
37.242990926165504,0.000391477582482091
37.2529909261655,0.00031774329483117266
37.2629909261655,0.0002575078066968362
37.2729909261655,0.00020837658353446825
37.2829909261655,0.00016836504660612813
37.2929909261655,0.00013583117727704823
37.3029909261655,0.00010941868800323511
37.3129909261655,8.800919517087465e-05
37.3229909261655,7.068204466957725e-05
37.3329909261655,5.6680629787339324e-05
37.3429909261655,4.5384205633549364e-05
37.352990926165496,3.628434751734925e-05
37.3629909261655,2.896532498236424e-05
37.3729909261655,2.308777075279887e-05
37.3829909261655,1.8375116690311777e-05
37.392990926165496,1.4602348806350518e-05
37.4029909261655,1.1586702041100218e-05
37.4129909261655,9.179974355103971e-06
37.4229909261655,7.2621899681920534e-06
37.432990926165495,5.736384461628302e-06
37.4429909261655,4.524320937790955e-06
37.4529909261655,3.5629773910862058e-06
37.462990926165496,2.801671658287792e-06
37.472990926165494,2.1997124627080217e-06
37.4829909261655,1.7244837334561604e-06
37.4929909261655,1.349885079998058e-06
37.502990926165495,1.0550644757807775e-06
37.51299092616549,8.233902347954698e-07
37.5229909261655,6.416185801766553e-07
37.532990926165496,4.992207862697364e-07
37.542990926165494,3.8784026624456533e-07
37.55299092616549,3.008552821620856e-07
37.5629909261655,2.3302734856803597e-07
37.572990926165495,1.8021903289052313e-07
37.58299092616549,1.3916785200905458e-07
37.59299092616549,1.0730543062878991e-07
37.602990926165496,8.26131130412344e-08
37.612990926165494,6.350688069264087e-08
37.62299092616549,4.874578673763496e-08
37.63299092616549,3.735922812632828e-08
37.642990926165496,2.8589279705944626e-08
37.652990926165494,2.1845049884491342e-08
37.66299092616549,1.6666613959303596e-08
37.67299092616549,1.2696564399479076e-08
37.682990926165495,9.657607960757382e-09
37.69299092616549,7.33495463057378e-09
37.70299092616549,5.562497135432848e-09
37.71299092616549,4.211983653241646e-09
37.722990926165494,3.1845499259406732e-09
37.73299092616549,2.4041078976566445e-09
37.74299092616549,1.8121926164059522e-09
37.75299092616549,1.3639525631879386e-09
37.76299092616549,1.0250349753031434e-09
37.77299092616549,7.691704841811516e-10
37.78299092616549,5.763032183905812e-10
37.79299092616549,4.311456291131753e-10
37.80299092616549,3.2206344834776503e-10
37.81299092616549,2.402168113727588e-10
37.82299092616549,1.7889980424643945e-10
37.832990926165486,1.3303344607257082e-10
37.84299092616549,9.877711218280692e-11
37.85299092616549,7.323122809700145e-11
37.86299092616549,5.421017607665759e-11
37.872990926165485,4.006912204072342e-11
37.88299092616549,2.9572180183075535e-11
37.89299092616549,2.1792214699259288e-11
37.90299092616549,1.6034813111208686e-11
37.912990926165484,1.1780695867276489e-11
37.92299092616549,8.64216381719381e-12
37.93299092616549,6.330216340642458e-12
37.942990926165486,4.6297668313638056e-12
37.952990926165484,3.380992396185812e-12
37.96299092616549,2.4653227143514437e-12
37.97299092616549,1.794931455383516e-12
37.982990926165485,1.3048676611413257e-12
37.99299092616548,9.4717358071473e-13
38.00299092616549,6.864947052266998e-13
38.012990926165486,4.968088416512259e-13
38.022990926165484,3.5899297402684904e-13
38.03299092616548,2.5901629674041874e-13
38.04299092616549,1.8660047241999717e-13
38.052990926165485,1.3422793109614917e-13
38.06299092616548,9.640899639445015e-14
38.07299092616548,6.914117182539882e-14
38.082990926165486,4.951085406121326e-14
38.092990926165484,3.540043579108e-14
38.10299092616548,2.5273262432953388e-14
38.11299092616548,1.8016005839401404e-14
38.122990926165485,1.2823312591261318e-14
38.13299092616548,9.113526327631669e-15
38.14299092616548,6.46721328858233e-15
38.15299092616548,4.582393963058033e-15
38.162990926165484,3.241993743025946e-15
38.17299092616548,2.290215917487511e-15
38.18299092616548,1.6154190256226174e-15
38.19299092616548,1.1377280525075685e-15
38.202990926165484,8.000852198371387e-16
38.21299092616548,5.617958634492205e-16
38.22299092616548,3.9388127480845517e-16
38.23299092616548,2.7573801246080804e-16
38.24299092616548,1.927402664709761e-16
38.25299092616548,1.3452183336374844e-16
38.26299092616548,9.374704955460181e-17
38.27299092616548,6.523293925428212e-17
38.28299092616548,4.53232239382469e-17
38.29299092616548,3.144265062785768e-17
38.30299092616548,2.17802075460419e-17
38.312990926165476,1.5064314915341144e-17
38.32299092616548,1.0403542991723175e-17
38.33299092616548,7.17393859010557e-18
38.34299092616548,4.9394495214644035e-18
38.352990926165475,3.3958144856614827e-18
38.36299092616548,2.331062242345217e-18
38.37299092616548,1.5977480326347643e-18
38.382990926165476,1.0934708783855057e-18
38.392990926165474,7.472237365073108e-19
38.40299092616548,5.098455178470747e-19
38.41299092616548,3.4735300492397434e-19
38.422990926165475,2.362914585794214e-19
38.43299092616547,1.604979516910782e-19
38.44299092616548,1.0885176454362335e-19
38.45299092616548,7.371331816744857e-20
38.462990926165475,4.984263077815718e-20
38.47299092616547,3.3651192671527756e-20
38.48299092616548,2.2685297211680127e-20
38.492990926165476,1.526978753136259e-20
38.502990926165474,1.0262803723323899e-20
38.51299092616547,6.887213724084945e-21
38.52299092616548,4.61493518205069e-21
38.532990926165475,3.0876791081892295e-21
38.54299092616547,2.0627339719264086e-21
38.55299092616547,1.3759377668574488e-21
38.562990926165476,9.16429097064335e-22
38.572990926165474,6.094575429728441e-22
38.58299092616547,4.0469939151907205e-22
38.59299092616547,2.683280994640658e-22
38.602990926165475,1.7764143225082888e-22
38.61299092616547,1.1742670798405363e-22
38.62299092616547,7.750576616204585e-23
38.63299092616547,5.107938385407836e-23
38.642990926165474,3.361257578431672e-23
38.65299092616547,2.2085256478820013e-23
38.66299092616547,1.4489306791640963e-23
38.67299092616547,9.49155300482733e-24
38.68299092616547,6.208282273303128e-24
38.69299092616547,4.054619835165066e-24
38.70299092616547,2.644072350012781e-24
38.71299092616547,1.7216348168987587e-24
38.72299092616547,1.1193173804102435e-24
38.73299092616547,7.266243813029819e-25
38.74299092616547,4.709894651999194e-25
38.75299092616547,3.048294542131318e-25
38.76299092616547,1.9699135706248517e-25
38.77299092616547,1.2711064539840235e-25
38.78299092616547,8.189571593715e-26
38.792990926165466,5.268475347266517e-26
38.80299092616547,3.384178240830477e-26
38.81299092616547,2.170531103361401e-26
38.82299092616547,1.3900272258354558e-26
38.832990926165465,8.88843105360474e-27
38.84299092616547,5.675072545805338e-27
38.85299092616547,3.617947290979501e-27
38.862990926165466,2.3030192153576068e-27
38.872990926165464,1.4637853486493364e-27
38.88299092616547,9.289701054969167e-28
38.89299092616547,5.886682184675979e-28
38.902990926165465,3.7246369599542636e-28
38.91299092616546,2.3531077591316797e-28
38.92299092616547,1.484376914753686e-28
38.932990926165466,9.349557898985937e-29
38.942990926165464,5.880069611973781e-29
38.95299092616546,3.692481838960437e-29
38.96299092616547,2.315254711321927e-29
38.972990926165465,1.4495182696115252e-29
38.98299092616546,9.061354446229889e-30
38.99299092616546,5.655969412603553e-30
39.00299092616547,3.525051723435504e-30
39.012990926165465,2.193655593054147e-30
39.02299092616546,1.3630629146655024e-30
39.03299092616546,8.456835217782245e-31
39.042990926165466,5.238951079725101e-31
39.052990926165464,3.2405992419588815e-31
39.06299092616546,2.0014779840417846e-31
39.07299092616546,1.234300249464669e-31
39.082990926165465,7.600380315628367e-32
39.09299092616546,4.6729844998342284e-32
39.10299092616546,2.8687840969743586e-32
39.11299092616546,1.758514271379925e-32
39.122990926165464,1.0763126335650414e-32
39.13299092616546,6.57772158224494e-33
39.14299092616546,4.013812159190362e-33
39.15299092616546,2.4455869584760767e-33
39.16299092616546,1.4878312749355002e-33
39.17299092616546,9.037925676467548e-34
39.18299092616546,5.481865249369386e-34
39.19299092616546,3.3199569667160042e-34
39.20299092616546,2.007617909252537e-34
39.21299092616546,1.2121997113843088e-34
39.22299092616546,7.308223148497942e-35
39.232990926165456,4.3994048692742933e-35
39.24299092616546,2.6443599501133596e-35
39.25299092616546,1.5870540549821096e-35
39.26299092616546,9.510588153430713e-36
39.272990926165456,5.69072422454877e-36
39.28299092616546,3.39994751453375e-36
39.29299092616546,2.028249576329231e-36
