507.9428719663342,0.0007825162778423489
508.04287196633425,0.0008232519791924897
508.14287196633427,0.0008659218037264362
508.2428719663343,0.0009106071493319021
508.3428719663343,0.000957392288220894
508.44287196633434,0.0010063644408204145
508.54287196633436,0.0010576138502131223
508.6428719663344,0.0011112338570576385
508.7428719663344,0.001167320974913771
508.8428719663344,0.0012259749658935682
508.94287196633445,0.001287298916554507
509.0428719663345,0.0013513993139466075
509.1428719663345,0.001418386121720495
509.2428719663345,0.0014883728561987356
509.34287196633454,0.0015614766623079442
509.44287196633456,0.0016378183892642685
509.5428719663346,0.0017175226658999337
509.6428719663346,0.0018007179755135652
509.74287196633463,0.0018875367301219676
509.84287196633466,0.0019781153439860574
509.9428719663347,0.0020725943062784953
510.0428719663347,0.002171118252755581
510.1428719663347,0.0022738360362908245
510.24287196633475,0.002380900796122604
510.34287196633477,0.002492470025663201
510.4428719663348,0.002608705638711561
510.5428719663348,0.0027297740339070724
510.64287196633484,0.002855846157256776
510.74287196633486,0.0029870975625635714
510.8428719663349,0.003123708469578092
510.9428719663349,0.003265863819692386
511.0428719663349,0.003413753328988839
511.14287196633495,0.0035675715384532606
511.242871966335,0.0037275178611568954
511.342871966335,0.0038937966262076722
511.442871966335,0.0040666171192672304
511.54287196633504,0.00424619361942614
511.64287196633506,0.004432745432226325
511.7428719663351,0.004626496918616012
511.8428719663351,0.004827677519619467
511.94287196633513,0.005036521776500675
512.0428719663352,0.0052532693461974055
512.1428719663352,0.005478165011799723
512.2428719663352,0.005711458687844701
512.3428719663352,0.005953405420197312
512.4428719663352,0.006204265380285915
512.5428719663353,0.006464303853459572
512.6428719663353,0.0067337912212334945
512.7428719663353,0.007013002937188633
512.8428719663353,0.007302219496291125
512.9428719663354,0.007601726397397868
513.0428719663354,0.007911814098715051
513.1428719663354,0.008232777965977836
513.2428719663354,0.008564918213120911
513.3428719663355,0.008908539835211874
513.4428719663355,0.009263952533421925
513.5428719663355,0.009631470631811537
513.6428719663355,0.010011412985712368
513.7428719663355,0.010404102881490879
513.8428719663356,0.010809867927483749
513.9428719663356,0.011229039935900603
514.0428719663356,0.011661954795495182
514.1428719663356,0.012108952334812698
514.2428719663357,0.012570376175827949
514.3428719663357,0.013046573577796506
514.4428719663357,0.0135378952711493
514.5428719663357,0.014044695281270024
514.6428719663357,0.014567330742003773
514.7428719663358,0.015106161698755867
514.8428719663358,0.01566155090105018
514.9428719663358,0.016233863584427494
515.0428719663358,0.01682346724157686
515.1428719663359,0.017430731382604762
515.2428719663359,0.018056027284360766
515.3428719663359,0.018699727728751645
515.4428719663359,0.019362206729990773
515.542871966336,0.020043839250744305
515.642871966336,0.02074500090715167
515.742871966336,0.021466067662713733
515.842871966336,0.02220741551105933
515.942871966336,0.02296942014761774
516.0428719663361,0.023752456630243272
516.1428719663361,0.024556899028855942
516.2428719663361,0.02538312006418189
516.3428719663361,0.026231490735696472
516.4428719663362,0.027102379938892942
516.5428719663362,0.02799615407202021
516.6428719663362,0.028913176632454286
516.7428719663362,0.02985380780288905
516.8428719663362,0.030818404027553984
516.9428719663363,0.031807317578688446
517.0428719663363,0.03282089611352461
517.1428719663363,0.03385948222205375
517.2428719663363,0.03492341296587369
517.3428719663364,0.03601301940843815
517.4428719663364,0.037128626137052374
517.5428719663364,0.038270550776982756
517.6428719663364,0.03943910349807154
517.7428719663365,0.04063458651427183
517.8428719663365,0.041857293576541346
517.9428719663365,0.04310750945955698
518.0428719663365,0.04438550944273608
518.1428719663365,0.04569155878607321
518.2428719663366,0.047025912201324974
518.3428719663366,0.0483888133190977
518.4428719663366,0.049780494152416324
518.5428719663366,0.05120117455737392
518.6428719663367,0.05265106169148488
518.7428719663367,0.054130349470384566
518.8428719663367,0.055639218023540105
518.9428719663367,0.0571778331496576
519.0428719663367,0.058746345772489994
519.1428719663368,0.060344891397769634
519.2428719663368,0.06197358957200778
519.3428719663368,0.0636325433439206
519.4428719663368,0.06532183872925822
519.5428719663369,0.06704154417982947
519.6428719663369,0.0687917100575291
519.7428719663369,0.07057236811418899
519.8428719663369,0.07238353097808697
519.942871966337,0.07422519164795927
520.042871966337,0.07609732299537231
520.142871966337,0.07799987727631957
520.242871966337,0.07993278565291718
520.342871966337,0.08189595772607787
520.4428719663371,0.08388928108004964
520.5428719663371,0.08591262083970806
520.6428719663371,0.0879658192414944
520.7428719663371,0.09004869521889251
520.8428719663372,0.09216104400333726
520.9428719663372,0.09430263674144432
521.0428719663372,0.09647322012944831
521.1428719663372,0.09867251606573049
521.2428719663372,0.10090022132231052
521.3428719663373,0.10315600723616739
521.4428719663373,0.10543951942124519
521.5428719663373,0.107750377501987
521.6428719663373,0.11008817486922522
521.7428719663374,0.11245247845924318
521.8428719663374,0.11484282855680313
521.9428719663374,0.11725873862291873
522.0428719663374,0.11969969514812745
522.1428719663375,0.12216515753199672
522.2428719663375,0.1246545579895728
522.3428719663375,0.12716730148545566
522.4428719663375,0.12970276569615394
522.5428719663375,0.13226030100134636
522.6428719663376,0.13483923050464286
522.7428719663376,0.13743885008440695
522.8428719663376,0.14005842847516511
522.9428719663376,0.14269720738009434
523.0428719663377,0.14535440161503915
523.1428719663377,0.14802919928447206
523.2428719663377,0.1507207619897695
523.3428719663377,0.15342822507013323
523.4428719663377,0.15615069787644423
523.5428719663378,0.15888726407829057
523.6428719663378,0.16163698200436544
523.7428719663378,0.164398885016383
523.8428719663378,0.16717198191661345
523.9428719663379,0.16995525738908718
524.0428719663379,0.17274767247446854
524.1428719663379,0.17554816507854956
524.2428719663379,0.17835565051425983
524.342871966338,0.1811690220770385
524.442871966338,0.18398715165335883
524.542871966338,0.1868088903621446
524.642871966338,0.1896330692287607
524.742871966338,0.1924584998912086
524.8428719663381,0.1952839753381005
524.9428719663381,0.19810827067793263
525.0428719663381,0.20093014393912303
525.1428719663381,0.20374833690022426
525.2428719663382,0.20656157594966737
525.3428719663382,0.20936857297434006
525.4428719663382,0.21216802627624637
525.5428719663382,0.21495862151644493
525.6428719663382,0.21773903268540798
525.7428719663383,0.22050792309889303
525.8428719663383,0.22326394641836783
525.9428719663383,0.22600574769498039
526.0428719663383,0.22873196443601504
526.1428719663384,0.23144122769273134
526.2428719663384,0.23413216316843324
526.3428719663384,0.23680339234557318
526.4428719663384,0.23945353363065294
526.5428719663385,0.2420812035156391
526.6428719663385,0.24468501775457496
526.7428719663385,0.24726359255402894
526.8428719663385,0.2498155457759865
526.9428719663385,0.2523394981517566
527.0428719663386,0.2548340745054333
527.1428719663386,0.2572979049854221
527.2428719663386,0.25972962630251456
527.3428719663386,0.2621278829729681
527.4428719663387,0.26449132856502644
527.5428719663387,0.26681862694729624
527.6428719663387,0.26910845353737567
527.7428719663387,0.27135949654911923
527.8428719663387,0.2735704582369063
527.9428719663388,0.2757400561352766
528.0428719663388,0.2778670242922832
528.1428719663388,0.27995011449491475
528.2428719663388,0.2819880974849328
528.3428719663389,0.28397976416347653
528.4428719663389,0.285923926782786
528.5428719663389,0.2878194201234077
528.6428719663389,0.2896651026552531
528.742871966339,0.29145985768089433
528.842871966339,0.2932025944594993
528.942871966339,0.2948922493098237
529.042871966339,0.2965277866907029
529.142871966339,0.2981082002575086
529.2428719663391,0.2996325138930635
529.3428719663391,0.30109978271153665
529.4428719663391,0.30250909403387655
529.5428719663391,0.30385956833337213
529.6428719663392,0.3051503601499718
529.7428719663392,0.3063806589720304
529.8428719663392,0.30754969008419725
529.9428719663392,0.3086567153802045
530.0428719663392,0.3097010341393612
530.1428719663393,0.3106819837656112
530.2428719663393,0.31159894048806286
530.3428719663393,0.31245132002195425
530.4428719663393,0.3132385781890736
530.5428719663394,0.31396021149671244
530.6428719663394,0.3146157576742897
530.7428719663394,0.31520479616684544
530.8428719663394,0.31572694858466804
530.9428719663395,0.3161818791083799
531.0428719663395,0.31656929484887675
531.1428719663395,0.31688894616157887
531.2428719663395,0.31714062691452316
531.3428719663395,0.3173241747098923
531.4428719663396,0.3174394710586487
531.5428719663396,0.3174864415080091
531.6428719663396,0.3174131155761111
531.7428719663396,0.31711713562053795
531.8428719663397,0.3165963783485858
531.9428719663397,0.3158519521104936
532.0428719663397,0.3148854391876433
532.1428719663397,0.3136988901886545
532.2428719663397,0.3122948168000054
532.3428719663398,0.31067618292704835
532.4428719663398,0.30884639426915644
532.5428719663398,0.3068092863803195
532.6428719663398,0.3045691112737716
532.7428719663399,0.3021305226361213
532.8428719663399,0.29949855972293904
532.9428719663399,0.2966786300137837
533.0428719663399,0.29367649071019725
533.14287196634,0.2904982291652237
533.24287196634,0.2871502423374926
533.34287196634,0.28363921536682296
533.44287196634,0.2799720993716313
533.54287196634,0.276156088571154
533.6428719663401,0.2721985968376056
533.7428719663401,0.26810723378489065
533.8428719663401,0.2638897805013553
533.9428719663401,0.2595541650343241
534.0428719663402,0.255108437733808
534.1428719663402,0.2505607465618126
534.2428719663402,0.24591931247213758
534.3428719663402,0.24119240496344765
534.4428719663402,0.23638831790574982
534.5428719663403,0.23151534573724367
534.6428719663403,0.22658176012486006
534.7428719663403,0.22159578717769574
534.8428719663403,0.21656558529802497
534.9428719663404,0.21149922374965927
535.0428719663404,0.20640466201817237
535.1428719663404,0.2012897300319534
535.2428719663404,0.19616210930723116
535.3428719663405,0.19102931507417836
535.4428719663405,0.18589867943499416
535.5428719663405,0.18077733559851913
535.6428719663405,0.17567220322950816
535.7428719663405,0.1705899749442084
535.8428719663406,0.16553710397741267
535.9428719663406,0.16051979303971245
536.0428719663406,0.15554398437731343
536.1428719663406,0.1506153510405239
536.2428719663407,0.14573928936092706
536.3428719663407,0.14092091263133424
536.4428719663407,0.13616504597691748
536.5428719663407,0.13147622240046583
536.6428719663407,0.12685867997952938
536.7428719663408,0.12231636018832895
536.8428719663408,0.1178529073127383
536.9428719663408,0.11347166892241224
537.0428719663408,0.10917569736024531
537.1428719663409,0.10496775220582209
537.2428719663409,0.100850303666364
537.3428719663409,0.09682553684589897
537.4428719663409,0.09289535684098131
537.542871966341,0.08906139460927005
537.642871966341,0.08532501355563268
537.742871966341,0.08168731677917475
537.842871966341,0.07814915492369348
537.942871966341,0.07471113457350977
538.0428719663411,0.07137362713643425
538.1428719663411,0.06813677815575626
538.2428719663411,0.06500051699359517
538.3428719663411,0.061964566828704
538.4428719663412,0.059028454912849214
538.5428719663412,0.056191523031186005
538.6428719663412,0.053452938113589005
538.7428719663412,0.050811702945659606
538.8428719663412,0.04826666693009376
538.9428719663413,0.045816536851236225
539.0428719663413,0.043459887597945446
539.1428719663413,0.041195172802327144
539.2428719663413,0.03902073535444152
539.3428719663414,0.03693481775572698
539.4428719663414,0.034935572276592344
539.5428719663414,0.03302107088638827
539.6428719663414,0.031189314926757004
539.7428719663415,0.02943824450216059
539.8428719663415,0.02776574756418001
539.9428719663415,0.02616966866894843
540.0428719663415,0.02464781738981062
540.1428719663415,0.02319797636997715
540.2428719663416,0.021817909002548992
540.3428719663416,0.02050536672781593
540.4428719663416,0.019258095940168352
540.5428719663416,0.018073844499297036
540.6428719663417,0.01695036784258127
540.7428719663417,0.015885434697674745
540.8428719663417,0.014876832396284359
540.9428719663417,0.013922371791995979
541.0428719663417,0.0130198917867286
541.1428719663418,0.012167263471991728
541.2428719663418,0.011362393892580057
541.3428719663418,0.010603229441661867
541.4428719663418,0.00988775889740664
541.5428719663419,0.00921401611235144
541.6428719663419,0.008580082367629568
541.7428719663419,0.007984088404980019
541.8428719663419,0.007424216150127379
541.942871966342,0.00689870014167213
542.042871966342,0.006405828680066744
542.142871966342,0.005943944711578068
542.242871966342,0.005511446462357182
542.342871966342,0.00510678783786035
542.4428719663421,0.0047284786028946755
542.5428719663421,0.004375084357506638
542.6428719663421,0.004045226323796787
542.7428719663421,0.0037375809585365035
542.8428719663422,0.0034508794061894185
542.9428719663422,0.003183906806607388
543.0428719663422,0.0029355014712852383
543.1428719663422,0.002704553941626564
543.2428719663422,0.002490005942200309
543.3428719663423,0.0022908492414613338
543.4428719663423,0.0021061244318728092
543.5428719663423,0.0019349196408102343
543.6428719663423,0.0017763691830507
543.7428719663424,0.0016296521650624428
543.8428719663424,0.0014939910507125286
543.9428719663424,0.001368650197409827
544.0428719663424,0.0012529343710996111
544.1428719663425,0.0011461872479292476
544.2428719663425,0.00104778990981465
544.3428719663425,0.0009571593405575098
544.4428719663425,0.0008737469285965335
544.5428719663425,0.0007970369819243263
544.6428719663426,0.0007265452601672634
544.7428719663426,0.0006618175283104249
544.8428719663426,0.0006024281360550219
544.9428719663426,0.0005479786263227763
545.0428719663427,0.0004980963759715853
545.1428719663427,0.0004524332713600774
545.2428719663427,0.00041066442099595645
545.3428719663427,0.0003724869071245756
545.4428719663428,0.00033761857776010287
545.5428719663428,0.00030579688033190335
545.6428719663428,0.0002767777378130535
545.7428719663428,0.00025033446791596667
545.8428719663428,0.00022625674568134042
545.9428719663429,0.00020434960955052008
546.0428719663429,0.00018443251079714354
546.1428719663429,0.00016633840600083268
546.2428719663429,0.00014991289207289546
546.342871966343,0.00013501338319054363
546.442871966343,0.00012150832886111433
546.542871966343,0.0001092764722202038
546.642871966343,9.820614756647513e-05
546.742871966343,8.8194616050189e-05
546.8428719663431,7.914743836119196e-05
546.9428719663431,7.097788320418829e-05
547.0428719663431,6.360637030359324e-05
547.1428719663431,5.695994664616026e-05
547.2428719663432,5.097179464591435e-05
547.3428719663432,4.558077090178156e-05
547.4428719663432,4.0730974212786124e-05
547.5428719663432,3.637134151792184e-05
547.6428719663433,3.245527043696756e-05
547.7428719663433,2.8940267103828344e-05
547.8428719663433,2.5787618004689377e-05
547.9428719663433,2.2962084558680253e-05
548.0428719663433,2.043161920819345e-05
548.1428719663434,1.8167101818879856e-05
548.2428719663434,1.6142095225074332e-05
548.3428719663434,1.43326187944693e-05
548.4428719663434,1.2716938925758121e-05
548.5428719663435,1.127537543427797e-05
548.6428719663435,9.990122822981558e-06
548.7428719663435,8.845085478998218e-06
548.8428719663435,7.825725879274757e-06
548.9428719663435,6.9189249320231614e-06
549.0428719663436,6.112853623682392e-06
549.1428719663436,5.396855183599587e-06
549.2428719663436,4.761337020446898e-06
549.3428719663436,4.197671725346747e-06
549.4428719663437,3.698106476630199e-06
549.5428719663437,3.2556802199792408e-06
549.6428719663437,2.8641480353026585e-06
549.7428719663437,2.51791213798616e-06
549.8428719663438,2.2119589970774404e-06
549.9428719663438,1.941802086470304e-06
550.0428719663438,1.7034298172077714e-06
550.1428719663438,1.4932582296141842e-06
550.2428719663438,1.3080880530853443e-06
550.3428719663439,1.145065769017966e-06
550.4428719663439,1.0016483385594613e-06
550.5428719663439,8.755712816278723e-07
550.6428719663439,7.648198170182884e-07
550.742871966344,6.676027954111135e-07
550.842871966344,5.82329177767701e-07
550.942871966344,5.075868309840401e-07
551.042871966344,4.421234308188956e-07
551.142871966344,3.848292790682787e-07
551.2428719663441,3.3472185777335356e-07
551.3428719663441,2.9093195797552655e-07
551.4428719663441,2.526912342225735e-07
551.5428719663441,2.1932104873549324e-07
