507.9428719663342,0.6880479953975831
508.04287196633425,0.6880888499344505
508.14287196633427,0.6881316465580902
508.2428719663343,0.688176467171223
508.3428719663343,0.6882233965808721
508.44287196633434,0.6882725225738969
508.54287196633436,0.6883239359931593
508.6428719663344,0.6883777308142535
508.7428719663344,0.688434004222729
508.8428719663344,0.6884928566917335
508.94287196633445,0.6885543920599909
509.0428719663345,0.6886187176100356
509.1428719663345,0.6886859441466107
509.2428719663345,0.688756186075138
509.34287196633454,0.6888295614801612
509.44287196633456,0.6889061922036591
509.5428719663346,0.6889862039231229
509.6428719663346,0.6890697262292821
509.74287196633463,0.6891568927033636
509.84287196633466,0.6892478409937617
509.9428719663347,0.6893427128919907
510.0428719663347,0.6894416544077882
510.1428719663347,0.6895448158432327
510.24287196633475,0.6896523518657325
510.34287196633477,0.6897644215797387
510.4428719663348,0.6898811885970322
510.5428719663348,0.6900028211054254
510.64287196633484,0.6901294919357193
510.74287196633486,0.6902613786267475
510.8428719663349,0.6903986634883397
510.9428719663349,0.6905415336620239
511.0428719663349,0.6906901811792929
511.14287196633495,0.6908448030172472
511.242871966335,0.6910056011514258
511.342871966335,0.6911727826056355
511.442871966335,0.6913465594985769
511.54287196633504,0.6915271490870721
511.64287196633506,0.6917147738056862
511.7428719663351,0.6919096613025377
511.8428719663351,0.6921120444710855
511.94287196633513,0.6923221614776812
512.0428719663352,0.692540255784669
512.1428719663352,0.6927665761688152
512.2428719663352,0.6930013767348473
512.3428719663352,0.6932449169238795
512.4428719663352,0.6934974615165014
512.5428719663353,0.6937592806303043
512.6428719663353,0.6940306497116194
512.7428719663353,0.6943118495212414
512.8428719663353,0.6946031661139112
512.9428719663354,0.6949048908113311
513.0428719663354,0.6952173201684883
513.1428719663354,0.6955407559330594
513.2428719663354,0.6958755049976774
513.3428719663355,0.6962218793448358
513.4428719663355,0.6965801959842163
513.5428719663355,0.6969507768822195
513.6428719663355,0.6973339488834932
513.7428719663355,0.6977300436242435
513.8428719663356,0.6981393974371315
513.9428719663356,0.6985623512475535
514.0428719663356,0.6989992504611134
514.1428719663356,0.6994504448421015
514.2428719663357,0.6999162883827977
514.3428719663357,0.7003971391634293
514.4428719663357,0.7008933592026156
514.5428719663357,0.7014053142981468
514.6428719663357,0.7019333738579456
514.7428719663358,0.7024779107210777
514.8428719663358,0.7030393009686815
514.9428719663358,0.7036179237247008
515.0428719663358,0.7042141609463157
515.1428719663359,0.7048283972039785
515.2428719663359,0.7054610194509732
515.3428719663359,0.7061124167824314
515.4428719663359,0.7067829801837521
515.542871966336,0.7074731022683841
515.642871966336,0.7081831770049482
515.742871966336,0.7089135994336887
515.842871966336,0.709664765372264
515.942871966336,0.7104370711108953
516.0428719663361,0.7112309130969198
516.1428719663361,0.7120466876088022
516.2428719663361,0.7128847904196828
516.3428719663361,0.7137456164505567
516.4428719663362,0.7146295594131994
516.5428719663362,0.7155370114429687
516.6428719663362,0.7164683627216407
516.7428719663362,0.7174240010904488
516.8428719663362,0.7184043116535228
516.9428719663363,0.7194096763719409
517.0428719663363,0.7204404736486315
517.1428719663363,0.7214970779043808
517.2428719663363,0.7225798591452267
517.3428719663364,0.7236891825215376
517.4428719663364,0.7248254078791
517.5428719663364,0.7259888893025587
517.6428719663364,0.7271799746515758
517.7428719663365,0.728399005090098
517.8428719663365,0.7296463146091419
517.9428719663365,0.7309222295435299
518.0428719663365,0.7322270680830325
518.1428719663365,0.7335611397783903
518.2428719663366,0.7349247450427177
518.3428719663366,0.7363181746488012
518.4428719663366,0.7377417092228391
518.5428719663366,0.7391956187351755
518.6428719663367,0.7406801619886151
518.7428719663367,0.7421955861049155
518.8428719663367,0.7437421260100767
518.9428719663367,0.7453200039190656
519.0428719663367,0.7469294288206325
519.1428719663368,0.7485705959628902
519.2428719663368,0.7502436863403465
519.3428719663368,0.7519488661830951
519.4428719663368,0.7536862864488849
519.5428719663369,0.7554560823188012
519.6428719663369,0.757258372697307
519.7428719663369,0.7590932597174016
519.8428719663369,0.7609608282516696
519.942871966337,0.7628611454299971
520.042871966337,0.7647942601647468
520.142871966337,0.7667602026841861
520.242871966337,0.7687589840749731
520.342871966337,0.7707905958345068
520.4428719663371,0.7728550094339541
520.5428719663371,0.774952175892768
520.6428719663371,0.7770820253655102
520.7428719663371,0.7792444667417958
520.8428719663372,0.7814393872601703
520.9428719663372,0.7836666521367298
521.0428719663372,0.7859261042092888
521.1428719663372,0.7882175635978929
521.2428719663372,0.7905408273824686
521.3428719663373,0.7928956692983877
521.4428719663373,0.7952818394507188
521.5428719663373,0.7976990640479207
521.6428719663373,0.8001470451557193
521.7428719663374,0.8026254604718969
521.8428719663374,0.805133963122698
521.9428719663374,0.8076721814815451
522.0428719663374,0.8102397190107288
522.1428719663375,0.8128361541267202
522.2428719663375,0.815461040089725
522.3428719663375,0.8181139049180775
522.4428719663375,0.8207942513280382
522.5428719663375,0.8235015566995393
522.6428719663376,0.8262352730683825
522.7428719663376,0.8289948271453695
522.8428719663376,0.8317796203628058
522.9428719663376,0.8345890289487884
523.0428719663377,0.8374224040296492
523.1428719663377,0.8402790717608893
523.2428719663377,0.8431583334869016
523.3428719663377,0.8460594659297358
523.4428719663377,0.8489817214071231
523.5428719663378,0.8519243280799346
523.6428719663378,0.8548864902291997
523.7428719663378,0.857867388562775
523.8428719663378,0.8608661805517004
523.9428719663379,0.8638820007962406
524.0428719663379,0.8669139614215577
524.1428719663379,0.8699611525029192
524.2428719663379,0.8730226425202904
524.342871966338,0.8760974788421227
524.442871966338,0.879184688238088
524.542871966338,0.8822832774204725
524.642871966338,0.8853922336138849
524.742871966338,0.8885105251528909
524.8428719663381,0.8916371021071348
524.9428719663381,0.894770896933458
525.0428719663381,0.8979108251544796
525.1428719663381,0.9010557860630519
525.2428719663382,0.9042046634519576
525.3428719663382,0.9073563263681699
525.4428719663382,0.910509629890943
525.5428719663382,0.9136634159329645
525.6428719663382,0.9168165140637465
525.7428719663383,0.9199677423543933
525.8428719663383,0.9231159082428391
525.9428719663383,0.9262598094186073
526.0428719663383,0.9293982347260997
526.1428719663384,0.9325299650853884
526.2428719663384,0.9356537744294424
526.3428719663384,0.9387684306566848
526.4428719663384,0.9418726965977421
526.5428719663385,0.9449653309952143
526.6428719663385,0.948045089495262
526.7428719663385,0.9511107256497786
526.8428719663385,0.9541609919278873
526.9428719663385,0.9571946407354768
527.0428719663386,0.9602104254414696
527.1428719663386,0.9632071014094905
527.2428719663386,0.9661834270335885
527.3428719663386,0.9691381647766466
527.4428719663387,0.9720700822101016
527.5428719663387,0.9749779530535827
527.6428719663387,0.9778605582130679
527.7428719663387,0.9807166868161563
527.8428719663387,0.9835451372430397
527.9428719663388,0.9863447181517674
528.0428719663388,0.9891142494963903
528.1428719663388,0.991852563536578
528.2428719663388,0.9945585058373086
528.3428719663389,0.9972309362572396
528.4428719663389,0.9998687299243794
528.5428719663389,1.0024707781976951
528.6428719663389,1.005035989613306
528.742871966339,1.007563290813936
528.842871966339,1.0100516274603148
528.942871966339,1.0124999651232491
529.042871966339,1.0149072901551048
529.142871966339,1.0172726105394783
529.2428719663391,1.01959495671786
529.3428719663391,1.021873382392132
529.4428719663391,1.0241069653017805
529.5428719663391,1.0262948079747332
529.6428719663392,1.0284360384507845
529.7428719663392,1.0305298109766083
529.8428719663392,1.032575306671403
529.9428719663392,1.0345717341622613
530.0428719663392,1.0365183301884109
530.1428719663393,1.0384143601735127
530.2428719663393,1.040259118765268
530.3428719663393,1.0420519303416278
530.4428719663393,1.0437921494829614
530.5428719663394,1.0454791614095953
530.6428719663394,1.0471123823841868
530.7428719663394,1.0486912600784641
530.8428719663394,1.0502152739039152
530.9428719663395,1.051683935306075
531.0428719663395,1.0530967880221183
531.1428719663395,1.0544534083015282
531.2428719663395,1.0557534050896706
531.3428719663395,1.056996420174172
531.4428719663396,1.0581821282940542
531.5428719663396,1.0593102372116474
531.6428719663396,1.0603285476019044
531.7428719663396,1.0611344618860485
531.8428719663397,1.0617256057176918
531.9428719663397,1.0621028252628917
532.0428719663397,1.062267429486385
532.1428719663397,1.0622211845571448
532.2428719663397,1.0619663066201046
532.3428719663398,1.061505452970112
532.4428719663398,1.060841711672035
532.5428719663398,1.0599785896785066
532.6428719663398,1.058919999504048
532.7428719663399,1.057670244521178
532.8428719663399,1.0562340029505959
532.9428719663399,1.054616310623518
533.0428719663399,1.0528225425998006
533.14287196634,1.0508583937304752
533.24287196634,1.0487298582577953
533.34287196634,1.0464432085497957
533.44287196634,1.0440049730696654
533.54287196634,1.0414219136829557
533.6428719663401,1.0387010024077243
533.7428719663401,1.0358493977142076
533.8428719663401,1.032874420481446
533.9428719663401,1.0297835297185476
534.0428719663402,1.026584298157875
534.1428719663402,1.0232843878264792
534.2428719663402,1.0198915257005394
534.3428719663402,1.0164134795454374
534.4428719663402,1.0128580340414313
534.5428719663403,1.009232967291706
534.6428719663403,1.005546027805901
534.7428719663403,1.001804912048096
534.8428719663403,0.9980172426336844
534.9428719663404,0.9941905472546305
535.0428719663404,0.9903322384073461
535.1428719663404,0.9864495939918307
535.2428719663404,0.9825497388448979
535.3428719663405,0.9786396272642425
535.4428719663405,0.9747260265738863
535.5428719663405,0.9708155017751701
535.6428719663405,0.9669144013210156
535.7428719663405,0.963028844044686
535.8428719663406,0.9591647072677807
535.9428719663406,0.955327616105734
536.0428719663406,0.9515229339827149
536.1428719663406,0.9477557543615548
536.2428719663407,0.9440308936882154
536.3428719663407,0.9403528855443845
536.4428719663407,0.9367259759960723
536.5428719663407,0.9331541201206153
536.6428719663407,0.9296409796893033
536.7428719663408,0.9261899219779481
536.8428719663408,0.9228040196731309
536.9428719663408,0.9194860518376213
537.0428719663408,0.9162385058945673
537.1428719663409,0.9130635805865197
537.2428719663409,0.9099631898621958
537.3428719663409,0.9069389676411
537.4428719663409,0.9039922734037182
537.542871966341,0.901124198552975
537.642871966341,0.8983355734910051
537.742871966341,0.8956269753540164
537.842871966341,0.8929987363471215
537.942871966341,0.8904509526204721
538.0428719663411,0.8879834936278295
538.1428719663411,0.8855960119088426
538.2428719663411,0.8832879532367606
538.3428719663411,0.8810585670740545
538.4428719663412,0.878906917279472
538.5428719663412,0.8768318930113415
538.6428719663412,0.8748322197734956
538.7428719663412,0.8729064705519531
538.8428719663412,0.8710530769924667
538.9428719663413,0.8692703405712009
539.0428719663413,0.8675564437131125
539.1428719663413,0.8659094608150498
539.2428719663413,0.864327369133151
539.3428719663414,0.8628080594967714
539.4428719663414,0.8613493468138926
539.5428719663414,0.8599489803357467
539.6428719663414,0.8586046536511862
539.7428719663415,0.857314014384154
539.8428719663415,0.85607467357042
539.9428719663415,0.8548842146925335
540.0428719663415,0.8537402023546992
540.1428719663415,0.8526401905819722
540.2428719663416,0.8515817307308042
540.3428719663416,0.8505623790005166
540.4428719663416,0.8495797035377366
540.5428719663416,0.8486312911281944
540.6428719663417,0.8477147534725226
540.7428719663417,0.846827733044836
540.8428719663417,0.8459679085348806
540.9428719663417,0.8451329998764205
541.0428719663417,0.8443207728662905
541.1428719663418,0.8435290433801523
541.2428719663418,0.8427556811924874
541.3428719663418,0.8419986134096984
541.4428719663418,0.8412558275264115
541.5428719663419,0.8405253741161534
541.6428719663419,0.8398053691685211
541.7428719663419,0.8390939960857896
541.8428719663419,0.8383895073525969
541.942871966342,0.8376902258929235
542.042871966342,0.8369945461290438
542.142871966342,0.8363009347574781
542.242871966342,0.8356079312572211
542.342871966342,0.8349141481456693
542.4428719663421,0.8342182709977244
542.5428719663421,0.8335190582435199
542.6428719663421,0.832815340760108
542.7428719663421,0.8321060212722564
542.8428719663422,0.8313900735772608
542.9428719663422,0.8306665416083616
543.0428719663422,0.8299345383509958
543.1428719663422,0.8291932446257012
543.2428719663422,0.8284419077510381
543.3428719663423,0.8276798400994101
543.4428719663423,0.8269064175581459
543.5428719663423,0.8261210779076668
543.6428719663423,0.8253233191280063
543.7428719663424,0.8245126976443745
543.8428719663424,0.8236888265218816
543.9428719663424,0.8228513736189472
544.0428719663424,0.8220000597083365
544.1428719663425,0.8211346565741809
544.2428719663425,0.8202549850927645
544.3428719663425,0.8193609133042843
544.4428719663425,0.818452354482246
544.5428719663425,0.8175292652066034
544.6428719663426,0.816591643446232
544.7428719663426,0.8156395266558163
544.8428719663426,0.8146729898917427
544.9428719663426,0.813692143951122
545.0428719663427,0.8126971335376199
545.1428719663427,0.8116881354573523
545.2428719663427,0.8106653568476981
545.3428719663427,0.8096290334415088
545.4428719663428,0.8085794278688387
545.5428719663428,0.807516827997989
545.6428719663428,0.8064415453173517
545.7428719663428,0.8053539133592565
545.8428719663428,0.8042542861667576
545.9428719663429,0.8031430368040599
546.0428719663429,0.8020205559110629
546.1428719663429,0.8008872503023023
546.2428719663429,0.7997435416103862
546.342871966343,0.7985898649738632
546.442871966343,0.7974266677693169
546.542871966343,0.7962544083873497
546.642871966343,0.7950735550520102
546.742871966343,0.79388458468312
546.8428719663431,0.7926879818008713
546.9428719663431,0.7914842374719984
547.0428719663431,0.7902738482967614
547.1428719663431,0.7890573154359396
547.2428719663432,0.7878351436769861
547.3428719663432,0.7866078405384699
547.4428719663432,0.7853759154119065
547.5428719663432,0.7841398787400701
547.6428719663433,0.782900241230861
547.7428719663433,0.7816575131058133
547.8428719663433,0.7804122033823184
547.9428719663433,0.7791648191886548
548.0428719663433,0.7779158651109215
548.1428719663434,0.7766658425709878
548.2428719663434,0.775415249234587
548.3428719663434,0.7741645784487029
548.4428719663434,0.7729143187074132
548.5428719663435,0.7716649531453832
548.6428719663435,0.7704169590582158
548.7428719663435,0.7691708074488959
548.8428719663435,0.7679269625995827
548.9428719663435,0.7666858816680346
549.0428719663436,0.7654480143079646
549.1428719663436,0.7642138023126573
549.2428719663436,0.7629836792811918
549.3428719663436,0.7617580703066411
549.4428719663437,0.7605373916856382
549.5428719663437,0.759322050648717
549.6428719663437,0.7581124451108568
549.7428719663437,0.7569089634416756
549.8428719663438,0.7557119842547335
549.9428719663438,0.7545218762154262
550.0428719663438,0.7533389978669561
550.1428719663438,0.7521636974738911
550.2428719663438,0.7509963128828239
550.3428719663439,0.7498371713996635
550.4428719663439,0.748686589683097
550.5428719663439,0.7475448736537674
550.6428719663439,0.7464123184187278
550.742871966344,0.7452892082107324
550.842871966344,0.7441758163419374
550.942871966344,0.7430724051715859
551.042871966344,0.7419792260872623
551.142871966344,0.7408965194992985
551.2428719663441,0.7398245148479273
551.3428719663441,0.7387634306227739
551.4428719663441,0.7377134743942851
551.5428719663441,0.7366748428566968
