507.9428719663342,1.6895118431569494e-06
508.04287196633425,1.8083473605015426e-06
508.14287196633427,1.9351464661849815e-06
508.2428719663343,2.0704139935231957e-06
508.3428719663343,2.214684753594858e-06
508.44287196633434,2.368525178954766e-06
508.54287196633436,2.5325350486801365e-06
508.6428719663344,2.7073492982321135e-06
508.7428719663344,2.8936399177316404e-06
508.8428719663344,3.0921179423679986e-06
508.94287196633445,3.3035355387790473e-06
509.0428719663345,3.5286881913652345e-06
509.1428719663345,3.768416992623843e-06
509.2428719663345,4.023611041716309e-06
509.34287196633454,4.295209955609101e-06
509.44287196633456,4.584206497257834e-06
509.5428719663346,4.891649325434656e-06
509.6428719663346,5.218645870930293e-06
509.74287196633463,5.566365343994596e-06
509.84287196633466,5.936041878012333e-06
509.9428719663347,6.328977814544536e-06
510.0428719663347,6.746547134999528e-06
510.1428719663347,7.190199044331509e-06
510.24287196633475,7.661461712298125e-06
510.34287196633477,8.16194617794196e-06
510.4428719663348,8.693350423092568e-06
510.5428719663348,9.257463620817765e-06
510.64287196633484,9.856170564882085e-06
510.74287196633486,1.0491456286399042e-05
510.8428719663349,1.116541086398948e-05
510.9428719663349,1.1880234433882656e-05
511.0428719663349,1.2638242406516406e-05
511.14287196633495,1.3441870896311561e-05
511.242871966335,1.4293682371408818e-05
511.342871966335,1.5196371530266093e-05
511.442871966335,1.615277141211986e-05
511.54287196633504,1.716585974841363e-05
511.64287196633506,1.8238765562391374e-05
511.7428719663351,1.9374776024141564e-05
511.8428719663351,2.0577343568459425e-05
511.94287196633513,2.185009328296916e-05
512.0428719663352,2.3196830574013645e-05
512.1428719663352,2.462154911787827e-05
512.2428719663352,2.612843910496268e-05
512.3428719663352,2.7721895784554312e-05
512.4428719663352,2.9406528317885885e-05
512.5428719663353,3.11871689471753e-05
512.6428719663353,3.3068882488353304e-05
512.7428719663353,3.505697615517583e-05
512.8428719663353,3.715700972239769e-05
512.9428719663354,3.937480603565001e-05
513.0428719663354,4.171646187561274e-05
513.1428719663354,4.418835918400969e-05
513.2428719663354,4.679717665887074e-05
513.3428719663355,4.954990172640572e-05
513.4428719663355,5.245384289671808e-05
513.5428719663355,5.551664251044914e-05
513.6428719663355,5.874628988328616e-05
513.7428719663355,6.215113485509098e-05
513.8428719663356,6.573990175020524e-05
513.9428719663356,6.952170375526769e-05
514.0428719663356,7.350605772063231e-05
514.1428719663356,7.77028993912048e-05
514.2428719663357,8.212259907222291e-05
514.3428719663357,8.677597773518159e-05
514.4428719663357,9.167432356875288e-05
514.5428719663357,9.682940897918196e-05
514.6428719663357,0.00010225350804422325
514.7428719663358,0.0001079594144242538
514.8428719663358,0.00011396045973373226
514.9428719663358,0.00012027053237566922
515.0428719663358,0.00012690409684125285
515.1428719663359,0.0001338762134762021
515.2428719663359,0.0001412025587148275
515.3428719663359,0.00014889944578214354
515.4428719663359,0.00015698384586371498
515.542871966336,0.00016547340974220503
515.642871966336,0.00017438648989886812
515.742871966336,0.00018374216307743266
515.842871966336,0.00019356025330702405
515.942871966336,0.00020386135537990615
516.0428719663361,0.00021466685877893693
516.1428719663361,0.0002259989720486951
516.2428719663361,0.00023788074760326778
516.3428719663361,0.0002503361069626705
516.4428719663362,0.0002633898664088228
516.5428719663362,0.00027706776305090613
516.6428719663362,0.0002913964812888026
516.7428719663362,0.0003064036796621323
516.8428719663362,0.00032211801807119643
516.9428719663363,0.0003385691853548824
517.0428719663363,0.00035578792720928254
517.1428719663363,0.0003738060744294604
517.2428719663363,0.0003926565714554086
517.3428719663364,0.00041237350520184027
517.4428719663364,0.0004329921341500169
517.5428719663364,0.00045454891767830204
517.6428719663364,0.00047708154560664376
517.7428719663365,0.0005006289679286026
517.8428719663365,0.0005252314247029718
517.9428719663365,0.000550930476075402
518.0428719663365,0.0005777690323987968
518.1428719663365,0.0006057913844195569
518.2428719663366,0.0006350432334950479
518.3428719663366,0.0006655717218059203
518.4428719663366,0.0006974254625251561
518.5428719663366,0.0007306545699039436
518.6428719663367,0.0007653106892326606
518.7428719663367,0.0008014470266334455
518.8428719663367,0.000839118378638997
518.9428719663367,0.0008783811615104091
519.0428719663367,0.0009192934402449664
519.1428719663368,0.0009619149572230212
519.2428719663368,0.0010063071604411449
519.3428719663368,0.0010525332312769577
519.4428719663368,0.0011006581117291284
519.5428719663369,0.0011507485310742298
519.6428719663369,0.0012028730318802824
519.7428719663369,0.001257101995315001
519.8428719663369,0.0013135076656849752
519.942871966337,0.001372164174140238
520.042871966337,0.001433147561476914
520.142871966337,0.001496535799968969
520.242871966337,0.0015624088141583659
520.342871966337,0.001630848500531349
520.4428719663371,0.0017019387460069561
520.5428719663371,0.001775765445162377
520.6428719663371,0.001852416516118262
520.7428719663371,0.0019319819150057293
520.8428719663372,0.002014553648935438
520.9428719663372,0.002100225787387883
521.0428719663372,0.002189094471942834
521.1428719663372,0.0022812579242648236
521.2428719663372,0.002376816452260489
521.3428719663373,0.002475872454322777
521.4428719663373,0.002578530421576127
521.5428719663373,0.0026848969380361323
521.6428719663373,0.002795080678596556
521.7428719663374,0.0029091924047561376
521.8428719663374,0.0030273449579973207
521.9428719663374,0.0031496532507288015
522.0428719663374,0.0032762342547037696
522.1428719663375,0.0034072069868258093
522.2428719663375,0.0035426924922546325
522.3428719663375,0.0036828138247242503
522.4428719663375,0.0038276960239867134
522.5428719663375,0.00397746609029533
522.6428719663376,0.004132252955842067
522.7428719663376,0.004292187453065048
522.8428719663376,0.004457402279743182
522.9428719663376,0.004628031960796509
523.0428719663377,0.00480421280671241
523.1428719663377,0.004986082868519684
523.2428719663377,0.005173781889234573
523.3428719663377,0.0053674512517049395
523.4428719663377,0.005567233922781341
523.5428719663378,0.005773274393746418
523.6428719663378,0.005985718616936722
523.7428719663378,0.006204713938494402
523.8428719663378,0.0064304090271893235
523.9428719663379,0.006662953799255774
524.0428719663379,0.006902499339191658
524.1428719663379,0.007149197816472016
524.2428719663379,0.0074032023981329895
524.342871966338,0.0076646671571866136
524.442871966338,0.007933746976831657
524.542871966338,0.008210597450430415
524.642871966338,0.008495374777226604
524.742871966338,0.00878823565378471
524.8428719663381,0.009089337161136704
524.9428719663381,0.009398836647627829
525.0428719663381,0.009716891607459054
525.1428719663381,0.010043659554930032
525.2428719663382,0.010379297894392696
525.3428719663382,0.01072396378593223
525.4428719663382,0.011077814006799044
525.5428719663382,0.011441004808622035
525.6428719663382,0.011813691770440947
525.7428719663383,0.012196029647602625
525.8428719663383,0.01258817221657365
525.9428719663383,0.01299027211572935
526.0428719663383,0.01340248068218707
526.1428719663384,0.013824947784759473
526.2428719663384,0.014257821653111633
526.3428719663384,0.014701248703214024
526.4428719663384,0.015155373359191572
526.5428719663385,0.015620337871677582
526.6428719663385,0.016096282132789463
526.7428719663385,0.01658334348785215
526.8428719663385,0.017081656544003176
526.9428719663385,0.017591352975822563
527.0428719663386,0.018112561328138713
527.1428719663386,0.01864540681617082
527.2428719663386,0.019190011123176292
527.3428719663386,0.019746492195780903
527.4428719663387,0.020314964037177655
527.5428719663387,0.02089553649838886
527.6428719663387,0.02148831506779471
527.7428719663387,0.02209340065913956
527.8428719663387,0.022710889398235807
527.9428719663388,0.023340872408593238
528.0428719663388,0.02398343559620952
528.1428719663388,0.024638659433765756
528.2428719663388,0.02530661874447828
528.3428719663389,0.025987382485865507
528.4428719663389,0.026681013533695862
528.5428719663389,0.027387568466389803
528.6428719663389,0.028107097350155444
528.742871966339,0.028839643525144128
528.842871966339,0.029585243392918015
528.942871966339,0.030343926205527855
529.042871966339,0.031115713856504416
529.142871966339,0.03190062067407219
529.2428719663391,0.03269865321689881
529.3428719663391,0.03350981007269783
529.4428719663391,0.03433408166000645
529.5428719663391,0.0351714500334634
529.6428719663392,0.03602188869291506
529.7428719663392,0.036885362396680464
529.8428719663392,0.03776182697930822
529.9428719663392,0.038651229174159384
530.0428719663392,0.039553506441152145
530.1428719663393,0.04046858680000401
530.2428719663393,0.041396388669307636
530.3428719663393,0.0423368207117759
530.4428719663393,0.04328978168599025
530.5428719663394,0.044255160304985254
530.6428719663394,0.0452328351019996
530.7428719663394,0.0462226743037211
530.8428719663394,0.047224535711349505
530.9428719663395,0.048238266589797414
531.0428719663395,0.049263703565344
531.1428719663395,0.05030067253205173
531.2428719663395,0.051348988567249905
531.3428719663395,0.052408455856382076
531.4428719663396,0.05347886762750785
531.5428719663396,0.054560006095740674
531.6428719663396,0.05565164241789582
531.7428719663396,0.05675353665761303
531.8428719663397,0.05786543776120842
531.9428719663397,0.0589870835445006
532.0428719663397,0.06011820069084415
532.1428719663397,0.06125850476059276
532.2428719663397,0.062407700212201565
532.3428719663398,0.06356548043516604
532.4428719663398,0.06473152779498091
532.5428719663398,0.06590551369028957
532.6428719663398,0.06708709862237866
532.7428719663399,0.06827593227715925
532.8428719663399,0.06947165361975932
532.9428719663399,0.0706738910018367
533.0428719663399,0.07188226228170588
533.14287196634,0.07309637495735397
533.24287196634,0.07431582631240526
533.34287196634,0.0755402035750751
533.44287196634,0.07676908409013648
533.54287196634,0.07800203550390397
533.6428719663401,0.07923861596222129
533.7428719663401,0.0804783743214193
533.8428719663401,0.0817208503721931
533.9428719663401,0.08296557507632592
534.0428719663402,0.08421207081616942
534.1428719663402,0.08545985165676909
534.2428719663402,0.08670842362050431
534.3428719663402,0.0879572849740921
534.4428719663402,0.08920592652778392
534.5428719663403,0.09045383194656474
534.6428719663403,0.09170047807314329
534.7428719663403,0.09294533526250282
534.8428719663403,0.0941878677277618
534.9428719663404,0.09542753389707369
535.0428719663404,0.09666378678127609
535.1428719663404,0.0978960743519798
535.2428719663404,0.0991238399297692
535.3428719663405,0.10034652258216652
535.4428719663405,0.10156355753099454
535.5428719663405,0.10277437656875339
535.6428719663405,0.10397840848360979
535.7428719663405,0.10517507949258002
535.8428719663406,0.10636381368247047
535.9428719663406,0.10754403345812401
536.0428719663406,0.10871515999750399
536.1428719663406,0.10987661371313333
536.2428719663407,0.11102781471939065
536.3428719663407,0.1121681833051526
536.4428719663407,0.11329714041125725
536.5428719663407,0.11441410811225192
536.6428719663407,0.11551851010187632
536.7428719663408,0.11660977218172155
536.8428719663408,0.11768732275249492
536.9428719663408,0.11875059330731144
537.0428719663408,0.11979901892642443
537.1428719663409,0.12083203877280006
537.2428719663409,0.12184909658793418
537.3428719663409,0.1228496411873035
537.4428719663409,0.12383312695483935
537.542871966341,0.12479901433580741
537.642871966341,0.1257467703274749
537.742871966341,0.12667586896694402
537.842871966341,0.12758579181553045
537.942871966341,0.1284760284390648
538.0428719663411,0.12934607688349758
538.1428719663411,0.13019544414518877
538.2428719663411,0.13102364663526778
538.3428719663411,0.1318302106374529
538.4428719663412,0.1326146727587252
538.5428719663412,0.1333765803722578
538.6428719663412,0.13411549205200896
538.7428719663412,0.1348309779983959
538.8428719663412,0.1355226204544753
538.9428719663413,0.13619001411206708
539.0428719663413,0.13683276650726942
539.1428719663413,0.13745049840482507
539.2428719663413,0.13804284417081197
539.3428719663414,0.13860945213314682
539.4428719663414,0.13914998492940273
539.5428719663414,0.13966411984146096
539.6428719663414,0.1401515491165316
539.7428719663415,0.14061198027409588
539.8428719663415,0.14104513639834237
539.9428719663415,0.14145075641568747
540.0428719663415,0.1418285953569909
540.1428719663415,0.1421784246040974
540.2428719663416,0.14250003212035772
540.3428719663416,0.14279322266480307
540.4428719663416,0.1430578179896706
540.5428719663416,0.14329365702099975
540.6428719663417,0.1435005960220437
540.7428719663417,0.14367850873926374
540.8428719663417,0.14382728653069865
540.9428719663417,0.14394683847652703
541.0428719663417,0.14403709147166427
541.1428719663418,0.144097990300263
541.2428719663418,0.1441294976920098
541.3428719663418,0.1441315943601389
541.4428719663418,0.14410427902110723
541.5428719663419,0.14404756839590438
541.6428719663419,0.14396149719299398
541.7428719663419,0.14384611807291198
541.8428719663419,0.14370150159457193
541.942871966342,0.14352773614335382
542.042871966342,0.14332492784107947
542.142871966342,0.14309320043800242
542.242871966342,0.14283269518696637
542.342871966342,0.14254357069991144
542.4428719663421,0.14222600278693218
542.5428719663421,0.14188018427811575
542.6428719663421,0.14150632482841363
542.7428719663421,0.14110465070582234
542.8428719663422,0.1406754045631738
542.9428719663422,0.14021884519385663
543.0428719663422,0.13973524727181305
543.1428719663422,0.1392249010761771
543.2428719663422,0.13868811220094024
543.3428719663423,0.1381252012500512
543.4428719663423,0.13753650351837546
543.5428719663423,0.13692236865895893
543.6428719663423,0.13628316033705795
543.7428719663424,0.13561925587141446
543.8428719663424,0.1349310458632715
543.9428719663424,0.13421893381363978
544.0428719663424,0.13348333572933924
544.1428719663425,0.13272467971835414
544.2428719663425,0.13194340557505221
544.3428719663425,0.13113996435582917
544.4428719663425,0.1303148179457519
544.5428719663425,0.12946843861678153
544.6428719663426,0.12860130857816718
544.7428719663426,0.12771391951960834
544.8428719663426,0.12680677214779015
544.9428719663426,0.12588037571690158
545.0428719663427,0.1249352475537507
545.1428719663427,0.12397191257809466
545.2428719663427,0.1229909028188046
545.3428719663427,0.12199275692648673
545.4428719663428,0.12097801968318111
545.5428719663428,0.11994724150975948
545.6428719663428,0.11890097797164104
545.7428719663428,0.11783978928344303
545.8428719663428,0.11676423981317877
545.9428719663429,0.11567489758661177
546.0428719663429,0.11457233379236818
546.1428719663429,0.11345712228840399
546.2428719663429,0.11232983911041575
546.342871966343,0.11119106198277509
546.442871966343,0.1100413698325582
546.542871966343,0.1088813423072319
546.642871966343,0.10771155929654612
546.742871966343,0.10653260045917214
546.8428719663431,0.10534504475461257
546.9428719663431,0.10414946998089661
547.0428719663431,0.1029464523185602
547.1428719663431,0.10173656588139587
547.2428719663432,0.10052038227444271
547.3428719663432,0.09929847015967048
547.4428719663432,0.0980713948297962
547.5428719663432,0.09683971779065458
547.6428719663433,0.09560399635252648
547.7428719663433,0.09436478323081192
547.8428719663433,0.09312262615641614
547.9428719663433,0.09187806749619849
548.0428719663433,0.09063164388381569
548.1428719663434,0.0893838858612713
548.2428719663434,0.08813531753146442
548.3428719663434,0.08688645622201083
548.4428719663434,0.08563781216058988
548.5428719663435,0.08438988816205133
548.6428719663435,0.08314317932749529
548.7428719663435,0.08189817275551928
548.8428719663435,0.0806553472658059
548.9428719663435,0.07941517313520502
549.0428719663436,0.07817811184644338
549.1428719663436,0.0769446158495762
549.2428719663436,0.07571512833627377
549.3428719663436,0.07449008302701815
549.4428719663437,0.07326990397126398
549.5428719663437,0.07205500536059949
549.6428719663437,0.07084579135492401
549.7428719663437,0.06964265592164001
549.8428719663438,0.06844598268783891
549.9428719663438,0.06725614480544213
550.0428719663438,0.06607350482924136
550.1428719663438,0.06489841460776392
550.2428719663438,0.06373121518687319
550.3428719663439,0.06257223672599699
550.4428719663439,0.06142179842686088
550.5428719663439,0.06028020847458819
550.6428719663439,0.059147763991013146
550.742871966344,0.05802475100003942
550.842871966344,0.05691144440486202
550.942871966344,0.05580810797685738
551.042871966344,0.05471499435593387
551.142871966344,0.05363234506212184
551.2428719663441,0.052560390518171955
551.3428719663441,0.051499350082918366
551.4428719663441,0.050449432095153374
551.5428719663441,0.04941083392775053
