33.371424809307484,0.0006413175155683771
33.42142480930748,0.0006944917547729211
33.47142480930748,0.000754559978357604
33.521424809307476,0.0008227666837876729
33.57142480930747,0.0009006501855622891
33.62142480930747,0.0009901298921427433
33.67142480930747,0.001093625367902523
33.721424809307464,0.0012142211176326956
33.77142480930746,0.0013558982948569213
33.82142480930746,0.0015238662564036323
33.871424809307456,0.0017250462640251048
33.92142480930745,0.001968792543788191
33.97142480930745,0.0022679935018480204
34.02142480930745,0.0026408001027364613
34.071424809307445,0.003113424258169612
34.12142480930744,0.0037248343246785343
34.17142480930744,0.00453496693093915
34.221424809307436,0.005639803656438498
34.27142480930743,0.007200699084623574
34.32142480930743,0.009505560921367485
34.37142480930743,0.013107937255624107
34.421424809307425,0.019179266997517642
34.47142480930742,0.030532931619313135
34.52142480930742,0.05517145810638371
34.571424809307416,0.12105057243006365
34.62142480930741,0.3165948602425784
34.67142480930741,0.35484691866077295
34.72142480930741,0.13813057060884906
34.771424809307405,0.06089079999138209
34.8214248093074,0.032929331987621796
34.8714248093074,0.020376896441796428
34.921424809307396,0.013784696438958712
34.97142480930739,0.009923081185319692
35.02142480930739,0.007475630035109774
35.07142480930739,0.005830130975193366
35.121424809307385,0.004672037415988717
35.17142480930738,0.0038267560929524575
35.22142480930738,0.0031912341338577064
35.271424809307376,0.0027015289553172454
35.32142480930737,0.0023162891790730967
35.37142480930737,0.002007825718791968
35.42142480930737,0.0017570391779893437
35.471424809307365,0.0015504134260299416
35.52142480930736,0.0013781676229514882
35.57142480930736,0.0012330837364119911
35.621424809307356,0.0011097416545176608
35.671424809307354,0.0010040077685025976
35.72142480930735,0.000912685450013085
35.77142480930735,0.0008332714312321564
35.821424809307345,0.0007637829633824767
35.87142480930734,0.0007026332046903389
35.92142480930734,0.0006485400562113183
35.97142480930734,0.0006004585696424759
36.021424809307334,0.0005575302132377156
36.07142480930733,0.0005190443582530808
36.12142480930733,0.0004844087352277459
36.171424809307325,0.00045312655046891767
36.22142480930732,0.0004247786010218531
36.27142480930732,0.00039900917854771717
36.32142480930732,0.000375514872039555
36.371424809307314,0.0003540356077445877
36.42142480930731,0.0003343474297824332
36.47142480930731,0.00031625664553179187
36.521424809307305,0.0002995950487665316
36.5714248093073,0.00028421599967148035
36.6214248093073,0.00026999119050549416
36.6714248093073,0.00025680796322688726
36.721424809307294,0.00024456707401538475
36.77142480930729,0.0002331808215960248
36.82142480930729,0.0002225714732535933
36.871424809307285,0.00021266993563900003
36.92142480930728,0.00020341462781205353
36.97142480930728,0.00019475052210930432
37.02142480930728,0.00018662832487439436
37.071424809307274,0.00017900377422194535
37.12142480930727,0.00017183703611353587
37.17142480930727,0.00016509218332689225
37.221424809307265,0.00015873674456721003
37.27142480930726,0.00015274131313419302
37.32142480930726,0.00014707920632236882
37.37142480930726,0.00014172616817561116
37.421424809307254,0.00013666010940251372
37.47142480930725,0.00013186087923701593
37.52142480930725,0.00012731006483790425
37.571424809307246,0.00012299081449291104
37.62142480930724,0.00011888768145323801
37.67142480930724,0.00011498648569263266
37.72142480930724,0.0001112741912779247
37.771424809307234,0.0001077387973683725
37.82142480930723,0.00010436924113998412
37.87142480930723,0.00010115531116690178
37.921424809307226,9.808756999211904e-05
37.97142480930722,9.515728479010415e-05
38.02142480930722,9.23563651691619e-05
38.07142480930722,8.96773072855748e-05
38.121424809307214,8.711314354802758e-05
38.17142480930721,8.465739728228793e-05
38.22142480930721,8.230404180487913e-05
38.271424809307206,8.004746342245544e-05
38.3214248093072,7.788242793237761e-05
38.3714248093072,7.580405025093471e-05
38.4214248093072,7.380776683990294e-05
38.471424809307194,7.188931064062945e-05
38.52142480930719,7.004468825839094e-05
38.57142480930719,6.827015916908921e-05
38.621424809307186,6.656221674599447e-05
38.67142480930718,6.491757092672804e-05
38.72142480930718,6.333313236041562e-05
38.77142480930718,6.180599789230305e-05
38.821424809307175,6.033343725841972e-05
38.87142480930717,5.891288087636951e-05
38.92142480930717,5.7541908630253e-05
38.971424809307166,5.6218239558279534e-05
39.02142480930716,5.493972236098087e-05
39.07142480930716,5.370432665624236e-05
39.12142480930716,5.251013491474705e-05
39.171424809307155,5.13553350159977e-05
39.22142480930715,5.02382133709364e-05
39.27142480930715,4.915714856240696e-05
39.321424809307146,4.811060545937435e-05
39.37142480930714,4.709712976499317e-05
39.42142480930714,4.6115342962359455e-05
39.47142480930714,4.5163937625136726e-05
39.521424809307135,4.42416730632611e-05
39.57142480930713,4.3347371276639414e-05
39.62142480930713,4.247991319219322e-05
39.671424809307126,4.1638235161797834e-05
39.72142480930712,4.082132570064773e-05
39.77142480930712,4.002822244736797e-05
39.82142480930712,3.925800932880902e-05
39.871424809307115,3.850981391392475e-05
39.92142480930711,3.7782804942458505e-05
39.97142480930711,3.7076190015363363e-05
40.021424809307106,3.6389213434972136e-05
40.0714248093071,3.572115418392287e-05
40.1214248093071,3.507132403274514e-05
40.1714248093071,3.4439065766831224e-05
40.221424809307095,3.382375152426201e-05
40.27142480930709,3.322478123663673e-05
40.32142480930709,3.264158116567594e-05
40.371424809307086,3.207360252893315e-05
40.421424809307084,3.152032020846743e-05
40.47142480930708,3.0981231536802826e-05
40.52142480930708,3.0455855154933003e-05
40.571424809307075,2.9943729937526056e-05
40.62142480930707,2.944441398084822e-05
40.67142480930707,2.895748364925824e-05
40.72142480930707,2.8482532676430562e-05
40.771424809307064,2.801917131774654e-05
40.82142480930706,2.7567025550551413e-05
40.87142480930706,2.7125736319212754e-05
40.921424809307055,2.6694958822134755e-05
40.97142480930705,2.6274361838084783e-05
41.02142480930705,2.5863627089374297e-05
41.07142480930705,2.546244863960788e-05
41.121424809307044,2.5070532323872413e-05
41.17142480930704,2.4687595209384736e-05
41.22142480930704,2.431336508475115e-05
41.271424809307035,2.39475799761173e-05
41.32142480930703,2.35899876886024e-05
41.37142480930703,2.324034537151919e-05
41.42142480930703,2.2898419105979752e-05
41.471424809307024,2.2563983513579864e-05
41.52142480930702,2.2236821384939308e-05
41.57142480930702,2.191672332695517e-05
41.621424809307015,2.1603487427698338e-05
41.67142480930701,2.1296918937951985e-05
41.72142480930701,2.0996829968454048e-05
41.77142480930701,2.0703039201964976e-05
41.821424809307004,2.0415371619336825e-05
41.871424809307,2.0133658238810946e-05
41.921424809307,1.9857735867819248e-05
41.971424809306995,1.958744686660832e-05
42.02142480930699,1.9322638923047152e-05
42.07142480930699,1.9063164838017815e-05
42.12142480930699,1.8808882320824475e-05
42.171424809306984,1.855965379408987e-05
42.22142480930698,1.8315346207639668e-05
42.27142480930698,1.8075830860904697e-05
42.321424809306976,1.7840983233398378e-05
42.37142480930697,1.7610682822852445e-05
42.42142480930697,1.7384812990618143e-05
42.47142480930697,1.7163260813962524e-05
42.521424809306964,1.6945916944910674e-05
42.57142480930696,1.6732675475304368e-05
42.62142480930696,1.6523433807766277e-05
42.671424809306956,1.6318092532276165e-05
42.72142480930695,1.6116555308081893e-05
42.77142480930695,1.5918728750683285e-05
42.82142480930695,1.5724522323641367e-05
42.871424809306944,1.553384823497891e-05
42.92142480930694,1.5346621337950995e-05
42.97142480930694,1.5162759035976121e-05
43.021424809306936,1.4982181191529789e-05
43.07142480930693,1.480481003881281e-05
43.12142480930693,1.4630570100016764e-05
43.17142480930693,1.4459388105018182e-05
43.221424809306924,1.4291192914342e-05
43.27142480930692,1.4125915445243019e-05
43.32142480930692,1.3963488600761985e-05
43.371424809306916,1.3803847201620284e-05
43.42142480930691,1.3646927920824154e-05
43.47142480930691,1.3492669220855956e-05
43.52142480930691,1.3341011293336163e-05
43.571424809306905,1.319189600104564e-05
43.6214248093069,1.3045266822203258e-05
43.6714248093069,1.2901068796899158e-05
43.721424809306896,1.2759248475588869e-05
43.77142480930689,1.2619753869558156e-05
43.82142480930689,1.248253440327293e-05
43.87142480930689,1.2347540868532605e-05
43.921424809306885,1.2214725380349405e-05
43.97142480930688,1.2084041334479694e-05
44.02142480930688,1.195544336653705e-05
44.071424809306876,1.1828887312620078e-05
44.12142480930687,1.1704330171391218e-05
44.17142480930687,1.1581730067545687e-05
44.22142480930687,1.1461046216612694e-05
44.271424809306865,1.1342238891033627e-05
44.32142480930686,1.1225269387464572e-05
44.37142480930686,1.111009999525291e-05
44.421424809306856,1.0996693966040062e-05
44.47142480930685,1.088501548444465e-05
44.52142480930685,1.0775029639782376e-05
44.57142480930685,1.0666702398780955e-05
44.621424809306845,1.0560000579250305e-05
44.67142480930684,1.0454891824669921e-05
44.72142480930684,1.0351344579657135e-05
44.771424809306836,1.0249328066281528e-05
44.82142480930683,1.0148812261192297e-05
44.87142480930683,1.0049767873526842e-05
44.92142480930683,9.952166323570253e-06
44.971424809306825,9.855979722136622e-06
45.02142480930682,9.761180850644466e-06
45.07142480930682,9.667743141859624e-06
45.121424809306816,9.575640661280267e-06
45.171424809306814,9.484848089139583e-06
45.22142480930681,9.395340703002912e-06
45.27142480930681,9.307094360936927e-06
45.321424809306805,9.220085485229508e-06
45.3714248093068,9.134291046639808e-06
45.4214248093068,9.049688549158857e-06
45.4714248093068,8.966256015261894e-06
45.521424809306794,8.88397197163437e-06
45.57142480930679,8.802815435354294e-06
45.62142480930679,8.722765900514382e-06
45.671424809306785,8.64380332526801e-06
45.72142480930678,8.565908119283754e-06
45.77142480930678,8.48906113159382e-06
45.82142480930678,8.41324363882231e-06
45.871424809306774,8.338437333779822e-06
45.92142480930677,8.264624314411387e-06
45.97142480930677,8.191787073085312e-06
46.021424809306765,8.119908486210954e-06
46.07142480930676,8.048971804173938e-06
46.12142480930676,7.978960641577759e-06
46.17142480930676,7.909858967781179e-06
46.221424809306754,7.841651097721192e-06
46.27142480930675,7.774321683011775e-06
46.32142480930675,7.707855703308962e-06
46.371424809306745,7.64223845793321e-06
46.42142480930674,7.577455557740298e-06
46.47142480930674,7.5134929172324e-06
46.52142480930674,7.4503367469012275e-06
46.571424809306734,7.387973545795493e-06
46.62142480930673,7.326390094305201e-06
46.67142480930673,7.265573447155585e-06
46.721424809306725,7.205510926603735e-06
46.77142480930672,7.1461901158312655e-06
46.82142480930672,7.087598852526565e-06
46.87142480930672,7.029725222650477e-06
46.921424809306714,6.972557554379402e-06
46.97142480930671,6.916084412220101e-06
47.02142480930671,6.860294591290653e-06
47.071424809306706,6.805177111762223e-06
47.1214248093067,6.7507212134564984e-06
47.1714248093067,6.696916350593829e-06
47.2214248093067,6.643752186687285e-06
47.271424809306694,6.5912185895780205e-06
47.32142480930669,6.539305626607485e-06
47.37142480930669,6.4880035599222015e-06
47.421424809306686,6.437302841906943e-06
47.47142480930668,6.387194110742346e-06
47.52142480930668,6.337668186083059e-06
47.57142480930668,6.288716064852747e-06
47.621424809306674,6.2403289171523134e-06
47.67142480930667,6.192498082277899e-06
47.72142480930667,6.145215064845288e-06
47.771424809306666,6.098471531017499e-06
47.82142480930666,6.0522593048324075e-06
47.87142480930666,6.006570364627417e-06
47.92142480930666,5.9613968395582196e-06
47.971424809306654,5.916731006208861e-06
48.02142480930665,5.872565285290352e-06
48.07142480930665,5.828892238425227e-06
48.121424809306646,5.785704565015461e-06
48.17142480930664,5.742995099191335e-06
48.22142480930664,5.700756806838812e-06
48.27142480930664,5.658982782703175e-06
48.321424809306635,5.617666247566654e-06
48.37142480930663,5.576800545497925e-06
48.42142480930663,5.536379141171387e-06
48.471424809306626,5.496395617254175e-06
48.52142480930662,5.456843671859009e-06
48.57142480930662,5.417717116060944e-06
48.62142480930662,5.37900987147622e-06
48.671424809306615,5.340715967901449e-06
48.72142480930661,5.302829541011397e-06
48.77142480930661,5.265344830113733e-06
48.821424809306606,5.22825617595914e-06
48.8714248093066,5.1915580186051995e-06
48.9214248093066,5.155244895332598e-06
48.9714248093066,5.119311438612148e-06
49.021424809306595,5.083752374121235e-06
49.07142480930659,5.04856251880833e-06
49.12142480930659,5.013736779004219e-06
49.171424809306586,4.979270148578676e-06
49.22142480930658,4.9451577071413475e-06
49.27142480930658,4.91139461828561e-06
49.32142480930658,4.877976127874264e-06
49.371424809306575,4.844897562365903e-06
49.42142480930657,4.812154327180883e-06
49.47142480930657,4.779741905105796e-06
49.521424809306566,4.747655854735443e-06
49.57142480930656,4.715891808951286e-06
49.62142480930656,4.684445473435406e-06
49.67142480930656,4.653312625219034e-06
49.721424809306555,4.622489111264727e-06
49.77142480930655,4.591970847081304e-06
49.82142480930655,4.561753815370689e-06
49.871424809306546,4.531834064705806e-06
49.921424809306544,4.502207708238735e-06
49.97142480930654,4.47287092243832e-06
50.02142480930654,4.443819945856481e-06
50.071424809306535,4.41505107792247e-06
50.12142480930653,4.386560677764372e-06
50.17142480930653,4.358345163057121e-06
50.22142480930653,4.330401008896383e-06
50.271424809306524,4.302724746697614e-06
50.32142480930652,4.275312963119677e-06
50.37142480930652,4.248162299012378e-06
50.421424809306515,4.221269448387319e-06
50.47142480930651,4.1946311574114885e-06
50.52142480930651,4.168244223422999e-06
50.57142480930651,4.142105493968438e-06
50.621424809306504,4.116211865861273e-06
50.6714248093065,4.090560284260797e-06
50.7214248093065,4.065147741771101e-06
50.771424809306495,4.039971277559573e-06
50.82142480930649,4.015027976494454e-06
50.87142480930649,3.990314968300963e-06
50.92142480930649,3.965829426735552e-06
50.971424809306484,3.94156856877784e-06
51.02142480930648,3.917529653839791e-06
51.07142480930648,3.893709982991731e-06
51.121424809306475,3.870106898204773e-06
51.17142480930647,3.846717781609277e-06
51.22142480930647,3.82354005476894e-06
51.27142480930647,3.800571177970157e-06
51.321424809306464,3.7778086495262675e-06
51.37142480930646,3.7552500050963505e-06
51.42142480930646,3.732892817018214e-06
51.471424809306455,3.7107346936552353e-06
51.52142480930645,3.6887732787567397e-06
51.57142480930645,3.6670062508315786e-06
51.62142480930645,3.6454313225346194e-06
51.671424809306444,3.6240462400658204e-06
51.72142480930644,3.6028487825816115e-06
51.77142480930644,3.581836761618298e-06
51.821424809306436,3.561008020527181e-06
51.87142480930643,3.5403604339211593e-06
51.92142480930643,3.5198919071325208e-06
51.97142480930643,3.499600375681673e-06
52.021424809306424,3.4794838047565673e-06
52.07142480930642,3.459540188702559e-06
52.12142480930642,3.4397675505224795e-06
52.171424809306416,3.4201639413866755e-06
52.22142480930641,3.400727440152793e-06
52.27142480930641,3.3814561528950905e-06
52.32142480930641,3.362348212443056e-06
52.371424809306404,3.343401777929127e-06
52.4214248093064,3.324615034345301e-06
52.4714248093064,3.305986192108446e-06
52.521424809306396,3.287513486634112e-06
52.57142480930639,3.2691951779186464e-06
52.62142480930639,3.2510295501294475e-06
52.67142480930639,3.2330149112031564e-06
52.721424809306384,3.2151495924516213e-06
52.77142480930638,3.197431948175468e-06
52.82142480930638,3.1798603552850923e-06
52.871424809306376,3.162433212928931e-06
52.92142480930637,3.1451489421288405e-06
52.97142480930637,3.128005985422429e-06
53.02142480930637,3.1110028065121997e-06
53.071424809306365,3.0941378899213443e-06
53.12142480930636,3.0774097406560505e-06
53.17142480930636,3.060816883874188e-06
53.221424809306356,3.0443578645602243e-06
53.27142480930635,3.02803124720624e-06
53.32142480930635,3.0118356154989255e-06
53.37142480930635,2.9957695720124102e-06
53.421424809306345,2.979831737906819e-06
53.47142480930634,2.9640207526324217e-06
53.52142480930634,2.948335273639266e-06
53.571424809306336,2.9327739760921734e-06
53.62142480930633,2.917335552590981e-06
53.67142480930633,2.902018712895935e-06
53.72142480930633,2.8868221836581032e-06
53.771424809306325,2.8717447081547296e-06
53.82142480930632,2.8567850460294014e-06
53.87142480930632,2.8419419730369513e-06
53.921424809306316,2.827214280792978e-06
53.97142480930631,2.8126007765279076e-06
54.02142480930631,2.7981002828454802e-06
54.07142480930631,2.7837116374855984e-06
54.121424809306305,2.7694336930914176e-06
54.1714248093063,2.755265316980621e-06
54.2214248093063,2.741205390920767e-06
54.271424809306296,2.7272528109086477e-06
54.32142480930629,2.713406486953564e-06
54.37142480930629,2.699665342864443e-06
54.42142480930629,2.686028316040719e-06
54.471424809306285,2.6724943572669014e-06
54.52142480930628,2.6590624305107587e-06
54.57142480930628,2.6457315127250406e-06
54.621424809306276,2.632500593652672e-06
54.671424809306274,2.6193686756353508e-06
54.72142480930627,2.606334773425473e-06
54.77142480930627,2.5933979140013293e-06
54.821424809306265,2.580557136385507e-06
54.87142480930626,2.5678114914664226e-06
54.92142480930626,2.55516004182294e-06
54.97142480930626,2.5426018615520028e-06
55.021424809306254,2.5301360360992223e-06
55.07142480930625,2.517761662092367e-06
55.12142480930625,2.5054778471777e-06
55.171424809306245,2.493283709859093e-06
55.22142480930624,2.4811783793398856e-06
55.27142480930624,2.4691609953674214e-06
55.32142480930624,2.4572307080802093e-06
55.371424809306234,2.4453866778576685e-06
55.42142480930623,2.4336280751724e-06
55.47142480930623,2.4219540804449398e-06
55.521424809306225,2.410363883900939e-06
55.57142480930622,2.398856685430741e-06
55.62142480930622,2.387431694451288e-06
55.67142480930622,2.376088129770333e-06
55.721424809306214,2.364825219452898e-06
55.77142480930621,2.3536422006899464e-06
55.82142480930621,2.342538319669223e-06
55.871424809306205,2.3315128314482207e-06
55.9214248093062,2.320564999829236e-06
55.9714248093062,2.3096940972364714e-06
56.0214248093062,2.298899404595151e-06
56.071424809306194,2.288180211212605e-06
56.12142480930619,2.277535814661296e-06
56.17142480930619,2.266965520663737e-06
56.221424809306185,2.256468642979285e-06
56.27142480930618,2.2460445032927544e-06
56.32142480930618,2.2356924311048345e-06
56.37142480930618,2.225411763624267e-06
56.421424809306174,2.2152018456617583e-06
56.47142480930617,2.205062029525587e-06
56.52142480930617,2.194991674918883e-06
56.571424809306166,2.1849901488385453e-06
56.62142480930616,2.175056825475764e-06
56.67142480930616,2.165191086118127e-06
56.72142480930616,2.155392319053273e-06
56.771424809306154,2.145659919474071e-06
56.82142480930615,2.135993289385289e-06
56.87142480930615,2.1263918375117396e-06
56.921424809306146,2.1168549792078575e-06
56.97142480930614,2.1073821363687028e-06
57.02142480930614,2.097972737342348e-06
57.07142480930614,2.0886262168436342e-06
57.121424809306134,2.07934201586927e-06
57.17142480930613,2.0701195816142442e-06
57.22142480930613,2.0609583673895387e-06
57.271424809306126,2.0518578325411093e-06
57.32142480930612,2.0428174423701162e-06
57.37142480930612,2.0338366680543833e-06
57.42142480930612,2.0249149865710622e-06
57.471424809306114,2.016051880620482e-06
57.52142480930611,2.007246838551163e-06
57.57142480930611,1.998499354285972e-06
57.621424809306106,1.9898089272494036e-06
57.6714248093061,1.9811750622959674e-06
57.7214248093061,1.972597269639655e-06
57.7714248093061,1.9640750647844797e-06
57.821424809306095,1.9556079684560604e-06
57.87142480930609,1.947195506534237e-06
57.92142480930609,1.9388372099866957e-06
57.971424809306086,1.9305326148035945e-06
58.02142480930608,1.9222812619331617e-06
58.07142480930608,1.914082697218259e-06
58.12142480930608,1.9059364713338852e-06
58.171424809306075,1.8978421397256154e-06
58.22142480930607,1.8897992625489476e-06
58.27142480930607,1.881807404609549e-06
58.321424809306066,1.8738661353043862e-06
58.37142480930606,1.865975028563721e-06
58.42142480930606,1.8581336627939606e-06
58.47142480930606,1.850341620821346e-06
58.521424809306055,1.8425984898364644e-06
58.57142480930605,1.8349038613395756e-06
58.62142480930605,1.8272573310867321e-06
58.671424809306046,1.8196584990366855e-06
58.72142480930604,1.8121069692985636e-06
58.77142480930604,1.804602350080306e-06
58.82142480930604,1.7971442536378461e-06
58.871424809306035,1.7897322962250247e-06
58.92142480930603,1.7823660980442275e-06
58.97142480930603,1.7750452831977318e-06
59.021424809306026,1.7677694796397485e-06
59.07142480930602,1.7605383191291546e-06
59.12142480930602,1.753351437182899e-06
59.17142480930602,1.7462084730300718e-06
59.221424809306015,1.7391090695666292e-06
59.27142480930601,1.7320528733107609e-06
59.32142480930601,1.7250395343588877e-06
59.371424809306006,1.718068706342285e-06
59.421424809306004,1.711140046384316e-06
59.471424809306,1.7042532150582684e-06
59.521424809306,1.6974078763457832e-06
59.571424809305995,1.690603697595868e-06
59.62142480930599,1.6838403494844813e-06
59.67142480930599,1.6771175059746864e-06
59.72142480930599,1.6704348442773564e-06
59.771424809305984,1.663792044812427e-06
59.82142480930598,1.657188791170691e-06
59.87142480930598,1.6506247700761173e-06
59.921424809305975,1.644099671348696e-06
59.97142480930597,1.6376131878677917e-06
60.02142480930597,1.6311650155360073e-06
60.07142480930597,1.6247548532435403e-06
60.121424809305964,1.6183824028330304e-06
60.17142480930596,1.6120473690648882e-06
60.22142480930596,1.6057494595830993e-06
60.271424809305955,1.5994883848814925e-06
60.32142480930595,1.5932638582704706e-06
60.37142480930595,1.5870755958441879e-06
60.42142480930595,1.5809233164481832e-06
60.471424809305944,1.5748067416474389e-06
60.52142480930594,1.5687255956948807e-06
60.57142480930594,1.562679605500298e-06
60.621424809305935,1.5566685005996855e-06
60.67142480930593,1.5506920131249924e-06
60.72142480930593,1.5447498777742832e-06
60.77142480930593,1.5388418317822913e-06
60.821424809305924,1.5329676148913747e-06
60.87142480930592,1.5271269693228467e-06
60.92142480930592,1.5213196397487025e-06
60.971424809305915,1.5155453732637088e-06
61.02142480930591,1.5098039193578732e-06
61.07142480930591,1.5040950298892683e-06
61.12142480930591,1.4984184590572269e-06
61.171424809305904,1.4927739633758766e-06
61.2214248093059,1.4871613016480364e-06
61.2714248093059,1.4815802349394436e-06
61.321424809305896,1.476030526553331e-06
61.37142480930589,1.4705119420053232e-06
61.42142480930589,1.4650242489986754e-06
61.47142480930589,1.459567217399821e-06
61.521424809305884,1.4541406192142494e-06
61.57142480930588,1.4487442285626864e-06
61.62142480930588,1.4433778216575952e-06
61.671424809305876,1.4380411767799673e-06
61.72142480930587,1.4327340742564284e-06
61.77142480930587,1.4274562964366255e-06
61.82142480930587,1.422207627670917e-06
61.871424809305864,1.4169878542883393e-06
61.92142480930586,1.4117967645748634e-06
61.97142480930586,1.4066341487519251e-06
62.021424809305856,1.4014997989552335e-06
62.07142480930585,1.3963935092138436e-06
62.12142480930585,1.391315075429504e-06
62.17142480930585,1.3862642953562567e-06
62.221424809305844,1.3812409685803071e-06
62.27142480930584,1.3762448965001372e-06
62.32142480930584,1.3712758823068797e-06
62.371424809305836,1.3663337309649329e-06
62.42142480930583,1.361418249192825e-06
62.47142480930583,1.3565292454443136e-06
62.52142480930583,1.3516665298897288e-06
62.571424809305825,1.3468299143975414e-06
62.62142480930582,1.3420192125161718e-06
62.67142480930582,1.3372342394560147e-06
62.721424809305816,1.3324748120716997e-06
62.77142480930581,1.3277407488445605e-06
62.82142480930581,1.3230318698653324e-06
62.87142480930581,1.3183479968170547e-06
62.921424809305805,1.3136889529581945e-06
62.9714248093058,1.3090545631059673e-06
63.0214248093058,1.304444653619876e-06
63.071424809305796,1.2998590523854393e-06
63.12142480930579,1.295297588798133e-06
63.17142480930579,1.2907600937475159e-06
63.22142480930579,1.2862463996015602e-06
63.271424809305785,1.2817563401911658e-06
63.32142480930578,1.2772897507948692e-06
63.37142480930578,1.2728464681237334e-06
63.421424809305776,1.2684263303064265e-06
63.47142480930577,1.2640291768744769e-06
63.52142480930577,1.2596548487477102e-06
63.57142480930577,1.2553031882198607e-06
63.621424809305765,1.2509740389443573e-06
63.67142480930576,1.2466672459202788e-06
63.72142480930576,1.2423826554784826e-06
63.771424809305756,1.238120115267893e-06
63.82142480930575,1.2338794742419628e-06
63.87142480930575,1.229660582645286e-06
63.92142480930575,1.2254632920003829e-06
63.971424809305745,1.2212874550946303e-06
64.02142480930574,1.2171329259673587e-06
64.07142480930574,1.2129995598970929e-06
64.12142480930574,1.2088872133889523e-06
64.17142480930573,1.2047957441621936e-06
64.22142480930573,1.2007250111379075e-06
64.27142480930573,1.1966748744268528e-06
64.32142480930573,1.1926451953174427e-06
64.37142480930572,1.1886358362638642e-06
64.42142480930572,1.1846466608743435e-06
64.47142480930572,1.1806775338995444e-06
64.52142480930571,1.1767283212211063e-06
64.57142480930571,1.1727988898403123e-06
64.62142480930571,1.1688891078668932e-06
64.6714248093057,1.1649988445079586e-06
64.7214248093057,1.161127970057061e-06
64.7714248093057,1.1572763558833804e-06
64.8214248093057,1.1534438744210422e-06
64.8714248093057,1.149630399158551e-06
64.92142480930569,1.1458358046283534e-06
64.97142480930569,1.142059966396514e-06
65.02142480930569,1.1383027610525179e-06
65.07142480930568,1.1345640661991838e-06
65.12142480930568,1.1308437604426981e-06
65.17142480930568,1.1271417233827577e-06
65.22142480930567,1.1234578356028329e-06
65.27142480930567,1.1197919786605321e-06
65.32142480930567,1.1161440350780864e-06
65.37142480930567,1.112513888332934e-06
65.42142480930566,1.1089014228484178e-06
65.47142480930566,1.1053065239845833e-06
65.52142480930566,1.1017290780290871e-06
65.57142480930565,1.0981689721882e-06
65.62142480930565,1.094626094577921e-06
65.67142480930565,1.0911003342151821e-06
65.72142480930565,1.0875915810091607e-06
65.77142480930564,1.0840997257526825e-06
65.82142480930564,1.0806246601137268e-06
65.87142480930564,1.0771662766270211e-06
65.92142480930563,1.0737244686857352e-06
65.97142480930563,1.0702991305332646e-06
66.02142480930563,1.0668901572551065e-06
66.07142480930563,1.0634974447708255e-06
66.12142480930562,1.0601208898261111e-06
66.17142480930562,1.0567603899849193e-06
66.22142480930562,1.053415843621705e-06
66.27142480930561,1.0500871499137376e-06
66.32142480930561,1.0467742088335045e-06
66.37142480930561,1.0434769211411933e-06
66.4214248093056,1.040195188377263e-06
66.4714248093056,1.0369289128550919e-06
66.5214248093056,1.0336779976537088e-06
66.5714248093056,1.0304423466106023e-06
66.6214248093056,1.0272218643146105e-06
66.67142480930559,1.0240164560988863e-06
66.72142480930559,1.0208260280339417e-06
66.77142480930559,1.0176504869207648e-06
66.82142480930558,1.0144897402840157e-06
66.87142480930558,1.0113436963652915e-06
66.92142480930558,1.0082122641164693e-06
66.97142480930557,1.0050953531931162e-06
67.02142480930557,1.0019928739479753e-06
67.07142480930557,9.989047374245173e-07
67.12142480930557,9.95830855350566e-07
67.17142480930556,9.927711401319893e-07
67.22142480930556,9.897255048464587e-07
67.27142480930556,9.866938632372756e-07
67.32142480930555,9.83676129707266e-07
67.37142480930555,9.806722193127355e-07
67.42142480930555,9.77682047757494e-07
67.47142480930555,9.747055313869405e-07
67.52142480930554,9.717425871822135e-07
67.57142480930554,9.687931327544e-07
67.62142480930554,9.658570863388112e-07
67.67142480930553,9.629343667893122e-07
67.72142480930553,9.600248935727185e-07
67.77142480930553,9.571285867632456e-07
67.82142480930553,9.542453670370228e-07
67.87142480930552,9.513751556666581e-07
67.92142480930552,9.485178745158684e-07
67.97142480930552,9.456734460341574e-07
68.02142480930551,9.428417932515569e-07
68.07142480930551,9.400228397734173e-07
68.12142480930551,9.372165097752567e-07
68.1714248093055,9.344227279976606e-07
68.2214248093055,9.316414197412377e-07
68.2714248093055,9.288725108616248e-07
68.3214248093055,9.261159277645476e-07
68.3714248093055,9.233715974009281e-07
68.42142480930549,9.206394472620474e-07
68.47142480930549,9.17919405374754e-07
68.52142480930549,9.152114002967261e-07
68.57142480930548,9.125153611117783e-07
68.62142480930548,9.098312174252206e-07
68.67142480930548,9.071588993592616e-07
68.72142480930547,9.044983375484623e-07
68.77142480930547,9.018494631352326e-07
68.82142480930547,8.992122077653786e-07
68.87142480930547,8.965865035836909e-07
68.92142480930546,8.939722832295803e-07
68.97142480930546,8.913694798327583e-07
69.02142480930546,8.887780270089597e-07
69.07142480930546,8.861978588557108e-07
69.12142480930545,8.836289099481387e-07
69.17142480930545,8.810711153348248e-07
69.22142480930545,8.785244105336975e-07
69.27142480930544,8.759887315279709e-07
69.32142480930544,8.734640147621187e-07
69.37142480930544,8.70950197137895e-07
69.42142480930544,8.684472160103882e-07
69.47142480930543,8.659550091841219e-07
69.52142480930543,8.634735149091879e-07
69.57142480930543,8.61002671877424e-07
69.62142480930542,8.585424192186248e-07
69.67142480930542,8.560926964967946e-07
69.72142480930542,8.536534437064349e-07
69.77142480930542,8.512246012688703e-07
69.82142480930541,8.488061100286099e-07
69.87142480930541,8.463979112497462e-07
69.9214248093054,8.439999466123879e-07
69.9714248093054,8.4161215820913e-07
70.0214248093054,8.392344885415569e-07
70.0714248093054,8.36866880516782e-07
70.1214248093054,8.345092774440191e-07
70.17142480930539,8.321616230311902e-07
70.22142480930539,8.298238613815636e-07
70.27142480930539,8.274959369904291e-07
70.32142480930538,8.251777947418002e-07
70.37142480930538,8.228693799051555e-07
70.42142480930538,8.205706381322044e-07
70.47142480930538,8.182815154536916e-07
70.52142480930537,8.160019582762267e-07
70.57142480930537,8.137319133791496e-07
70.62142480930537,8.114713279114218e-07
70.67142480930536,8.092201493885528e-07
70.72142480930536,8.06978325689551e-07
70.77142480930536,8.047458050539094e-07
70.82142480930536,8.025225360786158e-07
70.87142480930535,8.003084677151952e-07
70.92142480930535,7.981035492667789e-07
70.97142480930535,7.959077303852029e-07
71.02142480930534,7.937209610681327e-07
71.07142480930534,7.915431916562183e-07
71.12142480930534,7.893743728302728e-07
71.17142480930534,7.872144556084824e-07
71.22142480930533,7.850633913436388e-07
71.27142480930533,7.829211317204018e-07
71.32142480930533,7.807876287525836e-07
71.37142480930532,7.786628347804655e-07
71.42142480930532,7.76546702468132e-07
71.47142480930532,7.744391848008384e-07
71.52142480930532,7.723402350823955e-07
71.57142480930531,7.702498069325864e-07
71.62142480930531,7.681678542846023e-07
71.67142480930531,7.660943313825054e-07
71.7214248093053,7.640291927787142e-07
71.7714248093053,7.619723933315142e-07
71.8214248093053,7.599238882025898e-07
71.8714248093053,7.578836328545818e-07
71.9214248093053,7.558515830486657e-07
71.97142480930529,7.538276948421542e-07
72.02142480930529,7.518119245861204e-07
72.07142480930528,7.498042289230472e-07
72.12142480930528,7.478045647844916e-07
72.17142480930528,7.45812889388779e-07
72.22142480930528,7.438291602387122e-07
72.27142480930527,7.41853335119306e-07
72.32142480930527,7.398853720955404e-07
72.37142480930527,7.379252295101363e-07
72.42142480930526,7.359728659813498e-07
72.47142480930526,7.340282404007898e-07
72.52142480930526,7.320913119312521e-07
72.57142480930526,7.301620400045776e-07
72.62142480930525,7.28240384319526e-07
72.67142480930525,7.263263048396723e-07
72.72142480930525,7.244197617913215e-07
72.77142480930524,7.225207156614419e-07
72.82142480930524,7.20629127195618e-07
72.87142480930524,7.187449573960223e-07
72.92142480930524,7.168681675194045e-07
72.97142480930523,7.149987190751008e-07
73.02142480930523,7.131365738230592e-07
73.07142480930523,7.112816937718859e-07
73.12142480930522,7.09434041176905e-07
73.17142480930522,7.075935785382406e-07
73.22142480930522,7.057602685989128e-07
73.27142480930522,7.039340743429525e-07
73.32142480930521,7.02114958993533e-07
73.37142480930521,7.003028860111183e-07
73.42142480930521,6.984978190916281e-07
73.4714248093052,6.966997221646201e-07
73.5214248093052,6.949085593914869e-07
73.5714248093052,6.931242951636715e-07
73.6214248093052,6.913468941008963e-07
73.6714248093052,6.895763210494102e-07
73.72142480930519,6.878125410802494e-07
73.77142480930519,6.860555194875162e-07
73.82142480930519,6.843052217866697e-07
73.87142480930518,6.825616137128358e-07
73.92142480930518,6.80824661219129e-07
73.97142480930518,6.790943304749904e-07
74.02142480930517,6.773705878645408e-07
74.07142480930517,6.75653399984948e-07
74.12142480930517,6.739427336448079e-07
74.17142480930517,6.722385558625416e-07
74.22142480930516,6.70540833864805e-07
74.27142480930516,6.688495350849136e-07
74.32142480930516,6.6716462716128e-07
74.37142480930515,6.654860779358668e-07
