507.4282901251797,0.011106473895193087
507.52829012517975,0.011142126066168972
507.6282901251798,0.011177948617614128
507.7282901251798,0.011213942626730065
507.8282901251798,0.011250109179161485
507.92829012517984,0.011286449369075004
508.02829012517986,0.011322964299238694
508.1282901251799,0.011359655081102546
508.2282901251799,0.01139652283487973
508.32829012517993,0.011433568689628791
508.42829012517996,0.011470793783336692
508.52829012518,0.011508199263002795
508.62829012518,0.011545786284723723
508.72829012518,0.011583556013779169
508.82829012518005,0.01162150962471864
508.92829012518007,0.01165964830144911
509.0282901251801,0.011697973237323689
509.1282901251801,0.011736485635231206
509.22829012518014,0.011775186707686817
509.32829012518016,0.01181407767692359
509.4282901251802,0.011853159774985082
509.5282901251802,0.011892434243818953
509.62829012518023,0.011931902335371615
509.72829012518025,0.011971565311683911
509.8282901251803,0.012011424444987852
509.9282901251803,0.01205148101780445
510.0282901251803,0.012091736323042584
510.12829012518034,0.012132191664099018
510.22829012518037,0.012172848354959501
510.3282901251804,0.012213707720300983
510.4282901251804,0.012254771095595016
510.52829012518043,0.012296039827212245
510.62829012518046,0.01233751527252811
510.7282901251805,0.012379198800029734
510.8282901251805,0.012421091789423971
510.9282901251805,0.01246319563174672
511.02829012518055,0.012505511729473411
511.12829012518057,0.012548041496630776
511.2282901251806,0.012590786358909867
511.3282901251806,0.012633747753780343
511.42829012518064,0.012676927130606063
511.52829012518066,0.01272032595076198
511.6282901251807,0.012763945687752349
511.7282901251807,0.012807787827330289
511.82829012518073,0.012851853867618722
511.92829012518075,0.012896145319232648
512.0282901251808,0.01294066370540286
512.1282901251808,0.01298541056210102
512.2282901251808,0.013030387438166223
512.3282901251808,0.01307559589543295
512.4282901251809,0.013121037508860555
512.5282901251809,0.013166713866664192
512.6282901251809,0.013212626570447236
512.7282901251809,0.013258777235335285
512.828290125181,0.013305167490111666
512.928290125181,0.013351798977354504
513.028290125181,0.013398673353575419
513.128290125181,0.013445792289359774
513.228290125181,0.013493157469508582
513.3282901251811,0.013540770593182068
513.4282901251811,0.01358863337404488
513.5282901251811,0.013636747540413005
513.6282901251811,0.013685114835402414
513.7282901251812,0.013733737017079398
513.8282901251812,0.013782615858612715
513.9282901251812,0.013831753148427498
514.0282901251812,0.013881150690360958
514.1282901251813,0.013930810303819957
514.2282901251813,0.013980733823940383
514.3282901251813,0.014030923101748442
514.4282901251813,0.014081380004323855
514.5282901251813,0.014132106414964946
514.6282901251814,0.014183104233355764
514.7282901251814,0.014234375375735075
514.8282901251814,0.014285921775067469
514.9282901251814,0.01433774538121644
515.0282901251815,0.014389848161119542
515.1282901251815,0.014442232098965661
515.2282901251815,0.014494899196374346
515.3282901251815,0.014547851472577353
515.4282901251815,0.014601090964602315
515.5282901251816,0.014654619727458653
515.6282901251816,0.014708439834325685
515.7282901251816,0.014762553376743044
515.8282901251816,0.014816962464803345
515.9282901251817,0.014871669227347202
516.0282901251817,0.014926675812160619
516.1282901251817,0.014981984386174728
516.2282901251817,0.015037597135668013
516.3282901251818,0.015093516266470904
516.4282901251818,0.01514974400417295
516.5282901251818,0.01520628259433245
516.6282901251818,0.01526313430268867
516.7282901251818,0.015320301415376675
516.8282901251819,0.01537778623914472
516.9282901251819,0.015435591101574383
517.0282901251819,0.015493718351303346
517.1282901251819,0.015552170358250952
517.228290125182,0.015610949513846518
517.328290125182,0.015670058231260456
517.428290125182,0.015729498945638264
517.528290125182,0.015789274114337414
517.628290125182,0.01584938621716715
517.7282901251821,0.01590983775663128
517.8282901251821,0.015970631258174012
517.9282901251821,0.01603176927042875
518.0282901251821,0.016093254365470107
518.1282901251822,0.016155089139069007
518.2282901251822,0.01621727621095095
518.3282901251822,0.016279818225057592
518.4282901251822,0.016342717849811488
518.5282901251823,0.01640597777838427
518.6282901251823,0.016469600728968123
518.7282901251823,0.016533589445050716
518.8282901251823,0.016597946695693606
518.9282901251823,0.016662675275814092
519.0282901251824,0.01672777800647074
519.1282901251824,0.016793257735152427
519.2282901251824,0.016859117336071112
519.3282901251824,0.01692535971045833
519.4282901251825,0.01699198778686539
519.5282901251825,0.017059004521467483
519.6282901251825,0.01712641289837163
519.7282901251825,0.01719421592992857
519.8282901251825,0.017262416657048644
519.9282901251826,0.017331018149521732
520.0282901251826,0.01740002350634129
520.1282901251826,0.017469435856032573
520.2282901251826,0.017539258356985065
520.3282901251827,0.017609494197789198
520.4282901251827,0.017680146597577467
520.5282901251827,0.01775121880636987
520.6282901251827,0.017822714105423916
520.7282901251828,0.017894635807589116
520.8282901251828,0.017966987257666114
520.9282901251828,0.018039771832770484
521.0282901251828,0.018112992942701252
521.1282901251828,0.018186654030314265
521.2282901251829,0.018260758571900414
521.3282901251829,0.018335310077568823
521.4282901251829,0.018410312091635062
521.5282901251829,0.01848576819301449
521.628290125183,0.018561681995620683
521.728290125183,0.01863805714876924
521.828290125183,0.018714897337586807
521.928290125183,0.018792206283425573
522.028290125183,0.018869987744283258
522.1282901251831,0.018948245515228584
522.2282901251831,0.01902698342883251
522.3282901251831,0.019106205355605123
522.4282901251831,0.019185915204438377
522.5282901251832,0.01926611692305475
522.6282901251832,0.019346814498461852
522.7282901251832,0.01942801195741316
522.8282901251832,0.019509713366874893
522.9282901251833,0.019591922834499176
523.0282901251833,0.019674644509103584
523.1282901251833,0.019757882581157057
523.2282901251833,0.019841641283272454
523.3282901251833,0.019925924890705733
523.4282901251834,0.020010737721861842
523.5282901251834,0.02009608413880751
523.6282901251834,0.020181968547791005
523.7282901251834,0.02026839539976885
523.8282901251835,0.020355369190939842
523.9282901251835,0.020442894463286232
524.0282901251835,0.02053097580512238
524.1282901251835,0.020619617851650854
524.2282901251835,0.020708825285526138
524.3282901251836,0.020798602837426076
524.4282901251836,0.020888955286631202
524.5282901251836,0.02097988746161196
524.6282901251836,0.021071404240624078
524.7282901251837,0.021163510552312106
524.8282901251837,0.021256211376321305
524.9282901251837,0.021349511743917998
525.0282901251837,0.02144341673861852
525.1282901251838,0.02153793149682692
525.2282901251838,0.021633061208481418
525.3282901251838,0.021728811117710002
525.4282901251838,0.021825186523495056
525.5282901251838,0.021922192780347294
525.6282901251839,0.022019835298989127
525.7282901251839,0.02211811954704761
525.8282901251839,0.02221705104975702
525.9282901251839,0.022316635390671392
526.028290125184,0.022416878212387033
526.128290125184,0.02251778521727521
526.228290125184,0.022619362168225184
526.328290125184,0.022721614889397702
526.428290125184,0.022824549266989184
526.5282901251841,0.022928171250006724
526.6282901251841,0.023032486851054065
526.7282901251841,0.0231375021471288
526.8282901251841,0.023243223280430794
526.9282901251842,0.02334965645918226
527.0282901251842,0.023456807958459457
527.1282901251842,0.02356468412103627
527.2282901251842,0.02367329135823993
527.3282901251843,0.0237826361508189
527.4282901251843,0.023892725049823278
527.5282901251843,0.024003564677497854
527.6282901251843,0.024115161728188
527.7282901251843,0.024227522969258595
527.8282901251844,0.024340655242026322
527.9282901251844,0.02445456546270526
528.0282901251844,0.024569260623366337
528.1282901251844,0.024684747792910595
528.2282901251845,0.024801034118056602
528.3282901251845,0.024918126824342263
528.4282901251845,0.025036033217141138
528.5282901251845,0.02515476068269362
528.6282901251845,0.025274316689153184
528.7282901251846,0.02539470878764792
528.8282901251846,0.02551594461335756
528.9282901251846,0.025638031886606363
529.0282901251846,0.02576097841397203
529.1282901251847,0.02588479208941085
529.2282901251847,0.026009480895399544
529.3282901251847,0.026135052904093778
529.4282901251847,0.02626151627850395
529.5282901251848,0.026388879273688225
529.6282901251848,0.026517150237963274
529.7282901251848,0.026646337614132976
529.8282901251848,0.02677644994073536
529.9282901251848,0.026907495853308008
530.0282901251849,0.027039484085672423
530.1282901251849,0.02717242347123739
530.2282901251849,0.027306322944321882
530.3282901251849,0.02744119154149771
530.428290125185,0.027577038402952243
530.528290125185,0.02771387277387157
530.628290125185,0.02785170400584437
530.728290125185,0.027990541558286907
530.828290125185,0.02813039499988945
530.9282901251851,0.02827127401008444
531.0282901251851,0.02841318838053683
531.1282901251851,0.02855614801665693
531.2282901251851,0.02870016293913606
531.3282901251852,0.028845243285505508
531.4282901251852,0.028991399311719093
531.5282901251852,0.029138641393759702
531.6282901251852,0.029286980029270316
531.7282901251853,0.02943642583920971
531.8282901251853,0.029586989569533522
531.9282901251853,0.029738682092900807
532.0282901251853,0.02989151441040672
532.1282901251853,0.030045497653341687
532.2282901251854,0.03020064308497742
532.3282901251854,0.030356962102380335
532.4282901251854,0.03051446623825281
532.5282901251854,0.03067316716280262
532.6282901251855,0.030833076685641198
532.7282901251855,0.030994206757711022
532.8282901251855,0.031156569473242756
532.9282901251855,0.03132017707174255
533.0282901251855,0.031485041940009964
533.1282901251856,0.031651176614187176
533.2282901251856,0.0318185937818398
533.3282901251856,0.03198730628406997
533.4282901251856,0.032157327117662185
533.5282901251857,0.03232866943726242
533.6282901251857,0.03250134655759109
533.7282901251857,0.0326753719556905
533.8282901251857,0.03285075927320711
533.9282901251858,0.033027522318709514
534.0282901251858,0.0332056750700425
534.1282901251858,0.03338523167671778
534.2282901251858,0.03356620646234223
534.3282901251858,0.03374861392708391
534.4282901251859,0.033932468750176824
534.5282901251859,0.034117785792464814
534.6282901251859,0.034304580098985384
534.7282901251859,0.03449286690159403
534.828290125186,0.0346826616216298
534.928290125186,0.034873979872622696
535.028290125186,0.03506683746304372
535.128290125186,0.03526125039909812
535.228290125186,0.03545723488756265
535.3282901251861,0.03565480733866763
535.4282901251861,0.03585398436902427
535.5282901251861,0.03605478280459839
535.6282901251861,0.03625721968373093
535.7282901251862,0.03646131226020632
535.8282901251862,0.036667078006369244
535.9282901251862,0.03687453461629081
536.0282901251862,0.0370837000089847
536.1282901251863,0.037294592331674425
536.2282901251863,0.03750722996311213
536.3282901251863,0.0377216315169502
536.4282901251863,0.03793781584516618
536.5282901251863,0.0381558020415421
536.6282901251864,0.03837560944519899
536.7282901251864,0.03859725764418748
536.8282901251864,0.03882076647913549
536.9282901251864,0.03904615604695372
537.0282901251865,0.039273446704600146
537.1282901251865,0.03950265907290427
537.2282901251865,0.03973381404045212
537.3282901251865,0.039966932767533055
537.4282901251865,0.040202036690149316
537.5282901251866,0.04043914752408922
537.6282901251866,0.04067828726906525
537.7282901251866,0.040919478212917804
537.8282901251866,0.04116274293588581
537.9282901251867,0.0414081043149453
538.0282901251867,0.041655585528216785
538.1282901251867,0.04190521005944273
538.2282901251867,0.04215700170253624
538.3282901251868,0.04241098456620177
538.4282901251868,0.042667183078629455
538.5282901251868,0.042925621992263636
538.6282901251868,0.043186326388647285
538.7282901251868,0.04344932168334311
538.8282901251869,0.0437146336309326
538.9282901251869,0.04398228833009428
539.0282901251869,0.04425231222876237
539.1282901251869,0.0445247321293669
539.228290125187,0.044799575194156706
539.328290125187,0.04507686895060646
539.428290125187,0.045356641296908855
539.528290125187,0.04563892050755356
539.628290125187,0.04592373523899367
539.7282901251871,0.04621111453540154
539.8282901251871,0.04650108783451469
539.9282901251871,0.04679368497357372
540.0282901251871,0.04708893619535285
540.1282901251872,0.04738687215428503
540.2282901251872,0.04768752392268248
540.3282901251872,0.04799092299705431
540.4282901251872,0.048297101304522326
540.5282901251873,0.048606091209336524
540.6282901251873,0.048917925519491555
540.7282901251873,0.04923263749344546
540.8282901251873,0.04955026084694222
540.9282901251873,0.049870829759939256
541.0282901251874,0.050194378883641304
541.1282901251874,0.05052094334764222
541.2282901251874,0.05085055876717569
541.3282901251874,0.05118326125047668
541.4282901251875,0.05151908740625451
541.5282901251875,0.051858074351279204
541.6282901251875,0.05220025971808249
541.7282901251875,0.052545681662774395
541.8282901251876,0.052894378872977425
541.9282901251876,0.053246390575878856
542.0282901251876,0.05360175654640309
542.1282901251876,0.05396051711550517
542.2282901251876,0.05432271317858638
542.3282901251877,0.054688386204033754
542.4282901251877,0.055057578241884335
542.5282901251877,0.055430331932615394
542.6282901251877,0.055806690516062095
542.7282901251878,0.056186697840463276
542.8282901251878,0.05657039837163697
542.9282901251878,0.05695783720228634
543.0282901251878,0.05734906006143723
543.1282901251878,0.05774411332400843
543.2282901251879,0.05814304402051538
543.3282901251879,0.05854589984690831
543.4282901251879,0.058952729174545866
543.5282901251879,0.059363581060304496
543.628290125188,0.05977850525682493
543.728290125188,0.060197552222895995
543.828290125188,0.06062077313397638
543.928290125188,0.06104821989285509
544.028290125188,0.061479945140450784
544.1282901251881,0.06191600226675027
544.2282901251881,0.062356445421886786
544.3282901251881,0.06280132952735756
544.4282901251881,0.06325071028738129
544.5282901251882,0.06370464420039512
544.6282901251882,0.06416318857069081
544.7282901251882,0.06462640152019002
544.8282901251882,0.06509434200035794
544.9282901251883,0.06556706980425485
545.0282901251883,0.06604464557872468
545.1282901251883,0.06652713083671943
545.2282901251883,0.06701458796975866
545.3282901251883,0.06750708026052252
545.4282901251884,0.0680046718955765
545.5282901251884,0.06850742797822683
545.6282901251884,0.06901541454150363
545.7282901251884,0.06952869856127045
545.8282901251885,0.07004734796945726
545.9282901251885,0.07057143166741403
546.0282901251885,0.07110101953938232
546.1282901251885,0.0716361824660813
546.2282901251886,0.0721769923384044
546.3282901251886,0.07272352207122298
546.4282901251886,0.07327584561729256
546.5282901251886,0.07383403798125668
546.6282901251886,0.07439817523374388
546.7282901251887,0.0749683345255517
546.8282901251887,0.07554459410191232
546.9282901251887,0.07612703331683297
547.0282901251887,0.07671573264750488
547.1282901251888,0.07731077370877289
547.2282901251888,0.07791223926765807
547.3282901251888,0.07852021325792508
547.4282901251888,0.07913478079468507
547.5282901251888,0.07975602818902439
547.6282901251889,0.08038404296264931
547.7282901251889,0.08101891386253539
547.8282901251889,0.08166073087556985
547.9282901251889,0.08230958524317514
548.028290125189,0.08296556947589957
548.128290125189,0.08362877736796193
548.228290125189,0.08429930401173476
548.328290125189,0.08497724581215049
548.428290125189,0.08566270050101411
548.5282901251891,0.08635576715120419
548.6282901251891,0.08705654619074395
548.7282901251891,0.08776513941672229
548.8282901251891,0.08848165000904396
548.9282901251892,0.08920618254398652
549.0282901251892,0.08993884300754086
549.1282901251892,0.09067973880851059
549.2282901251892,0.09142897879134386
549.3282901251893,0.09218667324867069
549.4282901251893,0.09295293393351588
549.5282901251893,0.093727874071158
549.6282901251893,0.09451160837060117
549.7282901251893,0.09530425303562647
549.8282901251894,0.09610592577538661
549.9282901251894,0.09691674581450692
550.0282901251894,0.09773683390265217
550.1282901251894,0.09856631232351862
550.2282901251895,0.09940530490320675
550.3282901251895,0.10025393701792927
550.4282901251895,0.10111233560100542
550.5282901251895,0.1019806291490919
550.6282901251896,0.10285894772759605
550.7282901251896,0.10374742297521654
550.8282901251896,0.10464618810755182
550.9282901251896,0.1055553779197161
551.0282901251896,0.10647512878789753
551.1282901251897,0.10740557866979153
551.2282901251897,0.10834686710383859
551.3282901251897,0.10929913520719231
551.4282901251897,0.11026252567234032
551.5282901251898,0.11123718276229703
551.6282901251898,0.11222325230428302
551.7282901251898,0.11322088168180294
551.8282901251898,0.11423021982502853
551.9282901251898,0.1152514171993901
552.0282901251899,0.11628462579227532
552.1282901251899,0.11732999909772908
552.2282901251899,0.11838769209904454
552.3282901251899,0.11945786124912963
552.42829012519,0.12054066444852908
552.52829012519,0.12163626102097637
552.62829012519,0.12274481168634507
552.72829012519,0.12386647853086337
552.82829012519,0.12500142497444958
552.9282901251901,0.12614981573502135
553.0282901251901,0.12731181678962472
553.1282901251901,0.1284875953322229
553.2282901251901,0.12967731972797852
553.3282901251902,0.13088115946385678
553.4282901251902,0.13209928509536964
553.5282901251902,0.13333186818927473
553.6282901251902,0.1345790812620352
553.7282901251903,0.1358410977138402
553.8282901251903,0.13711809175797776
553.9282901251903,0.13841023834534383
554.0282901251903,0.13971771308386524
554.1282901251903,0.14104069215260423
554.2282901251904,0.14237935221030656
554.3282901251904,0.14373387029814544
554.4282901251904,0.14510442373640584
554.5282901251904,0.14649119001484673
554.6282901251905,0.14789434667646784
554.7282901251905,0.1493140711944027
554.8282901251905,0.1507505408416476
554.9282901251905,0.15220393255333114
555.0282901251906,0.15367442278121818
555.1282901251906,0.15516218734013545
555.2282901251906,0.1566674012459968
555.3282901251906,0.1581902385450983
555.4282901251906,0.1597308721343463
555.5282901251907,0.1612894735720725
555.6282901251907,0.1628662128790841
555.7282901251907,0.16446125832958905
555.8282901251907,0.1660747762316299
555.9282901251908,0.1677069306966542
556.0282901251908,0.1693578833978429
556.1282901251908,0.17102779331681253
556.2282901251908,0.17271681647830417
556.3282901251908,0.17442510567246705
556.4282901251909,0.17615281016434142
556.5282901251909,0.17790007539014469
556.6282901251909,0.17966704263996244
556.7282901251909,0.18145384872644718
556.828290125191,0.183260625639128
556.928290125191,0.18508750018393827
557.028290125191,0.1869345936075716
557.128290125191,0.18880202120628328
557.228290125191,0.19068989191876176
557.3282901251911,0.1925983079027041
557.4282901251911,0.19452736409474142
557.5282901251911,0.1964771477533751
557.6282901251911,0.1984477379846002
557.7282901251912,0.20043920524991193
557.8282901251912,0.20245161085641403
557.9282901251912,0.20448500642877165
558.0282901251912,0.2065394333627813
558.1282901251913,0.20861492226036155
558.2282901251913,0.210711492345803
558.3282901251913,0.2128291508631582
558.4282901251913,0.21496789245469292
558.5282901251913,0.21712769852037012
558.6282901251914,0.21930853655839108
558.7282901251914,0.22151035948687386
558.8282901251914,0.22373310494681473
558.9282901251914,0.22597669458654376
559.0282901251915,0.228241033327962
559.1282901251915,0.23052600861492487
559.2282901251915,0.2328314896442236
559.3282901251915,0.23515732657970823
559.4282901251916,0.2375033497501927
559.5282901251916,0.2398693688318887
559.6282901251916,0.24225517201622623
559.7282901251916,0.24466052516403608
559.8282901251916,0.24708517094719654
559.9282901251917,0.24952882797897757
560.0282901251917,0.2519911899344558
560.1282901251917,0.2544719246625189
560.2282901251917,0.2569706732911338
560.3282901251918,0.25948704932770883
560.4282901251918,0.2620206377565512
560.5282901251918,0.264570994135591
560.6282901251918,0.26713764369472237
560.7282901251918,0.26972008043829815
560.8282901251919,0.2723177662545021
560.9282901251919,0.27493013003451827
561.0282901251919,0.27755656680461366
561.1282901251919,0.2801964368744519
561.228290125192,0.28284906500515744
561.328290125192,0.2855137396008552
561.428290125192,0.28818971192761167
561.528290125192,0.29087619536390824
561.628290125192,0.2935723646869764
561.7282901251921,0.29627735539951655
561.8282901251921,0.29899026310151766
561.9282901251921,0.3017101429120682
562.0282901251921,0.3044360089462274
562.1282901251922,0.3071668338521811
562.2282901251922,0.3099015484140534
562.3282901251922,0.3126390412258759
562.4282901251922,0.31537815844232425
562.5282901251923,0.3181177036119247
562.6282901251923,0.3208564375984943
562.7282901251923,0.32359307859662345
562.8282901251923,0.3263263022470131
562.9282901251923,0.32905474185746275
563.0282901251924,0.3317769887352443
563.1282901251924,0.3344915926365076
563.2282901251924,0.33719706233822505
563.3282901251924,0.3398918663380122
563.4282901251925,0.34257443368693596
563.5282901251925,0.3452431549601571
563.6282901251925,0.3478963833699384
563.7282901251925,0.3505324360251784
563.8282901251926,0.3531495953412193
563.9282901251926,0.3557461106031959
564.0282901251926,0.35832019968567796
564.1282901251926,0.36087005093076946
564.2282901251926,0.36339382518620134
564.3282901251927,0.36588965800426726
564.4282901251927,0.36835566200171416
564.5282901251927,0.37078992937991534
564.6282901251927,0.37319053460381996
564.7282901251928,0.3755555372372979
564.8282901251928,0.37788298493158556
564.9282901251928,0.38017091656258595
565.0282901251928,0.3824173655118016
565.1282901251928,0.38462036308467734
565.2282901251929,0.38677794205911115
565.3282901251929,0.388888140355868
565.4282901251929,0.3909490048216052
565.5282901251929,0.3929585951141986
565.628290125193,0.3949149876790586
565.728290125193,0.39681627980415063
565.828290125193,0.3986605937404957
565.928290125193,0.40044608087403477
566.028290125193,0.40217092593390497
566.1282901251931,0.4038333512214038
566.2282901251931,0.40543162084322726
566.3282901251931,0.4069640449319567
566.4282901251931,0.40842898383625653
566.5282901251932,0.409824852262835
566.6282901251932,0.4111501233519222
566.7282901251932,0.4124033326678362
566.8282901251932,0.4135830820861545
566.9282901251933,0.4146880435590783
567.0282901251933,0.4157169627407828
567.1282901251933,0.4166686624548873
567.2282901251933,0.4175420459866568
567.3282901251933,0.41833610018315504
567.4282901251934,0.4190498983453212
567.5282901251934,0.4196826028968121
567.6282901251934,0.42023346781546006
567.7282901251934,0.42070184081431167
567.8282901251935,0.42108716526044837
567.9282901251935,0.4213889818211209
568.0282901251935,0.4216069298281551
568.1282901251935,0.42174074835309033
568.2282901251936,0.4217902769870814
568.3282901251936,0.42175382262872196
568.4282901251936,0.42162915837831627
568.5282901251936,0.42141642572786164
568.6282901251936,0.42111589124711246
568.7282901251937,0.42072793084044136
568.8282901251937,0.42025302857388147
568.9282901251937,0.4196917751700222
569.0282901251937,0.41904486617946396
569.1282901251938,0.4183130998393454
569.2282901251938,0.4174973746311721
569.3282901251938,0.4165986865517715
569.4282901251938,0.4156181261126797
569.5282901251938,0.4145568750846019
569.6282901251939,0.4134162030047836
569.7282901251939,0.4121974634661698
569.8282901251939,0.4109020902081048
569.9282901251939,0.4095315930290447
570.028290125194,0.4080875535422985
570.128290125194,0.40657162079619646
570.228290125194,0.40498550678029993
570.328290125194,0.40333098183931837
570.428290125194,0.4016098700162985
570.5282901251941,0.3998240443463929
570.6282901251941,0.39797542212212084
570.7282901251941,0.3960659601505023
570.8282901251941,0.39409765002179103
570.9282901251942,0.3920725134087685
571.0282901251942,0.38999259741468967
571.1282901251942,0.3878599699870185
571.2282901251942,0.3856767154130565
571.3282901251943,0.38344492991247214
571.4282901251943,0.38116671734059315
571.5282901251943,0.378844185015136
571.6282901251943,0.3764794396778361
571.7282901251943,0.37407458360121376
571.8282901251944,0.37163171084948154
571.9282901251944,0.36915290370137016
572.0282901251944,0.3666402292414466
572.1282901251944,0.36409573612530804
572.2282901251945,0.3615214515228896
572.3282901251945,0.35891937824300957
572.4282901251945,0.35629149204121213
572.5282901251945,0.3536397391119551
572.6282901251946,0.3509660337652308
572.7282901251946,0.34827225628681435
572.8282901251946,0.34556025098049464
572.9282901251946,0.3428318243898746
573.0282901251946,0.3400887436966213
573.1282901251947,0.33733273529140845
573.2282901251947,0.3345654835132163
573.3282901251947,0.33178862955215166
573.4282901251947,0.329003770510499
573.5282901251948,0.3262124586163393
573.6282901251948,0.3234162005837425
573.7282901251948,0.32061645711328146
573.8282901251948,0.31781464252640185
573.9282901251948,0.3150121245270244
574.0282901251949,0.3122102240836487
574.1282901251949,0.309410215425161
574.2282901251949,0.30661332614352876
574.3282901251949,0.3038207373965802
574.428290125195,0.30103358420411985
574.528290125195,0.29825295583071554
574.628290125195,0.2954798962486025
574.728290125195,0.29271540467429197
574.828290125195,0.2899604361726283
574.9282901251951,0.2872159023222205
575.0282901251951,0.28448267193636895
575.1282901251951,0.281761571833817
575.2282901251951,0.2790533876538802
575.3282901251952,0.2763588647107332
575.4282901251952,0.2736787088818708
575.5282901251952,0.27101358752600274
575.6282901251952,0.2683641304258811
575.7282901251953,0.26573093075180876
575.8282901251953,0.26311454604181594
575.9282901251953,0.26051549919473876
576.0282901251953,0.2579342794726688
576.1282901251953,0.25537134350948054
576.2282901251954,0.2528271163223709
576.3282901251954,0.2503019923235701
576.4282901251954,0.24779633632959946
576.5282901251954,0.24531048456566323
576.6282901251955,0.24284474566296163
576.7282901251955,0.2403994016469087
576.8282901251955,0.23797470891442363
576.9282901251955,0.23557089919864277
577.0282901251956,0.23318818051956733
577.1282901251956,0.23082673811932458
577.2282901251956,0.22848673538086942
577.3282901251956,0.22616831472909976
577.4282901251956,0.2238715985134918
577.5282901251957,0.22159668987148892
577.6282901251957,0.219343673571997
577.7282901251957,0.21711261683844874
577.8282901251957,0.21490357015100342
577.9282901251958,0.21271656802754443
578.0282901251958,0.2105516297832241
578.1282901251958,0.2084087602683885
578.2282901251958,0.2062879505847903
578.3282901251958,0.20418917878006437
578.4282901251959,0.20211241052050632
578.5282901251959,0.20005759974225024
578.6282901251959,0.19802468928099334
578.7282901251959,0.19601361148046315
578.828290125196,0.19402428877986355
578.928290125196,0.1920566342805751
579.028290125196,0.19011055229241625
579.128290125196,0.18818593885980367
579.228290125196,0.18628268226817343
579.3282901251961,0.184400663531049
579.4282901251961,0.1825397568581587
579.5282901251961,0.1806998301050235
579.6282901251961,0.1788807452044483
579.7282901251962,0.17708235858035948
579.8282901251962,0.17530452154444315
579.9282901251962,0.17354708067604047
580.0282901251962,0.17180987818576487
580.1282901251963,0.17009275226330542
580.2282901251963,0.16839553740988356
580.3282901251963,0.166718064755829
580.4282901251963,0.16506016236373844
580.5282901251963,0.16342165551767837
580.6282901251964,0.16180236699888878
580.7282901251964,0.1602021173484398
580.8282901251964,0.15862072511728653
580.9282901251964,0.15705800710416148
581.0282901251965,0.15551377858173693
581.1282901251965,0.15398785351148045
581.2282901251965,0.15248004474761975
581.3282901251965,0.1509901642306234
581.4282901251966,0.1495180231705952
581.5282901251966,0.148063432220971
581.6282901251966,0.14662620164289578
581.7282901251966,0.14520614146065083
581.8282901251966,0.14380306160848996
581.9282901251967,0.142416772069233
582.0282901251967,0.14104708300495708
582.1282901251967,0.13969380488011318
582.2282901251967,0.13835674857738828
582.3282901251968,0.13703572550662127
582.4282901251968,0.13573054770707238
582.5282901251968,0.1344410279433354
582.6282901251968,0.1331669797951723
582.7282901251968,0.13190821774154082
582.8282901251969,0.130664557239076
582.9282901251969,0.12943581479527708
583.0282901251969,0.12822180803664282
583.1282901251969,0.1270223557719889
583.228290125197,0.125837278051173
583.328290125197,0.12466639621944428
583.428290125197,0.12350953296762561
583.528290125197,0.1223665123783298
583.628290125197,0.12123715996840222
583.7282901251971,0.12012130272777513
583.8282901251971,0.11901876915491189
583.9282901251971,0.11792938928901135
584.0282901251971,0.11685299473913674
584.1282901251972,0.11578941871042583
584.2282901251972,0.11473849602753305
584.3282901251972,0.1137000631554479
584.4282901251972,0.11267395821782789
584.5282901251973,0.11166002101297837
584.6282901251973,0.11065809302760574
584.7282901251973,0.10966801744846548
584.8282901251973,0.1086896391720207
584.9282901251973,0.10772280481222218
585.0282901251974,0.10676736270651555
585.1282901251974,0.10582316292017702
585.2282901251974,0.10489005724907412
585.3282901251974,0.10396789922094371
585.4282901251975,0.10305654409527536
585.5282901251975,0.10215584886188395
585.6282901251975,0.10126567223825146
585.7282901251975,0.10038587466571464
585.8282901251976,0.09951631830457107
585.9282901251976,0.0986568670281728
586.0282901251976,0.09780738641607387
586.1282901251976,0.09696774374629431
586.2282901251976,0.09613780798676058
586.3282901251977,0.09531744978597906
586.4282901251977,0.09450654146299707
586.5282901251977,0.09370495699670252
586.6282901251977,0.09291257201451131
586.7282901251978,0.09212926378048845
586.8282901251978,0.09135491118294768
586.9282901251978,0.09058939472157057
587.0282901251978,0.08983259649408559
587.1282901251979,0.0890844001825443
587.2282901251979,0.08834469103923019
587.3282901251979,0.08761335587223472
587.4282901251979,0.08689028303073165
587.5282901251979,0.08617536238998057
587.628290125198,0.08546848533608817
587.728290125198,0.08476954475055422
587.828290125198,0.0840784349946281
587.928290125198,0.08339505189349991
588.028290125198,0.08271929272034925
588.1282901251981,0.08205105618027275
588.2282901251981,0.08139024239411166
588.3282901251981,0.0807367528821973
588.4282901251981,0.08009049054803387
588.5282901251982,0.07945135966193445
588.6282901251982,0.07881926584462697
588.7282901251982,0.07819411605084463
588.8282901251982,0.07757581855291514
588.9282901251983,0.07696428292436218
589.0282901251983,0.07635942002353083
589.1282901251983,0.0757611419772495
589.2282901251983,0.07516936216453823
589.3282901251984,0.07458399520037451
589.4282901251984,0.07400495691952506
589.5282901251984,0.0734321643604533
589.6282901251984,0.07286553574931019
589.7282901251984,0.07230499048401602
589.8282901251985,0.07175044911844079
589.9282901251985,0.07120183334668895
590.0282901251985,0.07065906598749527
590.1282901251985,0.07012207096873696
590.2282901251986,0.06959077331206737
590.3282901251986,0.06906509911767592
590.4282901251986,0.06854497554917877
590.5282901251986,0.06803033081864387
590.6282901251986,0.0675210941717541
590.7282901251987,0.06701719587311193
590.8282901251987,0.06651856719168812
590.9282901251987,0.06602514038641769
591.0282901251987,0.06553684869194454
591.1282901251988,0.06505362630451805
591.2282901251988,0.06457540836804222
591.3282901251988,0.06410213096027967
591.4282901251988,0.0636337310792118
591.5282901251989,0.06317014662955575
591.6282901251989,0.06271131640943982
591.7282901251989,0.06225718009723723
591.8282901251989,0.061807678238559656
591.9282901251989,0.06136275223341013
592.028290125199,0.06092234432349622
592.128290125199,0.060486397579703054
592.228290125199,0.06005485588972635
592.328290125199,0.05962766394586547
592.428290125199,0.059204767232975644
592.5282901251991,0.05878611201657967
592.6282901251991,0.05837164533113783
592.7282901251991,0.05796131496847603
592.8282901251991,0.057555069466370914
592.9282901251992,0.05715285809729174
593.0282901251992,0.056754630857297476
593.1282901251992,0.056360338455088664
593.2282901251992,0.05596993230121288
593.3282901251993,0.05558336449742265
593.4282901251993,0.055200587826184686
593.5282901251993,0.05482155574033934
593.6282901251993,0.05444622235290898
593.7282901251994,0.0540745424270539
593.8282901251994,0.05370647136617464
593.9282901251994,0.05334196520415916
594.0282901251994,0.05298098059577353
594.1282901251994,0.052623474807194835
594.2282901251995,0.05226940570668451
594.3282901251995,0.05191873175540104
594.4282901251995,0.051571411998350185
594.5282901251995,0.051227406055471374
594.6282901251996,0.05088667411285866
594.7282901251996,0.050549176914114695
594.8282901251996,0.050214875751836335
594.9282901251996,0.04988373245922983
595.0282901251996,0.04955570940185465
595.1282901251997,0.04923076946949382
595.2282901251997,0.048908876068149525
595.3282901251997,0.04858999311216207
595.4282901251997,0.04827408501645104
595.5282901251998,0.04796111668887662
595.6282901251998,0.047651053522719616
595.7282901251998,0.04734386138927892
595.8282901251998,0.0470395066305842
595.9282901251999,0.04673795605222288
596.0282901251999,0.04643917691627933
596.1282901251999,0.04614313693438507
596.2282901251999,0.04584980426087809
596.3282901251999,0.045559147486070165
596.4282901252,0.0452711356296201
596.5282901252,0.04498573813401177
596.6282901252,0.044702924858135464
596.7282901252,0.044422666070970486
596.8282901252,0.04414493244536839
596.9282901252001,0.043869695051934436
597.0282901252001,0.04359692535300657
597.1282901252001,0.04332659519672996
597.2282901252001,0.043058676811225854
597.3282901252002,0.042793142798853406
597.4282901252002,0.04252996613056283
597.5282901252002,0.04226912014033869
597.6282901252002,0.04201057851973184
597.7282901252003,0.04175431531247869
597.8282901252003,0.04150030490920631
597.9282901252003,0.04124852204222234
598.0282901252003,0.04099894178038808
598.1282901252004,0.040751539524073475
598.2282901252004,0.04050629100019302
598.3282901252004,0.040263172257320866
598.4282901252004,0.040022159660884266
598.5282901252004,0.0397832298884338
598.6282901252005,0.039546359924989435
598.7282901252005,0.0393115270584609
598.8282901252005,0.03907870887514158
598.9282901252005,0.03884788325527434
599.0282901252006,0.03861902836868837
599.1282901252006,0.03839212267050591
599.2282901252006,0.03816714489691752
599.3282901252006,0.03794407406102511
599.4282901252006,0.03772288944875127
599.5282901252007,0.03750357061481407
599.6282901252007,0.037286097378766224
599.7282901252007,0.0370704498210975
599.8282901252007,0.03685660827939937
599.9282901252008,0.036644553344590866
600.0282901252008,0.036434265857204766
600.1282901252008,0.03622572690373285
600.2282901252008,0.03601891781302962
600.3282901252009,0.03581382015277311
600.4282901252009,0.035610415725982274
600.5282901252009,0.0354086865675896
600.6282901252009,0.03520861494106842
600.7282901252009,0.035010183335113694
600.828290125201,0.034813374460375614
600.928290125201,0.0346181712462451
601.028290125201,0.03442455683769009
601.128290125201,0.03423251459214231
601.228290125201,0.03404202807643304
601.3282901252011,0.033853081063777636
601.4282901252011,0.0336656575308076
601.5282901252011,0.033479741654649606
601.6282901252011,0.03329531781005073
601.7282901252012,0.03311237056654887
601.8282901252012,0.03293088468568798
601.9282901252012,0.032750845118277
602.0282901252012,0.03257223700169203
602.1282901252013,0.032395045657220886
602.2282901252013,0.03221925658744937
602.3282901252013,0.0320448554736886
602.4282901252013,0.03187182817344258
602.5282901252014,0.03170016071791559
602.6282901252014,0.03152983930955843
602.7282901252014,0.03136085031965314
602.8282901252014,0.03119318028593536
602.9282901252014,0.03102681591025385
603.0282901252015,0.030861744056266446
603.1282901252015,0.030697951747171867
603.2282901252015,0.030535426163476882
603.3282901252015,0.030374154640798044
603.4282901252016,0.030214124667697677
603.5282901252016,0.030055323883553243
603.6282901252016,0.02989774007645988
603.7282901252016,0.029741361181165202
603.8282901252016,0.029586175277036154
603.9282901252017,0.029432170586057137
604.0282901252017,0.02927933547085903
604.1282901252017,0.029127658432778557
604.2282901252017,0.02897712810994747
604.3282901252018,0.028827733275411105
604.4282901252018,0.028679462835275785
604.5282901252018,0.028532305826884603
604.6282901252018,0.02838625141702111
604.7282901252019,0.0282412889001405
604.8282901252019,0.028097407696627733
604.9282901252019,0.027954597351082265
605.0282901252019,0.027812847530628865
605.1282901252019,0.02767214802325412
605.228290125202,0.027532488736168235
605.328290125202,0.02739385969419162
605.428290125202,0.027256251038165993
605.528290125202,0.02711965302338948
605.628290125202,0.026984056018075298
605.7282901252021,0.02684945050183386
605.8282901252021,0.026715827064177564
605.9282901252021,0.026583176403048223
606.0282901252021,0.026451489323366554
606.1282901252022,0.02632075673560346
606.2282901252022,0.02619096965437273
606.3282901252022,0.026062119197044795
606.4282901252022,0.02593419658238122
606.5282901252023,0.02580719312918956
606.6282901252023,0.02568110025499829
606.7282901252023,0.025555909474751424
606.8282901252023,0.02543161239952263
606.9282901252024,0.025308200735248296
607.0282901252024,0.02518566628147952
607.1282901252024,0.025064000930152458
607.2282901252024,0.02494319666437696
607.3282901252024,0.024823245557243006
607.4282901252025,0.02470413977064476
607.5282901252025,0.024585871554121945
607.6282901252025,0.024468433243718283
607.7282901252025,0.024351817260856626
607.8282901252026,0.02423601611123063
607.9282901252026,0.024121022383712585
608.0282901252026,0.02400682874927733
608.1282901252026,0.02389342795994176
608.2282901252026,0.02378081284771983
608.3282901252027,0.023668976323592796
608.4282901252027,0.023557911376494337
608.5282901252027,0.023447611072310547
608.6282901252027,0.023338068552894276
608.7282901252028,0.023229277035093802
608.8282901252028,0.023121229809795526
608.9282901252028,0.0230139202409805
609.0282901252028,0.0229073417647945
609.1282901252029,0.022801487888631528
609.2282901252029,0.02269635219023043
609.3282901252029,0.022591928316784495
609.4282901252029,0.022488209984063822
609.528290125203,0.022385190975550223
609.628290125203,0.022282865141584462
609.728290125203,0.02218122639852566
609.828290125203,0.0220802687279227
609.928290125203,0.021979986175697387
610.0282901252031,0.021880372851339168
610.1282901252031,0.02178142292711135
610.2282901252031,0.021683130637268438
610.3282901252031,0.02158549027728466
610.4282901252031,0.02148849620309327
610.5282901252032,0.02139214283033665
610.6282901252032,0.02129642463362688
610.7282901252032,0.02120133614581676
610.8282901252032,0.02110687195728104
610.9282901252033,0.021013026715207696
611.0282901252033,0.020919795122899147
611.1282901252033,0.02082717193908317
611.2282901252033,0.02073515197723352
611.3282901252034,0.0206437301048999
611.4282901252034,0.02055290124304732
611.5282901252034,0.020462660365404596
611.6282901252034,0.02037300249782183
611.7282901252034,0.0202839227176369
611.8282901252035,0.020195416153050587
611.9282901252035,0.020107477982510363
612.0282901252035,0.020020103434102654
612.1282901252035,0.019933287784953506
612.2282901252036,0.019847026360637413
612.3282901252036,0.019761314534594298
612.4282901252036,0.019676147727554466
612.5282901252036,0.019591521406971367
612.6282901252036,0.019507431086462204
