507.4282901251797,0.010724676122944699
507.52829012517975,0.01097778318287472
507.6282901251798,0.011231835302384974
507.7282901251798,0.011486831330843286
507.8282901251798,0.011742770075149546
507.92829012517984,0.011999650299647606
508.02829012517986,0.012257470726041123
508.1282901251799,0.012516230033313279
508.2282901251799,0.01277592685765061
508.32829012517993,0.013036559792370825
508.42829012517996,0.013298127387854776
508.52829012518,0.013560628151482498
508.62829012518,0.013824060547573583
508.72829012518,0.014088422997331623
508.82829012518005,0.01435371387879307
508.92829012518007,0.014619931526780303
509.0282901251801,0.014887074232859183
509.1282901251801,0.015155140245300971
509.22829012518014,0.01542412776904864
509.32829012518016,0.015694034965687845
509.4282901251802,0.01596485995342234
509.5282901251802,0.016236600807053927
509.62829012518023,0.016509255557967242
509.72829012518025,0.016782822194119043
509.8282901251803,0.017057298660032277
509.9282901251803,0.017332682856795026
510.0282901251803,0.017608972642064083
510.12829012518034,0.017886165830073533
510.22829012518037,0.018164260191648227
510.3282901251804,0.018443253454222146
510.4282901251804,0.01872314330186177
510.52829012518043,0.01900392737529459
510.62829012518046,0.019285603271942557
510.7282901251805,0.019568168545960704
510.8282901251805,0.019851620708281094
510.9282901251805,0.020135957226661685
511.02829012518055,0.020421175525740742
511.12829012518057,0.02070727298709641
511.2282901251806,0.020994246949311603
511.3282901251806,0.02128209470804441
511.42829012518064,0.02157081351610382
511.52829012518066,0.021860400583530996
511.6282901251807,0.022150853077686036
511.7282901251807,0.0224421681233403
511.82829012518073,0.022734342802774338
511.92829012518075,0.023027374155881533
512.0282901251808,0.023321259180277325
512.1282901251808,0.023615994831414293
512.2282901251808,0.023911578022702926
512.3282901251808,0.024208005625638213
512.4282901251809,0.024505274469932233
512.5282901251809,0.02480338134365248
512.6282901251809,0.025102322993366226
512.7282901251809,0.02540209612429086
512.828290125181,0.025702697400450274
512.928290125181,0.026004123444837324
513.028290125181,0.02630637083958238
513.128290125181,0.026609436126128094
513.228290125181,0.026913315805410294
513.3282901251811,0.027218006338045206
513.4282901251811,0.027523504144522898
513.5282901251811,0.027829805605407085
513.6282901251811,0.02813690706154129
513.7282901251812,0.028444804814261426
513.8282901251812,0.028753495125614828
513.9282901251812,0.029062974218585738
514.0282901251812,0.029373238277327435
514.1282901251813,0.029684283447400803
514.2282901251813,0.029996105836019568
514.3282901251813,0.030308701512302277
514.4282901251813,0.030622066507530854
514.5282901251813,0.0309361968154159
514.6282901251814,0.031251088392368884
514.7282901251814,0.03156673715778108
514.8282901251814,0.031883138994309265
514.9282901251814,0.03220028974816856
515.0282901251815,0.032518185229431965
515.1282901251815,0.03283682121233704
515.2282901251815,0.033156193435599446
515.3282901251815,0.033476297602733796
515.4282901251815,0.03379712938238133
515.5282901251816,0.034118684408644906
515.6282901251816,0.03444095828143108
515.7282901251816,0.03476394656679953
515.8282901251816,0.03508764479731953
515.9282901251817,0.035412048472433955
516.0282901251817,0.03573715305883046
516.1282901251817,0.0360629539908201
516.2282901251817,0.03638944667072337
516.3282901251818,0.03671662646926366
516.4282901251818,0.03704448872596826
516.5282901251818,0.037373028749576875
516.6282901251818,0.0377022418184577
516.7282901251818,0.03803212318103119
516.8282901251819,0.038362668056201296
516.9282901251819,0.03869387163379458
517.0282901251819,0.039025729075007023
517.1282901251819,0.03935823551285851
517.228290125182,0.039691386052655306
517.328290125182,0.04002517577246012
517.428290125182,0.04035959972357027
517.528290125182,0.04069465293100373
517.628290125182,0.04103033039399316
517.7282901251821,0.041366627086487764
517.8282901251821,0.04170353795766352
517.9282901251821,0.04204105793244116
518.0282901251821,0.04237918191201251
518.1282901251822,0.042717904774374954
518.2282901251822,0.04305722137487393
518.3282901251822,0.04339712654675397
518.4282901251822,0.04373761510171771
518.5282901251823,0.0440786818304935
518.6282901251823,0.04442032150341116
518.7282901251823,0.04476252887098628
518.8282901251823,0.045105298664512974
518.9282901251823,0.045448625596664974
519.0282901251824,0.045792504362105385
519.1282901251824,0.04613692963810502
519.2282901251824,0.046481896085169214
519.3282901251824,0.046827398347673466
519.4282901251825,0.04717343105450758
519.5282901251825,0.047519988819728756
519.6282901251825,0.04786706624322325
519.7282901251825,0.04821465791137698
519.8282901251825,0.048562758397754965
519.9282901251826,0.04891136226378971
520.0282901251826,0.0492604640594784
520.1282901251826,0.049610058324089254
520.2282901251826,0.04996013958687685
520.3282901251827,0.05031070236780645
520.4282901251827,0.0506617411782876
520.5282901251827,0.0510132505219168
520.6282901251827,0.051365224895229336
520.7282901251828,0.05171765878846059
520.8282901251828,0.0520705466863164
520.9282901251828,0.0524238830687529
521.0282901251828,0.05277766241176575
521.1282901251828,0.053131879188188874
521.2282901251829,0.05348652786850254
521.3282901251829,0.053841602921651105
521.4282901251829,0.05419709881587037
521.5282901251829,0.05455301001952442
521.628290125183,0.05490933100195236
521.728290125183,0.05526605623432469
521.828290125183,0.05562318019050945
521.928290125183,0.05598069734794821
522.028290125183,0.05633860218854218
522.1282901251831,0.05669688919954782
522.2282901251831,0.057055552874482995
522.3282901251831,0.05741458771404272
522.4282901251831,0.05777398822702533
522.5282901251832,0.05813374893126873
522.6282901251832,0.058493864354596845
522.7282901251832,0.05885432903577635
522.8282901251832,0.05921513752548385
522.9282901251833,0.05957628438728335
523.0282901251833,0.05993776419861427
523.1282901251833,0.060299571551789985
523.2282901251833,0.060661701055006845
523.3282901251833,0.06102414733336407
523.4282901251834,0.061386905029894176
523.5282901251834,0.061749968806604216
523.6282901251834,0.06211333334552807
523.7282901251834,0.06247699334978925
523.8282901251835,0.06284094354467518
523.9282901251835,0.06320517867872212
524.0282901251835,0.06356969352481158
524.1282901251835,0.06393448288127764
524.2282901251835,0.06429954157302571
524.3282901251836,0.06466486445266259
524.4282901251836,0.06503044640163802
524.5282901251836,0.06539628233139766
524.6282901251836,0.06576236718454777
524.7282901251837,0.06612869593603136
524.8282901251837,0.06649526359431639
524.9282901251837,0.06686206520259548
525.0282901251837,0.06722909583999781
525.1282901251838,0.06759635062281291
525.2282901251838,0.06796382470572651
525.3282901251838,0.06833151328306865
525.4282901251838,0.0686994115900741
525.5282901251838,0.0690675149041551
525.6282901251839,0.06943581854618648
525.7282901251839,0.06980431788180365
525.8282901251839,0.07017300832271291
525.9282901251839,0.07054188532801468
526.028290125184,0.07091094440553979
526.128290125184,0.07128018111319837
526.228290125184,0.07164959106034222
526.328290125184,0.07201916990914005
526.428290125184,0.07238891337596627
526.5282901251841,0.07275881723280321
526.6282901251841,0.07312887730865662
526.7282901251841,0.07349908949098519
526.8282901251841,0.07386944972714357
526.9282901251842,0.07423995402583956
527.0282901251842,0.07461059845860507
527.1282901251842,0.07498137916128148
527.2282901251842,0.07535229233551922
527.3282901251843,0.0757233342502917
527.4282901251843,0.07609450124342401
527.5282901251843,0.07646578972313617
527.6282901251843,0.07683719616960129
527.7282901251843,0.07720871713651878
527.8282901251844,0.07758034925270275
527.9282901251844,0.07795208922368557
528.0282901251844,0.07832393383333704
528.1282901251844,0.07869587994549916
528.2282901251845,0.07906792450563668
528.3282901251845,0.07944006454250357
528.4282901251845,0.07981229716982577
528.5282901251845,0.08018461958799994
528.6282901251845,0.08055702908580908
528.7282901251846,0.08092952304215452
528.8282901251846,0.08130209892780482
528.9282901251846,0.08167475430716183
529.0282901251846,0.08204748684004377
529.1282901251847,0.08242029428348595
529.2282901251847,0.08279317449355894
529.3282901251847,0.0831661254272046
529.4282901251847,0.08353914514409032
529.5282901251848,0.08391223180848123
529.6282901251848,0.08428538369113112
529.7282901251848,0.08465859917119192
529.8282901251848,0.08503187673814219
529.9282901251848,0.08540521499373455
530.0282901251849,0.08577861265396285
530.1282901251849,0.08615206855104869
530.2282901251849,0.08652558163544787
530.3282901251849,0.08689915097787704
530.428290125185,0.08727277577136067
530.528290125185,0.08764645533329872
530.628290125185,0.08802018910755513
530.728290125185,0.0883939766665676
530.828290125185,0.08876781771347883
530.9282901251851,0.0891417120842894
531.0282901251851,0.0895156597500328
531.1282901251851,0.08988966081897275
531.2282901251851,0.09026371553882324
531.3282901251852,0.09063782429899132
531.4282901251852,0.09101198763284334
531.5282901251852,0.09138620621999478
531.6282901251852,0.09176048088862378
531.7282901251853,0.09213481261780919
531.8282901251853,0.09250920253989293
531.9282901251853,0.09288365194286761
532.0282901251853,0.093258162272789
532.1282901251853,0.09363273513621466
532.2282901251854,0.0940073723026681
532.3282901251854,0.09438207570712968
532.4282901251854,0.09475684745255415
532.5282901251854,0.09513168981241531
532.6282901251855,0.0955066052332784
532.7282901251855,0.0958815963374003
532.8282901251855,0.0962566659253581
532.9282901251855,0.09663181697870678
533.0282901251855,0.09700705266266567
533.1282901251856,0.097382376328835
533.2282901251856,0.09775779151794241
533.3282901251856,0.09813330196261992
533.4282901251856,0.09850891159021229
533.5282901251857,0.09888462452561651
533.6282901251857,0.09926044509415359
533.7282901251857,0.09963637782447278
533.8282901251857,0.10001242745148868
533.9282901251858,0.10038859891935202
534.0282901251858,0.10076489738445445
534.1282901251858,0.1011413282184677
534.2282901251858,0.10151789701141818
534.3282901251858,0.10189460957479703
534.4282901251859,0.10227147194470636
534.5282901251859,0.10264849038504235
534.6282901251859,0.1030256713907159
534.7282901251859,0.10340302169091074
534.828290125186,0.1037805482523808
534.928290125186,0.10415825828278617
535.028290125186,0.10453615923406918
535.128290125186,0.10491425880587081
535.228290125186,0.1052925649489883
535.3282901251861,0.10567108586887429
535.4282901251861,0.10604983002917882
535.5282901251861,0.10642880615533391
535.6282901251861,0.10680802323818218
535.7282901251862,0.10718749053765018
535.8282901251862,0.10756721758646652
535.9282901251862,0.10794721419392646
536.0282901251862,0.10832749044970257
536.1282901251863,0.10870805672770355
536.2282901251863,0.10908892368998079
536.3282901251863,0.10947010229068403
536.4282901251863,0.10985160378006699
536.5282901251863,0.11023343970854345
536.6282901251864,0.11061562193079481
536.7282901251864,0.11099816260992988
536.8282901251864,0.11138107422169792
536.9282901251864,0.11176436955875547
537.0282901251865,0.11214806173498816
537.1282901251865,0.11253216418988819
537.2282901251865,0.11291669069298847
537.3282901251865,0.11330165534835436
537.4282901251865,0.11368707259913376
537.5282901251866,0.1140729572321668
537.6282901251866,0.11445932438265581
537.7282901251866,0.1148461895388966
537.8282901251866,0.11523356854707219
537.9282901251867,0.11562147761610984
538.0282901251867,0.11600993332260244
538.1282901251867,0.11639895261579512
538.2282901251867,0.11678855282263854
538.3282901251868,0.11717875165290952
538.4282901251868,0.11756956720440011
538.5282901251868,0.11796101796817642
538.6282901251868,0.11835312283390818
538.7282901251868,0.11874590109527007
538.8282901251869,0.11913937245541582
538.9282901251869,0.11953355703252676
539.0282901251869,0.11992847536543537
539.1282901251869,0.12032414841932514
539.228290125187,0.12072059759150817
539.328290125187,0.12111784471728153
539.428290125187,0.12151591207586325
539.528290125187,0.12191482239641012
539.628290125187,0.1223145988641169
539.7282901251871,0.12271526512640023
539.8282901251871,0.12311684529916637
539.9282901251871,0.12351936397316589
540.0282901251871,0.12392284622043516
540.1282901251872,0.12432731760082665
540.2282901251872,0.1247328041686293
540.3282901251872,0.12513933247927977
540.4282901251872,0.1255469295961666
540.5282901251873,0.12595562309752767
540.6282901251873,0.12636544108344322
540.7282901251873,0.12677641218292518
540.8282901251873,0.1271885655611038
540.9282901251873,0.12760193092651412
541.0282901251874,0.128016538538482
541.1282901251874,0.12843241921461246
541.2282901251874,0.12884960433838083
541.3282901251874,0.1292681258668279
541.4282901251875,0.12968801633836152
541.5282901251875,0.1301093088806642
541.6282901251875,0.13053203721870982
541.7282901251875,0.13095623568288933
541.8282901251876,0.1313819392172479
541.9282901251876,0.13180918338783337
542.0282901251876,0.13223800439115918
542.1282901251876,0.1326684390627812
542.2282901251876,0.1331005248859905
542.3282901251877,0.13353430000062388
542.4282901251877,0.13396980321199214
542.5282901251877,0.1344070739999279
542.6282901251877,0.1348461525279545
542.7282901251878,0.13528707965257597
542.8282901251878,0.13572989693269089
542.9282901251878,0.13617464663912882
543.0282901251878,0.13662137176431305
543.1282901251878,0.13707011603204816
543.2282901251879,0.13752092390743492
543.3282901251879,0.13797384060691276
543.4282901251879,0.1384289121084309
543.5282901251879,0.13888618516174844
543.628290125188,0.13934570729886475
543.728290125188,0.1398075268445802
543.828290125188,0.14027169292718833
543.928290125188,0.14073825548929947
544.028290125188,0.1412072652987964
544.1282901251881,0.14167877395992257
544.2282901251881,0.14215283392450262
544.3282901251881,0.14262949850329582
544.4282901251881,0.14310882187748197
544.5282901251882,0.14359085911028013
544.6282901251882,0.14407566615869943
544.7282901251882,0.14456329988542194
544.8282901251882,0.14505381807081713
544.9282901251883,0.14554727942508672
545.0282901251883,0.14604374360053995
545.1282901251883,0.14654327120399774
545.2282901251883,0.14704592380932408
545.3282901251883,0.14755176397008507
545.4282901251884,0.14806085523233142
545.5282901251884,0.1485732621475056
545.6282901251884,0.14908905028546865
545.7282901251884,0.149608286247647
545.8282901251885,0.15013103768029556
545.9282901251885,0.15065737328787376
546.0282901251885,0.1511872105904729
546.1282901251885,0.15171794623785478
546.2282901251886,0.15224867449818652
546.3282901251886,0.15277946976526408
546.4282901251886,0.15331040829984255
546.5282901251886,0.153841568243076
546.6282901251886,0.15437302962984734
546.7282901251887,0.1549048744019838
546.8282901251887,0.15543718642135163
546.9282901251887,0.15597005148282422
547.0282901251887,0.15650355732711801
547.1282901251888,0.1570377936534882
547.2282901251888,0.15757285213227779
547.3282901251888,0.1581088264173124
547.4282901251888,0.1586458121581319
547.5282901251888,0.1591839070120502
547.6282901251889,0.1597232106560345
547.7282901251889,0.1602638247983934
547.8282901251889,0.16080585319026292
547.9282901251889,0.16134940163688016
548.028290125189,0.16189457800863177
548.128290125189,0.16244149225186427
548.228290125189,0.1629902563994438
548.328290125189,0.16354098458104926
548.428290125189,0.16409379303318494
548.5282901251891,0.1646488001088956
548.6282901251891,0.1652061262871672
548.7282901251891,0.16576589418199456
548.8282901251891,0.16632822855109725
548.9282901251892,0.16689325630426283
549.0282901251892,0.16746110651129575
549.1282901251892,0.16803191040954935
549.2282901251892,0.1686058014110165
549.3282901251893,0.16918291510895328
549.4282901251893,0.16976338928400841
549.5282901251893,0.17034736390983096
549.6282901251893,0.17093498115812455
549.7282901251893,0.1715263854031176
549.8282901251894,0.17212172322541536
549.9282901251894,0.17272114341519879
550.0282901251894,0.1733247969747324
550.1282901251894,0.1739328371201428
550.2282901251895,0.17454541928242556
550.3282901251895,0.1751627011076375
550.4282901251895,0.17578484245622827
550.5282901251895,0.1764120054014638
550.6282901251896,0.17704435422688958
550.7282901251896,0.17768205542278231
550.8282901251896,0.1783252776815324
550.9282901251896,0.17897419189189978
551.0282901251896,0.1796289711320807
551.1282901251897,0.18028979066152123
551.2282901251897,0.18095682791140927
551.3282901251897,0.18163026247377384
551.4282901251897,0.18231027608911815
551.5282901251898,0.18299705263250632
551.6282901251898,0.18369077809802353
551.7282901251898,0.18439164058152346
551.8282901251898,0.18509983026157267
551.9282901251898,0.18581553937849865
552.0282901251899,0.18653896221144334
552.1282901251899,0.18727029505331882
552.2282901251899,0.18800973618355893
552.3282901251899,0.18875748583855345
552.42829012519,0.18951374617964883
552.52829012519,0.1902787212585928
552.62829012519,0.19105261698029558
552.72829012519,0.19183564106277412
552.82829012519,0.19262800299414218
552.9282901251901,0.19342991398649984
553.0282901251901,0.19424158692657362
553.1282901251901,0.1950632363229502
553.2282901251901,0.19589507824973984
553.3282901251902,0.1967373302865012
553.4282901251902,0.19759021145425093
553.5282901251902,0.19845394214737427
553.6282901251902,0.19932874406124745
553.7282901251903,0.20021484011537377
553.8282901251903,0.20111245437182923
553.9282901251903,0.20202181194880475
554.0282901251903,0.20294313892902555
554.1282901251903,0.20387666226281936
554.2282901251904,0.2048226096655988
554.3282901251904,0.2057812095095125
554.4282901251904,0.20675269070901492
554.5282901251904,0.20773728260009305
554.6282901251905,0.2087352148128827
554.7282901251905,0.20974671713739723
554.8282901251905,0.210772019382083
554.9282901251905,0.2118113512249094
555.0282901251906,0.2128649420566895
555.1282901251906,0.21393302081632343
555.2282901251906,0.21501581581764473
555.3282901251906,0.21611355456754316
555.4282901251906,0.21722646357503078
555.5282901251907,0.21835476815090854
555.6282901251907,0.21949869219768375
555.7282901251907,0.22065845798938305
555.8282901251907,0.22183428594089666
555.9282901251908,0.22302639436648475
556.0282901251908,0.22423499922707152
556.1282901251908,0.22546031386594462
556.2282901251908,0.22670254873247736
556.3282901251908,0.22796191109348313
556.4282901251909,0.22923860473181074
556.5282901251909,0.23053282963178723
556.6282901251909,0.23184478165111305
556.7282901251909,0.23317465217881472
556.828290125191,0.23452262777886174
556.928290125191,0.23588888981905726
557.028290125191,0.2372736140848158
557.128290125191,0.23867697037744823
557.228290125191,0.2400991220965804
557.3282901251911,0.24154022580634338
557.4282901251911,0.24300043078498318
557.5282901251911,0.2444798785575531
557.6282901251911,0.24597870241136882
557.7282901251912,0.2474970268939235
557.8282901251912,0.24903496729298497
557.9282901251912,0.25059262909861985
558.0282901251912,0.25217010744691964
558.1282901251913,0.2537674865452349
558.2282901251913,0.2553848390787579
558.3282901251913,0.257022225598338
558.4282901251913,0.25867969388945133
558.5282901251913,0.26035727832230104
558.6282901251914,0.26205499918307207
558.7282901251914,0.2637728619864244
558.8282901251914,0.26551085676937225
558.9282901251914,0.267268957366762
559.0282901251915,0.26904712066863806
559.1282901251915,0.2708452858598647
559.2282901251915,0.2726633736424555
559.3282901251915,0.27450128544115726
559.4282901251916,0.2763589025929299
559.5282901251916,0.27823608552107165
559.6282901251916,0.2801326728948476
559.7282901251916,0.28204848077560035
559.8282901251916,0.2839833017504451
559.9282901251917,0.2859369040547847
560.0282901251917,0.28790903068501944
560.1282901251917,0.28989939850297114
560.2282901251917,0.29190769733369815
560.3282901251918,0.2939335890585317
560.4282901251918,0.2959767067053372
560.5282901251918,0.29803665353817216
560.6282901251918,0.3001130021486928
560.7282901251918,0.30220529355184705
560.8282901251919,0.3043130362885788
560.9282901251919,0.3064357055384636
561.0282901251919,0.3085727422453937
561.1282901251919,0.31072355225963094
561.228290125192,0.3128875054997465
561.328290125192,0.3150639351381753
561.428290125192,0.31725213681431075
561.528290125192,0.31945136787927014
561.628290125192,0.32166084667666384
561.7282901251921,0.32387975186388734
561.8282901251921,0.32610722177865653
561.9282901251921,0.32834235385567556
562.0282901251921,0.33058420409850736
562.1282901251922,0.33283178661187124
562.2282901251922,0.3350840731997395
562.3282901251922,0.33733999303473416
562.4282901251922,0.3395984324044353
562.5282901251923,0.341858234540302
562.6282901251923,0.3441181995349712
562.7282901251923,0.3463770843537424
562.8282901251923,0.34863360294606116
562.9282901251923,0.350886426462796
563.0282901251924,0.3531341835850463
563.1282901251924,0.35537546097012407
563.2282901251924,0.357608803820219
563.3282901251924,0.35983271657908183
563.4282901251925,0.3620456637618389
563.5282901251925,0.3642460709227829
563.6282901251925,0.3664323257656716
563.7282901251925,0.36860277940069397
563.8282901251926,0.37075574775185166
563.9282901251926,0.372889513118022
564.0282901251926,0.37500232589045535
564.1282901251926,0.37709240642886793
564.2282901251926,0.3791579470976682
564.3282901251927,0.3811971144631639
564.4282901251927,0.38320805165186167
564.5282901251927,0.38518888086918607
564.6282901251927,0.3871377060771112
564.7282901251928,0.3890526158283227
564.8282901251928,0.39093168625361524
564.9282901251928,0.3927729841982776
565.0282901251928,0.3945745705022433
565.1282901251928,0.3963345034177823
565.2282901251929,0.3980508421574916
565.3282901251929,0.3997216505643181
565.4282901251929,0.40134500089432124
565.5282901251929,0.40291897770186424
565.628290125193,0.4044416818159204
565.728290125193,0.4059112343952097
565.828290125193,0.40732578104893835
565.928290125193,0.40868349600902515
566.028290125193,0.40998258633886064
566.1282901251931,0.4112212961628739
566.2282901251931,0.4123979109004924
566.3282901251931,0.41351076148746685
566.4282901251931,0.4145582285670235
566.5282901251932,0.41553874663289336
566.6282901251932,0.4164508081059717
566.7282901251932,0.4172929673261771
566.8282901251932,0.4180638444410259
566.9282901251933,0.41876212917250766
567.0282901251933,0.41938658444405386
567.1282901251933,0.4199360498497315
567.2282901251933,0.420409444948272
567.3282901251933,0.4208057723651542
567.4282901251934,0.42112412068671096
567.5282901251934,0.4213636671311004
567.6282901251934,0.4215236799819904
567.7282901251934,0.42160352077191937
567.8282901251935,0.42160264620353294
567.9282901251935,0.4215206097982266
568.0282901251935,0.4213570632631507
568.1282901251935,0.4211117575690362
568.2282901251936,0.4207845437328718
568.3282901251936,0.42037373960858765
568.4282901251936,0.41987712878427075
568.5282901251936,0.4192948627751733
568.6282901251936,0.41862721771288264
568.7282901251937,0.41787457860536653
568.8282901251937,0.4170374381672763
568.9282901251937,0.41611639531817785
569.0282901251937,0.4151121533574149
569.1282901251938,0.4140255178261161
569.2282901251938,0.41285739406857214
569.3282901251938,0.41160878450680743
569.4282901251938,0.41028078564364895
569.5282901251938,0.40887458481093286
569.6282901251939,0.4073914566806838
569.7282901251939,0.40583275955814224
569.8282901251939,0.40419993147639166
569.9282901251939,0.402494486113054
570.028290125194,0.40071800855006956
570.128290125194,0.3988721508979564
570.228290125194,0.39695862780616276
570.328290125194,0.39497921188117596
570.428290125194,0.3929357290339513
570.5282901251941,0.3908300537779657
570.6282901251941,0.3886641044988081
570.7282901251941,0.3864398387156849
570.8282901251941,0.38415924835456494
570.9282901251942,0.3818243550519244
571.0282901251942,0.37943720550718013
571.1282901251942,0.37699986690094756
571.2282901251942,0.37451442239522587
571.3282901251943,0.37198296673051506
571.4282901251943,0.369407601933726
571.5282901251943,0.3667904331495563
571.6282901251943,0.36413356460679264
571.7282901251943,0.3614390957297748
571.8282901251944,0.358709117404023
571.9282901251944,0.35594570840380657
572.0282901251944,0.3531509319882237
572.1282901251944,0.3503268326711758
572.2282901251945,0.3474754331694719
572.3282901251945,0.344598731532186
572.4282901251945,0.34169869845332496
572.5282901251945,0.3387772747688531
572.6282901251946,0.33583636913816056
572.7282901251946,0.33287785590916785
572.8282901251946,0.3299035731654197
572.9282901251946,0.3269153209527544
573.0282901251946,0.3239148596824271
573.1282901251947,0.3209039087069281
573.2282901251947,0.31788414506415963
573.3282901251947,0.31485720238513315
573.4282901251947,0.3118246699598954
573.5282901251948,0.3087880919560196
573.6282901251948,0.305748966783666
573.7282901251948,0.3027087466009578
573.8282901251948,0.2996688369532064
573.9282901251948,0.2966305965393599
574.0282901251949,0.2935953370989445
574.1282901251949,0.2905643234126975
574.2282901251949,0.2875387734100764
574.3282901251949,0.28451985837683835
574.428290125195,0.28150870325594124
574.528290125195,0.27850638703510067
574.628290125195,0.2755139432144466
574.728290125195,0.27253236034786626
574.828290125195,0.2695625826517766
574.9282901251951,0.26660551067525057
575.0282901251951,0.2636620020256166
575.1282901251951,0.2607328721438614
575.2282901251951,0.2578188951243857
575.3282901251952,0.2549208045738935
575.4282901251952,0.2520392945044302
575.5282901251952,0.249175020255827
575.6282901251952,0.2463285994430513
575.7282901251953,0.243500612924209
575.8282901251953,0.24069160578518584
575.9282901251953,0.23790208833716042
576.0282901251953,0.235132537123457
576.1282901251953,0.23238339593244473
576.2282901251954,0.22965507681341546
576.3282901251954,0.2269479610925998
576.4282901251954,0.22426240038669615
576.5282901251954,0.2215987176114978
576.6282901251955,0.2189572079834063
576.7282901251955,0.2163381400118129
576.8282901251955,0.21374175648051608
576.9282901251955,0.21116827541652267
577.0282901251956,0.20861789104474532
577.1282901251956,0.20609077472727533
577.2282901251956,0.20358707588605562
577.3282901251956,0.2011069229079278
577.4282901251956,0.198650424031158
577.5282901251957,0.19621766821267556
577.6282901251957,0.19380872597537613
577.7282901251957,0.19142365023495178
577.8282901251957,0.18906247710581353
577.9282901251958,0.18672522668576919
578.0282901251958,0.18441190381920447
578.1282901251958,0.1821224988386006
578.2282901251958,0.17985698828429542
578.3282901251958,0.17761533560246295
578.4282901251959,0.17539749182135078
578.5282901251959,0.1732033962058716
578.6282901251959,0.17103297689069613
578.7282901251959,0.16888615149204245
578.828290125196,0.1667628276983989
578.928290125196,0.16466290384045434
579.028290125196,0.16258626944054344
579.128290125196,0.16053280574194378
579.228290125196,0.15850238621838764
579.3282901251961,0.15649487706417337
579.4282901251961,0.154510137665279
579.5282901251961,0.15254802105189946
579.6282901251961,0.15060837433283947
579.7282901251962,0.14869103911220544
579.8282901251962,0.1467958518888512
579.9282901251962,0.1449226444390323
580.0282901251962,0.14307124418273565
580.1282901251963,0.14124147453414743
580.2282901251963,0.13943315523672645
580.3282901251963,0.1376461026833502
580.4282901251963,0.13588013022199497
580.5282901251963,0.1341350484474138
580.6282901251964,0.1324106654792675
580.7282901251964,0.130706787227161
580.8282901251964,0.1290232176430317
580.9282901251964,0.12735975896132729
581.0282901251965,0.1257162119274074
581.1282901251965,0.12409237601459135
581.2282901251965,0.12248804963026845
581.3282901251965,0.12090303031147794
581.4282901251966,0.11933711491035627
581.5282901251966,0.11779009976984058
581.6282901251966,0.11626178089000687
581.7282901251966,0.11475195408541235
581.8282901251966,0.11326041513380135
581.9282901251967,0.11178695991652367
582.0282901251967,0.11033138455100532
582.1282901251967,0.10889348551560028
582.2282901251967,0.10747305976714307
582.3282901251968,0.1060699048515112
582.4282901251968,0.10468381900749725
582.5282901251968,0.10331460126428017
582.6282901251968,0.10196205153277581
582.7282901251968,0.10062597069113742
582.8282901251969,0.09930616066466773
582.9282901251969,0.098002424500394
583.0282901251969,0.09671456643654959
583.1282901251969,0.09544239196719621
583.228290125197,0.09418570790221269
583.328290125197,0.09294432242286714
583.428290125197,0.09171804513318167
583.528290125197,0.09050668710729111
583.628290125197,0.0893100609329882
583.7282901251971,0.08812798075164158
583.8282901251971,0.08696026229466451
583.9282901251971,0.08580672291670567
584.0282901251971,0.08466718162572613
584.1282901251972,0.0835414591101202
584.2282901251972,0.082429377763031
584.3282901251972,0.08133076170400555
584.4282901251972,0.0802454367981282
584.5282901251973,0.07917323067276494
584.6282901251973,0.0781139727320457
584.7282901251973,0.07706749416920665
584.8282901251973,0.07603362797690823
584.9282901251973,0.07501220895564086
585.0282901251974,0.07400307372032387
585.1282901251974,0.07300606070520028
585.2282901251974,0.07202101016712334
585.3282901251974,0.07104776418732855
585.4282901251975,0.07008616667177908
585.5282901251975,0.06913606335016916
585.6282901251975,0.0681973017736658
585.7282901251975,0.06726973131146612
585.8282901251976,0.06635320314624314
585.9282901251976,0.06544757026854972
586.0282901251976,0.0645526874702474
586.1282901251976,0.06366841133702351
586.2282901251976,0.06279460024005638
586.3282901251977,0.06193111432688643
586.4282901251977,0.06107781551154748
586.5282901251977,0.060234567464010375
586.6282901251977,0.05940123559898815
586.7282901251978,0.058577687064149314
586.8282901251978,0.057763790727784606
586.9282901251978,0.05695941716596849
587.0282901251978,0.056164438649256423
587.1282901251979,0.05537872912895567
587.2282901251979,0.05460216422300543
587.3282901251979,0.053834621201501356
587.4282901251979,0.05307597897189621
587.5282901251979,0.05232611806390777
587.628290125198,0.05158492061416314
587.728290125198,0.050852270350606896
587.828290125198,0.05012805257669928
587.928290125198,0.049412154155429044
588.028290125198,0.048704463493164415
588.1282901251981,0.048004870523363635
588.2282901251981,0.047313266690167166
588.3282901251981,0.04662954493188927
588.4282901251981,0.045953599664429426
588.5282901251982,0.045285326764619604
588.6282901251982,0.044624623553524506
588.7282901251982,0.04397138877971009
588.8282901251982,0.043325522602494615
588.9282901251983,0.0426869265751966
589.0282901251983,0.04205550362839143
589.1282901251983,0.04143115805318988
589.2282901251983,0.04081379548454858
589.3282901251984,0.040203322884624165
589.4282901251984,0.039599648526179906
589.5282901251984,0.03900268197605497
589.6282901251984,0.0384123340787043
589.7282901251984,0.0378285169398172
589.8282901251985,0.03725114391002274
589.9282901251985,0.03668012956868774
590.0282901251985,0.036115389707815124
590.1282901251985,0.035556841316047444
590.2282901251986,0.03500440256278192
590.3282901251986,0.034457992782401525
590.4282901251986,0.03391753245862726
590.5282901251986,0.03338294320899554
590.6282901251986,0.032854147769464756
590.7282901251987,0.032331069979154886
590.8282901251987,0.031813634765222795
590.9282901251987,0.031301768127877064
591.0282901251987,0.030795397125533933
591.1282901251988,0.030294449860117978
591.2282901251988,0.029798855462508517
591.3282901251988,0.02930854407813438
591.4282901251988,0.02882344685271851
591.5282901251989,0.028343495918173603
591.6282901251989,0.027868624378650467
591.7282901251989,0.02739876629673961
591.8282901251989,0.026933856679827457
591.9282901251989,0.026473831466607305
592.028290125199,0.0260186275137462
592.128290125199,0.02556818258270748
592.228290125199,0.025122435326729496
592.328290125199,0.024681325277960797
592.428290125199,0.024244792834751255
592.5282901251991,0.023812779249099532
592.6282901251991,0.023385226614256086
592.7282901251991,0.02296207785248182
592.8282901251991,0.022543276702961558
592.9282901251992,0.022128767709872113
593.0282901251992,0.021718496210603948
593.1282901251992,0.021312408324135966
593.2282901251992,0.020910450939562647
593.3282901251993,0.020512571704772532
593.4282901251993,0.020118719015277217
593.5282901251993,0.019728842003189834
593.6282901251993,0.019342890526352137
593.7282901251994,0.0189608151576088
593.8282901251994,0.01858256717422816
593.9282901251994,0.018208098547468042
594.0282901251994,0.017837361932285314
594.1282901251994,0.01747031065718841
594.2282901251995,0.017106898714230885
594.3282901251995,0.016747080749145382
594.4282901251995,0.016390812051616056
594.5282901251995,0.016038048545688653
594.6282901251996,0.015688746780316426
594.7282901251996,0.015342863920040715
594.8282901251996,0.015000357735804958
594.9282901251996,0.014661186595900134
595.0282901251996,0.014325309457040997
595.1282901251997,0.013992685855570876
595.2282901251997,0.01366327589879425
595.3282901251997,0.013337040256435076
595.4282901251997,0.013013940152219933
595.5282901251998,0.012693937355584106
595.6282901251998,0.012376994173499217
595.7282901251998,0.012063073442421295
595.8282901251998,0.011752138520357176
595.9282901251999,0.011444153279048429
596.0282901251999,0.011139082096270785
596.1282901251999,0.010836889848248057
596.2282901251999,0.01053754190217869
596.3282901251999,0.010241004108873929
596.4282901252,0.00994724279550567
596.5282901252,0.009656224758462915
596.6282901252,0.009367917256315424
596.7282901252,0.009082288002882653
596.8282901252,0.008799305160407354
596.9282901252001,0.008518937332831544
597.0282901252001,0.008241153559174291
597.1282901252001,0.007965923307009244
597.2282901252001,0.007693216466040931
597.3282901252002,0.0074230033417784155
597.4282901252002,0.007155254649304735
597.5282901252002,0.006889941507141117
597.6282901252002,0.006627035431204312
597.7282901252003,0.006366508328856033
597.8282901252003,0.006108332493042837
597.9282901252003,0.005852480596525621
598.0282901252003,0.005598925686197062
598.1282901252004,0.00534764117748579
598.2282901252004,0.005098600848846356
598.3282901252004,0.004851778836333309
598.4282901252004,0.004607149628258547
598.5282901252004,0.004364688059930448
598.6282901252005,0.004124369308473756
598.7282901252005,0.0038861688877289413
598.8282901252005,0.0036500626432299857
598.9282901252005,0.003416026747259278
599.0282901252006,0.003184037693978535
599.1282901252006,0.0029540722946348116
599.2282901252006,0.0027261076728400807
599.3282901252006,0.0025001212599237224
599.4282901252006,0.0022760907903565317
599.5282901252007,0.0020539942972452804
599.6282901252007,0.001833810107896787
599.7282901252007,0.0016155168394504787
599.8282901252007,0.0013990933945782769
599.9282901252008,0.001184518957250913
600.0282901252008,0.000971772988569701
600.1282901252008,0.0007608352226625842
600.2282901252008,0.0005516856626437763
600.3282901252009,0.00034430457663565256
600.4282901252009,0.00013867249385237507
600.5282901252009,-6.52297992561196e-05
600.6282901252009,-0.0002674212628003131
600.7282901252009,-0.00046792060718869877
600.828290125201,-0.0006667462968074842
600.928290125201,-0.0008639165536432764
601.028290125201,-0.0010594493608498817
601.128290125201,-0.0012533624662596846
601.228290125201,-0.001445673385840826
601.3282901252011,-0.0016363994071007734
601.4282901252011,-0.0018255575924372089
601.5282901252011,-0.002013164782437106
601.6282901252011,-0.002199237599124562
601.7282901252012,-0.002383792449158588
601.8282901252012,-0.0025668455269811166
601.9282901252012,-0.0027484128179164763
602.0282901252012,-0.002928510101222803
602.1282901252013,-0.0031071529530961733
602.2282901252013,-0.003284356749628327
602.3282901252013,-0.003460136669718464
602.4282901252013,-0.003634507697940201
602.5282901252014,-0.003807484627363869
602.6282901252014,-0.003979082062335437
602.7282901252014,-0.004149314421212177
602.8282901252014,-0.004318195939056205
602.9282901252014,-0.004485740670286245
603.0282901252015,-0.0046519624912884465
603.1282901252015,-0.004816875102986829
603.2282901252015,-0.004980492033373932
603.3282901252015,-0.005142826640002471
603.4282901252016,-0.0053038921124383374
603.5282901252016,-0.00546370147467589
603.6282901252016,-0.005622267587515755
603.7282901252016,-0.005779603150906077
603.8282901252016,-0.005935720706247524
603.9282901252017,-0.006090632638662764
604.0282901252017,-0.006244351179230952
604.1282901252017,-0.0063968884071877
604.2282901252017,-0.006548256252091194
604.3282901252018,-0.0066984664959548815
604.4282901252018,-0.006847530775347322
604.5282901252018,-0.006995460583459703
604.6282901252018,-0.007142267272141518
604.7282901252019,-0.007287962053904907
604.8282901252019,-0.007432556003898198
604.9282901252019,-0.00757606006184906
605.0282901252019,-0.007718485033977814
605.1282901252019,-0.007859841594881359
605.228290125202,-0.00800014028938812
605.328290125202,-0.008139391534384588
605.428290125202,-0.008277605620613762
605.528290125202,-0.008414792714446066
605.628290125202,-0.008550962859623139
605.7282901252021,-0.008686125978974796
605.8282901252021,-0.008820291876109852
605.9282901252021,-0.00895347023708094
606.0282901252021,-0.009085670632023934
606.1282901252022,-0.009216902516772287
606.2282901252022,-0.009347175234446708
606.3282901252022,-0.009476498017020545
606.4282901252022,-0.00960487998686129
606.5282901252023,-0.009732330158248585
606.6282901252023,-0.009858857438869065
606.7282901252023,-0.00998447063128845
606.8282901252023,-0.01010917843440116
606.9282901252024,-0.010232989444858002
607.0282901252024,-0.010355912158472001
607.1282901252024,-0.010477954971603
607.2282901252024,-0.01059912618252111
607.3282901252024,-0.010719433992749581
607.4282901252025,-0.010838886508387251
607.5282901252025,-0.010957491741410978
607.6282901252025,-0.01107525761095831
607.7282901252025,-0.011192191944590802
607.8282901252026,-0.0113083024795382
607.9282901252026,-0.011423596863923871
608.0282901252026,-0.011538082657971644
608.1282901252026,-0.011651767335194511
608.2282901252026,-0.01176465828356545
608.3282901252027,-0.011876762806670497
608.4282901252027,-0.011988088124844625
608.5282901252027,-0.012098641376290353
608.6282901252027,-0.012208429618179733
608.7282901252028,-0.012317459827739685
608.8282901252028,-0.012425738903321118
608.9282901252028,-0.012533273665451948
609.0282901252028,-0.012640070857874466
609.1282901252029,-0.012746137148567097
609.2282901252029,-0.012851479130750947
609.3282901252029,-0.01295610332388131
609.4282901252029,-0.013060016174624357
609.528290125203,-0.013163224057819316
609.628290125203,-0.013265733277426302
609.728290125203,-0.013367550067460085
609.828290125203,-0.01346868059290994
609.928290125203,-0.01356913095064586
610.0282901252031,-0.013668907170311377
610.1282901252031,-0.013768015215203079
610.2282901252031,-0.013866460983137235
610.3282901252031,-0.01396425030730344
610.4282901252031,-0.014061388957105844
610.5282901252032,-0.014157882638991814
610.6282901252032,-0.01425373699726852
610.7282901252032,-0.014348957614907426
610.8282901252032,-0.014443550014336958
610.9282901252033,-0.014537519658223568
611.0282901252033,-0.014630871950241334
611.1282901252033,-0.014723612235830283
611.2282901252033,-0.014815745802943599
611.3282901252034,-0.014907277882783947
611.4282901252034,-0.01499821365052902
611.5282901252034,-0.015088558226046524
611.6282901252034,-0.01517831667459879
611.7282901252034,-0.015267494007537026
611.8282901252035,-0.015356095182985596
611.9282901252035,-0.015444125106516337
612.0282901252035,-0.015531588631813108
612.1282901252035,-0.015618490561326696
612.2282901252036,-0.015704835646920292
612.3282901252036,-0.015790628590505635
612.4282901252036,-0.015875874044669988
612.5282901252036,-0.015960576613294124
612.6282901252036,-0.016044740852161336
