507.4282901251797,0.03517260775218014
507.52829012517975,0.03539006264113427
507.6282901251798,0.03560829220919937
507.7282901251798,0.03582729422854175
507.8282901251798,0.036047066420416586
507.92829012517984,0.03626760645500113
508.02829012517986,0.036488911951230954
508.1282901251799,0.03671098047663926
508.2282901251799,0.03693380954719941
508.32829012517993,0.03715739662717056
508.42829012517996,0.03738173912894661
508.52829012518,0.03760683441290823
508.62829012518,0.03783267978727838
508.72829012518,0.03805927250798098
508.82829012518005,0.038286609778502956
508.92829012518007,0.03851468874975972
509.0282901251801,0.03874350651996402
509.1282901251801,0.03897306013449829
509.22829012518014,0.03920334658579035
509.32829012518016,0.03943436281319278
509.4282901251802,0.03966610570286578
509.5282901251802,0.0398985720876635
509.62829012518023,0.040131758747024154
509.72829012518025,0.04036566240686366
509.8282901251803,0.04060027973947295
509.9282901251803,0.0408356073634191
510.0282901251803,0.041071641843450024
510.12829012518034,0.04130837969040304
510.22829012518037,0.04154581736111725
510.3282901251804,0.04178395125834969
510.4282901251804,0.04202277773069528
510.52829012518043,0.04226229307251087
510.62829012518046,0.04250249352384297
510.7282901251805,0.0427433752703595
510.8282901251805,0.04298493444328565
510.9282901251805,0.04322716711934349
511.02829012518055,0.04347006932069586
511.12829012518057,0.04371363701489416
511.2282901251806,0.04395786611483026
511.3282901251806,0.04420275247869259
511.42829012518064,0.04444829190992628
511.52829012518066,0.04469448015719754
511.6282901251807,0.044941312914362215
511.7282901251807,0.04518878582043854
511.82829012518073,0.04543689445958414
511.92829012518075,0.04568563436107741
512.0282901251808,0.04593500099930299
512.1282901251808,0.0461849897937418
512.2282901251808,0.04643559610896523
512.3282901251808,0.046686815254633786
512.4282901251809,0.046938642485500205
512.5282901251809,0.04719107300141682
512.6282901251809,0.047444101947347515
512.7282901251809,0.0476977244133841
512.828290125181,0.04795193543476713
512.928290125181,0.04820672999191134
513.028290125181,0.048462103010435485
513.128290125181,0.04871804936119684
513.228290125181,0.048974563860330236
513.3282901251811,0.04923164126929166
513.4282901251811,0.04948927629490654
513.5282901251811,0.0497474635894226
513.6282901251811,0.0500061977505674
513.7282901251812,0.050265473321610556
513.8282901251812,0.05052528479143063
513.9282901251812,0.05078562659458676
514.0282901251812,0.051046493111395
514.1282901251813,0.051307878668009364
514.2282901251813,0.05156977753650771
514.3282901251813,0.051832183934982366
514.4282901251813,0.05209509202763552
514.5282901251813,0.052358495924879477
514.6282901251814,0.05262238968344164
514.7282901251814,0.05288676730647453
514.8282901251814,0.05315162274367032
514.9282901251814,0.05341694989138065
515.0282901251815,0.05368274259274095
515.1282901251815,0.053948994637799896
515.2282901251815,0.054215699763653626
515.3282901251815,0.05448285165458497
515.4282901251815,0.05475044394220754
515.5282901251816,0.055018470205614775
515.6282901251816,0.05528692397153392
515.7282901251816,0.055555798714485
515.8282901251816,0.055825087856944705
515.9282901251817,0.05609478476951527
516.0282901251817,0.056364882771098364
516.1282901251817,0.0566353751290739
516.2282901251817,0.056906255059483886
516.3282901251818,0.05717751572722128
516.4282901251818,0.05744915024622384
516.5282901251818,0.057721151679672955
516.6282901251818,0.057993513040197564
516.7282901251818,0.058266227290083045
516.8282901251819,0.0585392873414851
516.9282901251819,0.058812686056648716
517.0282901251819,0.0590864162481322
517.1282901251819,0.05936047067903609
517.228290125182,0.05963484206323732
517.328290125182,0.05990952306562819
517.428290125182,0.060184506302360524
517.528290125182,0.06045978434109485
517.628290125182,0.060735349701254535
517.7282901251821,0.061011194854285015
517.8282901251821,0.06128731222391803
517.9282901251821,0.06156369418644093
518.0282901251821,0.06184033307097093
518.1282901251822,0.062117221159734476
518.2282901251822,0.0623943506883515
518.3282901251822,0.0626717138461249
518.4282901251822,0.06294930277633475
518.5282901251823,0.06322710957653775
518.6282901251823,0.06350512629887156
518.7282901251823,0.06378334495036408
518.8282901251823,0.0640617574932479
518.9282901251823,0.0643403558452794
519.0282901251824,0.06461913188006317
519.1282901251824,0.06489807742738112
519.2282901251824,0.06517718427352663
519.3282901251824,0.06545644416164366
519.4282901251825,0.06573584879207071
519.5282901251825,0.0660153898226898
519.6282901251825,0.06629505886928014
519.7282901251825,0.06657484750587693
519.8282901251825,0.06685474726513485
519.9282901251826,0.0671347496386965
520.0282901251826,0.06741484607756563
520.1282901251826,0.06769502799248521
520.2282901251826,0.06797528675432031
520.3282901251827,0.06825561369444577
520.4282901251827,0.06853600010513866
520.5282901251827,0.06881643723997545
520.6282901251827,0.06909691631423395
520.7282901251828,0.0693774285053
520.8282901251828,0.06965796495307881
520.9282901251828,0.06993851676041093
521.0282901251828,0.07021907499349302
521.1282901251828,0.07049963068230314
521.2282901251829,0.07078017482103065
521.3282901251829,0.07106069836851081
521.4282901251829,0.07134119224866384
521.5282901251829,0.07162164735093846
521.628290125183,0.0719020545307602
521.728290125183,0.07218240460998397
521.828290125183,0.07246268837735116
521.928290125183,0.07274289658895117
522.028290125183,0.07302301996868744
522.1282901251831,0.07330304920874776
522.2282901251831,0.07358297497007901
522.3282901251831,0.07386278788286613
522.4282901251831,0.07414247854701547
522.5282901251832,0.07442203753264251
522.6282901251832,0.07470145538056353
522.7282901251832,0.07498072260279172
522.8282901251832,0.07525982968303749
522.9282901251833,0.0755387670772127
523.0282901251833,0.07581752521393921
523.1282901251833,0.07609609449506145
523.2282901251833,0.07637446529616292
523.3282901251833,0.07665262796708687
523.4282901251834,0.07693057283246085
523.5282901251834,0.07720829019222523
523.6282901251834,0.0774857703221656
523.7282901251834,0.07776300347444892
523.8282901251835,0.07803997987816386
523.9282901251835,0.07831668973986441
524.0282901251835,0.07859312324411773
524.1282901251835,0.0788692705540553
524.2282901251835,0.07914512181192809
524.3282901251836,0.07942066713966504
524.4282901251836,0.07969589663943534
524.5282901251836,0.07997080039421423
524.6282901251836,0.08024536846835222
524.7282901251837,0.08051959090814778
524.8282901251837,0.08079345774242361
524.9282901251837,0.08106695898310601
525.0282901251837,0.08134008462580782
525.1282901251838,0.08161282465041451
525.2282901251838,0.08188516902167361
525.3282901251838,0.08215710768978716
525.4282901251838,0.08242863059100758
525.5282901251838,0.08269972764823633
525.6282901251839,0.08297038877162588
525.7282901251839,0.08324060385918457
525.8282901251839,0.08351036279738441
525.9282901251839,0.08377965546177182
526.028290125184,0.08404847171758129
526.128290125184,0.08431680142035168
526.228290125184,0.08458463441654555
526.328290125184,0.08485196054417087
526.428290125184,0.08511876963340562
526.5282901251841,0.08538505150722502
526.6282901251841,0.08565079598203108
526.7282901251841,0.08591599286828491
526.8282901251841,0.0861806319711413
526.9282901251842,0.08644470309108583
527.0282901251842,0.08670819602457414
527.1282901251842,0.08697110056467373
527.2282901251842,0.08723340650170781
527.3282901251843,0.08749510362390132
527.4282901251843,0.08775618171802926
527.5282901251843,0.08801663057006684
527.6282901251843,0.08827643996584181
527.7282901251843,0.08853559969168871
527.8282901251844,0.08879409953510496
527.9282901251844,0.08905192928540884
528.0282901251844,0.08930907873439922
528.1282901251844,0.0895655376770171
528.2282901251845,0.0898212959120086
528.3282901251845,0.09007634324258984
528.4282901251845,0.09033066947711316
528.5282901251845,0.09058426442973484
528.6282901251845,0.09083711792108443
528.7282901251846,0.09108921977893512
528.8282901251846,0.09134055983887579
528.9282901251846,0.09159112794498399
529.0282901251846,0.09184091395050027
529.1282901251847,0.09208990771850363
529.2282901251847,0.09233809912258792
529.3282901251847,0.09258547804753935
529.4282901251847,0.09283203439001489
529.5282901251848,0.09307775805922153
529.6282901251848,0.09332263897759636
529.7282901251848,0.09356666708148748
529.8282901251848,0.09380983232183536
529.9282901251848,0.09405212466485506
530.0282901251849,0.09429353409271896
530.1282901251849,0.09453405060423983
530.2282901251849,0.09477366421555451
530.3282901251849,0.09501236496080785
530.428290125185,0.09525014289283695
530.528290125185,0.09548698808385567
530.628290125185,0.09572289062613928
530.728290125185,0.09595784063270922
530.828290125185,0.0961918282380179
530.9282901251851,0.09642484359863349
531.0282901251851,0.09665687689392449
531.1282901251851,0.09688791832674436
531.2282901251851,0.09711795812411572
531.3282901251852,0.09734698653791433
531.4282901251852,0.09757499384555278
531.5282901251852,0.0978019703506636
531.6282901251852,0.09802790638378199
531.7282901251853,0.098252792303028
531.8282901251853,0.09847661849478795
531.9282901251853,0.09869937537439533
532.0282901251853,0.09892105338681081
532.1282901251853,0.09914164300730151
532.2282901251854,0.0993611347421192
532.3282901251854,0.09957951912917788
532.4282901251854,0.09979678673872987
532.5282901251854,0.10001292817404123
532.6282901251855,0.10022793407206575
532.7282901251855,0.1004417951041178
532.8282901251855,0.10065450197654388
532.9282901251855,0.10086604543139276
533.0282901251855,0.10107641624708422
533.1282901251856,0.10128560523907636
533.2282901251856,0.10149360326053113
533.3282901251856,0.10170040120297848
533.4282901251856,0.10190598999697863
533.5282901251857,0.10211036061278263
533.6282901251857,0.10231350406099103
533.7282901251857,0.10251541139321081
533.8282901251857,0.10271607370271009
533.9282901251858,0.10291548212507104
534.0282901251858,0.10311362783884047
534.1282901251858,0.10331050206617844
534.2282901251858,0.10350609607350449
534.3282901251858,0.10370040117214165
534.4282901251859,0.10389340871895805
534.5282901251859,0.10408511011700608
534.6282901251859,0.10427549681615904
534.7282901251859,0.10446456031374524
534.828290125186,0.10465229215517953
534.928290125186,0.104838683934592
535.028290125186,0.10502372729545399
535.128290125186,0.10520741393120123
535.228290125186,0.10538973558585416
535.3282901251861,0.1055706840546352
535.4282901251861,0.10575025118458309
535.5282901251861,0.10592842887516406
535.6282901251861,0.10610520907887978
535.7282901251862,0.10628058380187239
535.8282901251862,0.10645454510452582
535.9282901251862,0.10662708510206417
536.0282901251862,0.10679819596514638
536.1282901251863,0.10696786992045765
536.2282901251863,0.10713609925129718
536.3282901251863,0.10730287629816235
536.4282901251863,0.10746819345932934
536.5282901251863,0.10763204319142988
536.6282901251864,0.10779441801002435
536.7282901251864,0.10795531049017092
536.8282901251864,0.10811471326699096
536.9282901251864,0.10827261903623028
537.0282901251865,0.10842902055481654
537.1282901251865,0.10858391064141246
537.2282901251865,0.10873728217696489
537.3282901251865,0.10888912810524982
537.4282901251865,0.10903944143341297
537.5282901251866,0.10918821523250612
537.6282901251866,0.10933544263801909
537.7282901251866,0.10948111685040732
537.8282901251866,0.1096252311356149
537.9282901251867,0.10976777882559308
538.0282901251867,0.1099087533188142
538.1282901251867,0.11004814808078092
538.2282901251867,0.11018595664453085
538.3282901251868,0.11032217261113628
538.4282901251868,0.11045678965019919
538.5282901251868,0.11058980150034131
538.6282901251868,0.11072120196968943
538.7282901251868,0.11085098493635548
538.8282901251869,0.11097914434891175
538.9282901251869,0.11110567422686102
539.0282901251869,0.11123056866110152
539.1282901251869,0.11135382181438676
539.228290125187,0.11147542792177999
539.328290125187,0.11159538129110358
539.428290125187,0.11171367630338293
539.528290125187,0.11183030741328508
539.628290125187,0.11194526914955176
539.7282901251871,0.11205855611542721
539.8282901251871,0.11217016298908021
539.9282901251871,0.1122800845240207
540.0282901251871,0.11238831554951083
540.1282901251872,0.11249485097097014
540.2282901251872,0.11259968577037532
540.3282901251872,0.11270281500665397
540.4282901251872,0.11280423381607277
540.5282901251873,0.11290393741261964
540.6282901251873,0.11300192108838021
540.7282901251873,0.11309818021390824
540.8282901251873,0.11319271023859012
540.9282901251873,0.11328550669100337
541.0282901251874,0.11337656517926921
541.1282901251874,0.11346588139139878
541.2282901251874,0.11355345109563364
541.3282901251874,0.11363927014077976
541.4282901251875,0.11372333445653554
541.5282901251875,0.11380564005381352
541.6282901251875,0.11388618302505586
541.7282901251875,0.11396495954454347
541.8282901251876,0.11404196586869898
541.9282901251876,0.11411719833638305
542.0282901251876,0.11419065336918463
542.1282901251876,0.11426232747170453
542.2282901251876,0.11433221723183264
542.3282901251877,0.11440031932101867
542.4282901251877,0.11446663049453634
542.5282901251877,0.11453114759174106
542.6282901251877,0.11459386753632092
542.7282901251878,0.11465478733654123
542.8282901251878,0.11471390408548242
542.9282901251878,0.11477121496127102
543.0282901251878,0.11482671722730436
543.1282901251878,0.11488040823246826
543.2282901251879,0.11493228541134805
543.3282901251879,0.11498234628443296
543.4282901251879,0.11503058845831354
543.5282901251879,0.11507700962587247
543.628290125188,0.11512160756646832
543.728290125188,0.11516438014611273
543.828290125188,0.1152053253176405
543.928290125188,0.11524444112087291
544.028290125188,0.11528172568277416
544.1282901251881,0.11531717721760082
544.2282901251881,0.11535079402704437
544.3282901251881,0.11538257450036678
544.4282901251881,0.11541251711452918
544.5282901251882,0.11544062043431352
544.6282901251882,0.11546688311243712
544.7282901251882,0.11549130388966046
544.8282901251882,0.11551388159488771
544.9282901251883,0.11553461514526037
545.0282901251883,0.1155535035462438
545.1282901251883,0.1155705458917068
545.2282901251883,0.11558574136399392
545.3282901251883,0.11559908923399105
545.4282901251884,0.11561058886118346
545.5282901251884,0.1156202396937073
545.6282901251884,0.11562804126839353
545.7282901251884,0.11563399321080509
545.8282901251885,0.1156380952352668
545.9282901251885,0.11564034714488823
546.0282901251885,0.1156405965755191
546.1282901251885,0.11563616929620199
546.2282901251886,0.11562608768421062
546.3282901251886,0.11561035321846959
546.4282901251886,0.1155889682069785
546.5282901251886,0.11556193578624781
546.6282901251886,0.11552925992053195
546.7282901251887,0.1154909454008606
546.8282901251887,0.1154469978438678
546.9282901251887,0.11539742369041978
547.0282901251887,0.11534223020404166
547.1282901251888,0.11528142546914381
547.2282901251888,0.11521501838904823
547.3282901251888,0.11514301868381585
547.4282901251888,0.11506543688787536
547.5282901251888,0.11498228434745432
547.6282901251889,0.11489357321781374
547.7282901251889,0.11479931646028654
547.8282901251889,0.11469952783912157
547.9282901251889,0.11459422191813357
548.028290125189,0.11448341405716073
548.128290125189,0.11436712040833089
548.228290125189,0.1142453579121376
548.328290125189,0.11411814429332728
548.428290125189,0.11398549805659935
548.5282901251891,0.11384743848211995
548.6282901251891,0.11370398562085177
548.7282901251891,0.11355516028970077
548.8282901251891,0.11340098406648179
548.9282901251892,0.11324147928470481
549.0282901251892,0.11307666902818339
549.1282901251892,0.1129065771254673
549.2282901251892,0.11273122814410118
549.3282901251893,0.11255064738471109
549.4282901251893,0.11236486087492104
549.5282901251893,0.1121738953631015
549.6282901251893,0.11197777831195192
549.7282901251893,0.11177653789191967
549.8282901251894,0.11157020297445727
549.9282901251894,0.11135880312512036
550.0282901251894,0.11114236859650874
550.1282901251894,0.1109209303210527
550.2282901251895,0.11069451990364731
550.3282901251895,0.11046316961413674
550.4282901251895,0.11022691237965139
550.5282901251895,0.10998578177680043
550.6282901251896,0.10973981202372206
550.7282901251896,0.10948903797199429
550.8282901251896,0.10923349509840907
550.9282901251896,0.10897321949661218
551.0282901251896,0.10870824786861169
551.1282901251897,0.10843861751615824
551.2282901251897,0.10816436633199918
551.3282901251897,0.10788553279101006
551.4282901251897,0.10760215594120634
551.5282901251898,0.1073142753946378
551.6282901251898,0.10702193131816903
551.7282901251898,0.10672516442414906
551.8282901251898,0.10642401596097269
551.9282901251898,0.10611852770353708
552.0282901251899,0.10580874194359655
552.1282901251899,0.10549470148001829
552.2282901251899,0.10517644960894293
552.3282901251899,0.10485403011385233
552.42829012519,0.10452748725554827
552.52829012519,0.10419686576204497
552.62829012519,0.103862210818379
552.72829012519,0.10352356805633929
552.82829012519,0.10318098354412114
552.9282901251901,0.10283450377590699
553.0282901251901,0.10248417566137742
553.1282901251901,0.10213004651515582
553.2282901251901,0.10177216404618983
553.3282901251902,0.10141057634707296
553.4282901251902,0.10104533188330982
553.5282901251902,0.10067647948252807
553.6282901251902,0.10030406832364078
553.7282901251903,0.09992814792596208
553.8282901251903,0.09954876813828001
553.9282901251903,0.09916597912788945
554.0282901251903,0.0987798313695888
554.1282901251903,0.09839037563464366
554.2282901251904,0.09799766297972072
554.3282901251904,0.0976017447357956
554.4282901251904,0.0972026724970376
554.5282901251904,0.09680049810967487
554.6282901251905,0.09639527366084338
554.7282901251905,0.09598705146742302
554.8282901251905,0.09557588406486395
554.9282901251905,0.09516182419600677
555.0282901251906,0.09474492479989982
555.1282901251906,0.09432523900061648
555.2282901251906,0.09390282009607644
555.3282901251906,0.09347772154687335
555.4282901251906,0.09304999696511301
555.5282901251907,0.09261970010326455
555.6282901251907,0.09218688484302814
555.7282901251907,0.09175160518422251
555.8282901251907,0.09131391523369525
555.9282901251908,0.09087386919425905
556.0282901251908,0.0904315213536571
556.1282901251908,0.08998692607356061
556.2282901251908,0.08954013777860173
556.3282901251908,0.08909121094544462
556.4282901251909,0.0886402000918978
556.5282901251909,0.08818715976607104
556.6282901251909,0.08773214453557912
556.7282901251909,0.08727520897679607
556.828290125191,0.08681640766416227
556.928290125191,0.0863557951595475
557.028290125191,0.08589342600167274
557.128290125191,0.08542935469559346
557.228290125191,0.08496363570224713
557.3282901251911,0.0844963234280678
557.4282901251911,0.08402747221467027
557.5282901251911,0.08355713632860653
557.6282901251911,0.08308536995119715
557.7282901251912,0.08261222716844009
557.8282901251912,0.08213776196099942
557.9282901251912,0.08166202819427668
558.0282901251912,0.08118507960856684
558.1282901251913,0.08070696980930184
558.2282901251913,0.08022775225738345
558.3282901251913,0.07974748025960827
558.4282901251913,0.07926620695918693
558.5282901251913,0.07878398532635945
558.6282901251914,0.07830086814910948
558.7282901251914,0.07781690802397905
558.8282901251914,0.07733215734698605
558.9282901251914,0.0768466683046467
559.0282901251915,0.07636049286510456
559.1282901251915,0.07587368276936834
559.2282901251915,0.07538628952266044
559.3282901251915,0.07489836438587753
559.4282901251916,0.07440995836716574
559.5282901251916,0.07392112221361144
559.6282901251916,0.07343190640304988
559.7282901251916,0.0729423611359928
559.8282901251916,0.0724525363276771
559.9282901251917,0.07196248160023568
560.0282901251917,0.07147224627499217
560.1282901251917,0.07098187936488075
560.2282901251917,0.07049142956699284
560.3282901251918,0.07000094525525137
560.4282901251918,0.06951047447321453
560.5282901251918,0.06902006492700967
560.6282901251918,0.06852976397839892
560.7282901251918,0.06803961863797743
560.8282901251919,0.06754967555850523
560.9282901251919,0.06705998102837382
561.0282901251919,0.06657058096520858
561.1282901251919,0.06608152090960753
561.228290125192,0.06559284601901752
561.328290125192,0.06510460106174863
561.428290125192,0.06461683041112758
561.528290125192,0.06412957803979044
561.628290125192,0.06364288751411595
561.7282901251921,0.06315680198879929
561.8282901251921,0.06267136420156735
561.9282901251921,0.06218661646803585
562.0282901251921,0.06170260067670845
562.1282901251922,0.06121935828411866
562.2282901251922,0.060736930310114595
562.3282901251922,0.06025535733328681
562.4282901251922,0.05977467948653958
562.5282901251923,0.0592949364528058
562.6282901251923,0.05881616746090538
562.7282901251923,0.058338411281547514
562.8282901251923,0.05786170622347657
562.9282901251923,0.05738609012976178
563.0282901251924,0.0569116003742305
563.1282901251924,0.05643827385804499
563.2282901251924,0.055966147006422426
563.3282901251924,0.05549525576549812
563.4282901251925,0.05502563559933143
563.5282901251925,0.05455732148705428
563.6282901251925,0.05409034792016169
563.7282901251925,0.053624748899944084
563.8282901251926,0.05316055793506084
563.9282901251926,0.05269780803925463
564.0282901251926,0.05223653172920587
564.1282901251926,0.051776761022526964
564.2282901251926,0.05131852743589538
564.3282901251927,0.05086186198332517
564.4282901251927,0.050406795174576025
564.5282901251927,0.049953357013699254
564.6282901251927,0.04950157699771975
564.7282901251928,0.049051484115453306
564.8282901251928,0.04860310684645818
564.9282901251928,0.04815647316012017
565.0282901251928,0.047711610514870224
565.1282901251928,0.047268545857533484
565.2282901251929,0.04682730562280897
565.3282901251929,0.04638791573287858
565.4282901251929,0.045950401597144544
565.5282901251929,0.04551478811209412
565.628290125193,0.0450810996612903
565.728290125193,0.04464936011548757
565.828290125193,0.04421959283287117
565.928290125193,0.04379182065941891
566.028290125193,0.04336606592938417
566.1282901251931,0.04294235046589863
566.2282901251931,0.042520695581693635
566.3282901251931,0.042101122079938644
566.4282901251931,0.04168365025519547
566.5282901251932,0.04126829989448686
566.6282901251932,0.04085509027847798
566.7282901251932,0.040444040182769404
566.8282901251932,0.04003516787929989
566.9282901251933,0.039628491137857866
567.0282901251933,0.039224027227699555
567.1282901251933,0.03882179291927265
567.2282901251933,0.03842180448604371
567.3282901251933,0.03802407770642771
567.4282901251934,0.0376286278658183
567.5282901251934,0.03723546975871682
567.6282901251934,0.03684461769095884
567.7282901251934,0.0364560854820362
567.8282901251935,0.03606988646751306
567.9282901251935,0.035686033501534216
568.0282901251935,0.03530453895942408
568.1282901251935,0.03492541474037435
568.2282901251936,0.034548672270218926
568.3282901251936,0.03417432250429422
568.4282901251936,0.033802375930383
568.5282901251936,0.03343284257174017
568.6282901251936,0.033065731990198695
568.7282901251937,0.0327010532893537
568.8282901251937,0.032338815117823334
568.9282901251937,0.03197902567258412
569.0282901251937,0.031621692702379474
569.1282901251938,0.03126682351119921
569.2282901251938,0.030914424961828533
569.3282901251938,0.030564503479464416
569.4282901251938,0.03021706505539776
569.5282901251938,0.0298721152507595
569.6282901251939,0.02952965920032869
569.7282901251939,0.029189701616400957
569.8282901251939,0.028852246792715346
569.9282901251939,0.028517298608437828
570.028290125194,0.028184860532199603
570.128290125194,0.027854935626188473
570.228290125194,0.027527526550291326
570.328290125194,0.0272026355662861
570.428290125194,0.026880264542081304
570.5282901251941,0.026560414956001314
570.6282901251941,0.026243087901115774
570.7282901251941,0.025928284089611064
570.8282901251941,0.025616003857202398
570.9282901251942,0.025306247167584454
571.0282901251942,0.024999013616918985
571.1282901251942,0.02469430243835759
571.2282901251942,0.024392112506597896
571.3282901251943,0.024092442342471425
571.4282901251943,0.023795290117561377
571.5282901251943,0.02350065365884879
571.6282901251943,0.02320853045338508
571.7282901251943,0.02291891765298954
571.8282901251944,0.022631812078969988
571.9282901251944,0.022347210226864943
572.0282901251944,0.022065108271205634
572.1282901251944,0.021785502070296257
572.2282901251945,0.021508387171010803
572.3282901251945,0.021233758813604973
572.4282901251945,0.02096161193654135
572.5282901251945,0.020691941181326494
572.6282901251946,0.0204247408973583
572.7282901251946,0.020160005146782033
572.8282901251946,0.019897727709353562
572.9282901251946,0.019637902087308305
573.0282901251946,0.01938052151023432
573.1282901251947,0.019125578939948137
573.2282901251947,0.018873067075371862
573.3282901251947,0.018622978357410017
573.4282901251947,0.018375304973824884
573.5282901251948,0.018130038864108775
573.6282901251948,0.017887171724351975
573.7282901251948,0.017646695012104866
573.8282901251948,0.01740859995123306
573.9282901251948,0.017172877536764074
574.0282901251949,0.016939518539724294
574.1282901251949,0.016708513511965
574.2282901251949,0.016479852790976145
574.3282901251949,0.016253526504686627
574.428290125195,0.01602952457624989
574.528290125195,0.01580783672881366
574.628290125195,0.015588452490272603
574.728290125195,0.015371361198002795
574.828290125195,0.01515655200357683
574.9282901251951,0.01494401387745856
575.0282901251951,0.014733735613676188
575.1282901251951,0.014525705834472944
575.2282901251951,0.014319912994934002
575.3282901251952,0.014116345387588823
575.4282901251952,0.013914991146987885
575.5282901251952,0.013715838254252764
575.6282901251952,0.013518874541598721
575.7282901251953,0.01332408769682877
575.8282901251953,0.013131465267798424
575.9282901251953,0.012940994666850149
576.0282901251953,0.012752663175216731
576.1282901251953,0.012566457947392706
576.2282901251954,0.012382366015473035
576.3282901251954,0.012200374293458226
576.4282901251954,0.012020469581525205
576.5282901251954,0.011842638570263074
576.6282901251955,0.011666867844873184
576.7282901251955,0.01149314388933268
576.8282901251955,0.011321453090520978
576.9282901251955,0.011151781742308417
577.0282901251956,0.010984116049606531
577.1282901251956,0.010818442132379294
577.2282901251956,0.01065474602961476
577.3282901251956,0.01049301370325656
577.4282901251956,0.010333231042094706
577.5282901251957,0.010175383865615159
577.6282901251957,0.010019457927807684
577.7282901251957,0.009865438920931566
577.8282901251957,0.00971331247923865
577.9282901251958,0.009563064182653295
578.0282901251958,0.009414679560408923
578.1282901251958,0.009268144094640642
578.2282901251958,0.009123443223933644
578.3282901251958,0.008980562346827094
578.4282901251959,0.008839486825272984
578.5282901251959,0.008700201988049914
578.6282901251959,0.00856269313413129
578.7282901251959,0.008426945536007799
578.828290125196,0.008292944442963846
578.928290125196,0.008160675084307794
579.028290125196,0.008030122672555736
579.128290125196,0.007901272406568653
579.228290125196,0.007774109474642748
579.3282901251961,0.007648619057552873
579.4282901251961,0.007524786331548828
579.5282901251961,0.007402596471304495
579.6282901251961,0.0072820346528196704
579.7282901251962,0.007163086056274508
579.8282901251962,0.007045735868836561
579.9282901251962,0.006929969287420339
580.0282901251962,0.006815771521399322
580.1282901251963,0.006703127795270508
580.2282901251963,0.006592023351271442
580.3282901251963,0.006482443451949705
580.4282901251963,0.006374373382685039
580.5282901251963,0.006267798454163975
580.6282901251964,0.0061627040048072255
580.7282901251964,0.0060590754031497355
580.8282901251964,0.005956898050173673
580.9282901251964,0.005856157381594301
581.0282901251965,0.005756838870098988
581.1282901251965,0.005658928027539425
581.2282901251965,0.005562410407077228
581.3282901251965,0.005467271605283076
581.4282901251966,0.005373497264189582
581.5282901251966,0.005281073073298107
581.6282901251966,0.005189984771539627
581.7282901251966,0.0051002181491900354
581.8282901251966,0.005011759049739912
581.9282901251967,0.004924593371719176
582.0282901251967,0.004838707070476765
582.1282901251967,0.004754086159915628
582.2282901251967,0.004670716714183315
582.3282901251968,0.004588584869318458
582.4282901251968,0.004507676824853404
582.5282901251968,0.004427978845373303
582.6282901251968,0.00434947726203202
582.7282901251968,0.004272158474025112
582.8282901251969,0.004196008950020254
582.9282901251969,0.004121015229545438
583.0282901251969,0.004047163924335288
583.1282901251969,0.003974441719635851
583.228290125197,0.0039028353754682193
583.328290125197,0.0038323317278513734
583.428290125197,0.0037629176899845883
583.528290125197,0.0036945802533898345
583.628290125197,0.003627306489014512
583.7282901251971,0.003561083548294966
583.8282901251971,0.003495898664181147
583.9282901251971,0.003431739152122843
584.0282901251971,0.003368592411017912
584.1282901251972,0.0033064459241228922
584.2282901251972,0.0032452872599264674
584.3282901251972,0.0031851040729861794
584.4282901251972,0.003125884104728845
584.5282901251973,0.0030676151842150942
584.6282901251973,0.0030102852288684968
584.7282901251973,0.002953882245169702
584.8282901251973,0.002898394329316066
584.9282901251973,0.00284380966784719
585.0282901251974,0.002790116538236856
585.1282901251974,0.00273730330945179
585.2282901251974,0.002685358442477751
585.3282901251974,0.002634270490813376
585.4282901251975,0.002584028100932257
585.5282901251975,0.0025346200127137346
585.6282901251975,0.002486035059842861
585.7282901251975,0.0024382621701800116
585.8282901251976,0.002391290366100604
585.9282901251976,0.002345108764805436
586.0282901251976,0.002299706578602057
586.1282901251976,0.0022550731151577217
586.2282901251976,0.002211197777724332
586.3282901251977,0.0021680700653358928
586.4282901251977,0.002125679572978932
586.5282901251977,0.0020840159917363808
586.6282901251977,0.0020430691089053598
586.7282901251978,0.00200282880808939
586.8282901251978,0.0019632850692654557
586.9282901251978,0.0019244279688264377
587.0282901251978,0.0018862476795993514
587.1282901251979,0.0018487344708398965
587.2282901251979,0.0018118787082037587
587.3282901251979,0.0017756708536951584
587.4282901251979,0.001740101465593086
587.5282901251979,0.0017051611983557266
587.628290125198,0.0016708408025034986
587.728290125198,0.0016371311244812018
587.828290125198,0.0016040231064997066
587.928290125198,0.0015715077863576636
588.028290125198,0.001539576297243682
588.1282901251981,0.0015082198675194147
588.2282901251981,0.0014774298204840333
588.3282901251981,0.001447197574120494
588.4282901251981,0.001417514640824088
588.5282901251982,0.0013883726271136782
588.6282901251982,0.0013597632333260732
588.7282901251982,0.00133167825329399
588.8282901251982,0.0013041095740080025
588.9282901251983,0.0012770491752629395
589.0282901251983,0.0012504891292891257
589.1282901251983,0.0012244216003689083
589.2282901251983,0.0011988388444388735
589.3282901251984,0.0011737332086781754
589.4282901251984,0.001149097131083372
589.5282901251984,0.001124923140030195
589.6282901251984,0.0011012038538226261
589.7282901251984,0.001077931980229712
589.8282901251985,0.0010551003160104717
589.9282901251985,0.001032701746427322
590.0282901251985,0.0010107292447483756
590.1282901251985,0.000989175871739013
590.2282901251986,0.0009680347751430847
590.3282901251986,0.0009472991891541409
590.4282901251986,0.0009269624338770188
590.5282901251986,0.0009070179147801879
590.6282901251986,0.00088745912213918
590.7282901251987,0.0008682796304714786
590.8282901251987,0.0008494730979631945
590.9282901251987,0.0008310332658878983
591.0282901251987,0.0008129539580179153
591.1282901251988,0.0007952290800284445
591.2282901251988,0.0007778526188948192
591.3282901251988,0.0007608186422832303
591.4282901251988,0.0007441212979352361
591.5282901251989,0.0007277548130463733
591.6282901251989,0.0007117134936391752
591.7282901251989,0.0006959917239309111
591.8282901251989,0.0006805839656963251
591.9282901251989,0.0006654847576256992
592.028290125199,0.0006506887146785089
592.128290125199,0.0006361905274329537
592.228290125199,0.0006219849614316677
592.328290125199,0.0006080668565238555
592.428290125199,0.00059443112620414
592.5282901251991,0.0005810727569483902
592.6282901251991,0.0005679868075467759
592.7282901251991,0.0005551684084343161
592.8282901251991,0.0005426127610191674
592.9282901251992,0.0005303151370089
593.0282901251992,0.0005182708777349981
593.1282901251992,0.0005064753934758261
593.2282901251992,0.0004949241627782887
593.3282901251993,0.0004836127317784085
593.4282901251993,0.00047253671352105573
593.5282901251993,0.0004616917872790231
593.6282901251993,0.000451073697871683
593.7282901251994,0.00044067825498342214
593.8282901251994,0.000430501332482052
593.9282901251994,0.0004205388677374073
594.0282901251994,0.0004107868609403095
594.1282901251994,0.00040124137442209797
594.2282901251995,0.0003918985319749058
594.3282901251995,0.0003827545181728626
594.4282901251995,0.0003738055776943956
594.5282901251995,0.00036504801464580744
594.6282901251996,0.00035647819188629144
594.7282901251996,0.0003480925303545449
594.8282901251996,0.00033988750839714527
594.9282901251996,0.00033185966109883566
595.0282901251996,0.00032400557961487285
595.1282901251997,0.0003163219105055808
595.2282901251997,0.0003088053550732515
595.3282901251997,0.0003014526687015308
595.4282901251997,0.0002942606601974169
595.5282901251998,0.0002872261911360101
595.6282901251998,0.00028034617520812503
595.7282901251998,0.00027361757757089864
595.8282901251998,0.0002670374142015018
595.9282901251999,0.0002606027512540734
596.0282901251999,0.0002543107044199804
596.1282901251999,0.000248158438291515
596.2282901251999,0.00024214316572912715
596.3282901251999,0.00023626214723228994
596.4282901252,0.00023051269031409575
596.5282901252,0.00022489214887966863
596.6282901252,0.00021939792260848728
596.7282901252,0.00021402745634069558
596.8282901252,0.00020877823946748698
596.9282901252001,0.00020364780532563425
597.0282901252001,0.00019863373059624527
597.1282901252001,0.00019373363470780958
597.2282901252001,0.00018894517924360522
597.3282901252002,0.00018426606735353287
597.4282901252002,0.00017969404317043315
597.5282901252002,0.0001752268912309511
597.6282901252002,0.00017086243590099833
597.7282901252003,0.00016659854080586838
597.8282901252003,0.00016243310826505336
597.9282901252003,0.00015836407873180865
598.0282901252003,0.0001543894302375094
598.1282901252004,0.00015050717784084093
598.2282901252004,0.00014671537308186066
598.3282901252004,0.0001430121034409665
598.4282901252004,0.00013939549180280822
598.5282901252004,0.00013586369592516904
598.6282901252005,0.0001324149079128478
598.7282901252005,0.0001290473536965671
598.8282901252005,0.0001257592925169319
598.9282901252005,0.00012254901641345798
599.0282901252006,0.00011941484971869062
599.1282901252006,0.00011635514855743113
599.2282901252006,0.00011336830035108388
599.3282901252006,0.00011045272332713786
599.4282901252006,0.00010760686603379249
599.5282901252007,0.00010482920685973746
599.6282901252007,0.00010211825355909145
599.7282901252007,9.947254278150568e-05
599.8282901252007,9.689063960743383e-05
599.9282901252008,9.437113708857131e-05
600.0282901252008,9.19126557934602e-05
600.1282901252008,8.951384335826072e-05
600.2282901252008,8.717337404268168e-05
600.3282901252009,8.4889948291066e-05
600.4282901252009,8.266229229862431e-05
600.5282901252009,8.048915758280536e-05
600.6282901252009,7.836932055979536e-05
600.7282901252009,7.630158212613275e-05
600.828290125201,7.428476724542486e-05
600.928290125201,7.231772454015342e-05
601.028290125201,7.039932588855063e-05
601.128290125201,6.852846602653045e-05
601.228290125201,6.670406215465495e-05
601.3282901252011,6.492505355011685e-05
601.4282901252011,6.319040118371736e-05
601.5282901252011,6.149908734181588e-05
601.6282901252011,5.985011525323098e-05
601.7282901252012,5.8242508721064896e-05
601.8282901252012,5.667531175942954e-05
601.9282901252012,5.5147588235046304e-05
602.0282901252012,5.3658421513691756e-05
602.1282901252013,5.2206914111463276e-05
602.2282901252013,5.0792187350832945e-05
602.3282901252013,4.9413381021462864e-05
602.4282901252013,4.8069653045748456e-05
602.5282901252014,4.6760179149060806e-05
602.6282901252014,4.5484152534654145e-05
602.7282901252014,4.424078356320668e-05
602.8282901252014,4.302929943696104e-05
602.9282901252014,4.184894388843009e-05
603.0282901252015,4.069897687363375e-05
603.1282901252015,3.957867426983089e-05
603.2282901252015,3.848732757771121e-05
603.3282901252015,3.742424362801024e-05
603.4282901252016,3.6388744292510346e-05
603.5282901252016,3.538016619939143e-05
603.6282901252016,3.439786045289246e-05
603.7282901252016,3.3441192357246275e-05
603.8282901252016,3.250954114484867e-05
603.9282901252017,3.1602299708623465e-05
604.0282901252017,3.07188743385435e-05
604.1282901252017,2.9858684462269036e-05
604.2282901252017,2.9021162389862085e-05
604.3282901252018,2.8205753062538718e-05
604.4282901252018,2.7411913805416843e-05
604.5282901252018,2.6639114084220454e-05
604.6282901252018,2.5886835265898774e-05
604.7282901252019,2.5154570383119442e-05
604.8282901252019,2.444182390259501e-05
604.9282901252019,2.3748111497201154e-05
605.0282901252019,2.307295982184525e-05
605.1282901252019,2.2415906293044045e-05
605.228290125202,2.1776498872169136e-05
605.328290125202,2.115429585231784e-05
605.428290125202,2.0548865648768857e-05
605.528290125202,1.99597865929804e-05
605.628290125202,1.9386646730089343e-05
605.7282901252021,1.8829043619869895e-05
605.8282901252021,1.8286584141109877e-05
605.9282901252021,1.7758884299363527e-05
606.0282901252021,1.7245569038038493e-05
606.1282901252022,1.674627205277668e-05
606.2282901252022,1.6260635609086495e-05
606.3282901252022,1.578831036318603e-05
606.4282901252022,1.5328955186015464e-05
606.5282901252023,1.488223699037832e-05
606.6282901252023,1.4447830561169661e-05
606.7282901252023,1.4025418388651753e-05
606.8282901252023,1.3614690504735435e-05
606.9282901252024,1.3215344322227575e-05
607.0282901252024,1.2827084477004018e-05
607.1282901252024,1.2449622673067873e-05
607.2282901252024,1.208267753045383e-05
607.3282901252024,1.172597443593821e-05
607.4282901252025,1.1379245396515675e-05
607.5282901252025,1.1042228895603504e-05
607.6282901252025,1.0714669751934145e-05
607.7282901252025,1.0396318981097761e-05
607.8282901252026,1.0086933659695841e-05
607.9282901252026,9.78627679206805e-06
608.0282901252026,9.49411717955428e-06
608.1282901252026,9.210229292254161e-06
608.2282901252026,8.934393143246688e-06
608.3282901252027,8.666394165232973e-06
608.4282901252027,8.406023089565194e-06
608.5282901252027,8.153075827625296e-06
608.6282901252027,7.90735335451719e-06
608.7282901252028,7.668661595036664e-06
608.8282901252028,7.436811311883267e-06
608.9282901252028,7.211617996079061e-06
609.0282901252028,6.992901759559153e-06
609.1282901252029,6.780487229899423e-06
609.2282901252029,6.574203447147227e-06
609.3282901252029,6.373883762721e-06
609.4282901252029,6.179365740345176e-06
609.528290125203,5.990491058987101e-06
609.628290125203,5.807105417763047e-06
609.728290125203,5.629058442780597e-06
609.828290125203,5.456203595885251e-06
609.928290125203,5.288398085279239e-06
610.0282901252031,5.1255027779809435e-06
610.1282901252031,4.96738211409382e-06
610.2282901252031,4.813904022853793e-06
610.3282901252031,4.664939840424689e-06
610.4282901252031,4.5203642294114154e-06
610.5282901252032,4.3800551000612845e-06
610.6282901252032,4.243893533123696e-06
610.7282901252032,4.111763704339373e-06
610.8282901252032,3.9835528105300774e-06
610.9282901252033,3.8591509972607255e-06
611.0282901252033,3.738451288045525e-06
611.1282901252033,3.6213495150706803e-06
611.2282901252033,3.5077442514061476e-06
611.3282901252034,3.397536744679563e-06
611.4282901252034,3.2906308521856184e-06
611.5282901252034,3.1869329774046145e-06
611.6282901252034,3.0863520079042787e-06
611.7282901252034,2.988799254599247e-06
611.8282901252035,2.894188392342859e-06
611.9282901252035,2.802435401826596e-06
612.0282901252035,2.7134585127623904e-06
612.1282901252035,2.6271781483236885e-06
612.2282901252036,2.5435168708214406e-06
612.3282901252036,2.462399328591451e-06
612.4282901252036,2.3837522040698427e-06
612.5282901252036,2.307504163033983e-06
612.6282901252036,2.2335858049861207e-06
