0,6.369713094701094e-06
1,8.90872850242456e-06
2,1.2424375903837275e-05
3,1.727811848047911e-05
4,2.3959696864435357e-05
5,3.313059203809693e-05
6,4.568147103296273e-05
7,6.28078563023879e-05
8,8.610946027548885e-05
9,0.00011772013996453045
10,0.0001604773258242058
11,0.00021814215234594388
12,0.00029568447020026295
13,0.0003996505757931043
14,0.000538636000793148
15,0.0007238912333954165
16,0.0009700949943760033
17,0.0012963378942059973
18,0.00172736921506277
19,0.002295171490356765
20,0.00304094182675724
21,0.004017575897624603
22,0.005292770634508959
23,0.00695288528842814
24,0.009107728184329948
25,0.011896468627561389
26,0.015494910523724805
27,0.02012440681739074
28,0.02606274228630062
29,0.033657366937699655
30,0.04334142354978114
31,0.055653080970553485
32,0.07125875965173181
33,0.09098091736649251
34,0.11583115067860916
35,0.14704946070837732
36,0.18615062889374667
37,0.2349787481238363
38,0.2957710546407409
39,0.37123230367220933
40,0.4646210234082758
41,0.5798490634755497
42,0.7215959205253034
43,0.8954393691658958
44,1.10800394466156
45,1.3671288072347187
46,1.6820564583785451
47,2.0636436686307715
48,2.524595804642976
49,3.079725501718542
50,3.7462363069238735
51,4.544031508386934
52,5.496047860210521
53,6.6286133024632505
54,7.971827056586673
55,9.559959645145813
56,11.43186944087095
57,13.631431296563006
58,16.20797165189889
59,19.216703267349434
60,22.719151416353917
61,26.783561997220165
62,31.48528063449247
63,36.907090460369915
64,43.13949494080507
65,50.280930884555005
66,58.43789569828978
67,67.72497208287152
68,78.26473276432827
69,90.18750757891183
70,103.63099534602978
71,118.73970352488955
72,135.66419971517607
73,154.5601606769987
74,175.58720674920426
75,198.90751236431228
76,224.68418680427848
77,253.07942340817465
78,284.2524201052076
79,318.35707935736406
80,355.53950128566
81,395.9352898293541
82,439.6666981320714
83,486.83964582368225
84,537.540647312583
85,591.8336964425953
86,649.7571587110282
87,711.3207274893188
88,776.5025051312895
89,845.246273295303
90,917.4590190539351
91,993.0087842433987
92,1071.722904864146
93,1153.3867050643432
94,1237.7427062377042
95,1324.4904060087433
96,1413.2866743729373
97,1503.746805069908
98,1595.4462495122548
99,1687.92304844334
100,1780.6809631793492
101,1873.1932940787297
102,1964.907359093836
103,2055.249590249502
104,2143.6311910426152
105,2229.4542834630724
106,2312.118460001641
107,2391.027644027976
108,2465.5971516649147
109,2535.2608400917447
110,2599.478221371972
111,2657.7414176554553
112,2709.581833119267
113,2754.576420380644
114,2792.353424354094
115,2822.597494566046
116,2845.0540676357305
117,2859.532934752695
118,2865.910924228703
119,2862.3955890194234
120,2844.310731041974
121,2811.668373261226
122,2764.9725365143977
123,2704.937397214021
124,2632.469116076421
125,2548.6430897646565
126,2454.6774232832076
127,2351.9035368022173
128,2241.734896079437
129,2125.634888511024
130,2005.084857036628
131,1881.5532537697834
132,1756.466788400768
133,1631.18432885116
134,1506.9741703221637
135,1384.9951315440037
136,1266.2817717957737
137,1151.7338570766203
138,1042.1100460552022
139,938.0256225615024
140,839.9539766621546
141,748.2314346338969
142,663.0649617968596
143,584.5422120964158
144,512.643374058631
145,447.2542626077192
146,388.1801275497144
147,335.1596888808634
148,287.87896258647515
149,245.984504162227
150,209.095766656381
151,176.8163417844028
152,148.74392320742604
153,124.47889752889603
154,103.63152869534915
155,85.82775367164432
156,70.71365050801475
157,57.95867381604858
158,47.25777732150313
159,38.33255908170453
160,30.93157298409432
161,24.829951342998047
162,19.828478975189853
163,15.752250296603744
164,12.449028950421551
165,9.78741537460113
166,7.654912543607295
167,5.955964722645005
168,4.610029137675759
169,3.5497265113059657
170,2.719103807787708
171,2.072031493670864
172,1.5707482567551458
173,1.1845584383104657
174,0.8886813485659569
175,0.6632470242461134
176,0.4924296844724329
177,0.3637079634376862
178,0.2672397552425026
179,0.19533901376710316
180,0.14204193706371387
181,0.1027504782506088
182,0.07394193096921088
183,0.0529343267548608
184,0.03769846526389694
185,0.026708507289238997
186,0.01882414384945026
187,0.013198376701910318
188,0.009205883539419379
189,0.006387782253194705
190,0.004409348249218927
191,0.003027877968614034
192,0.002068435607769842
193,0.001405676269335258
194,0.0009503165461947563
195,0.0006391325542368403
196,0.00042761532093200006
197,0.0002846133357289377
198,0.00018845033066228393
199,0.0001241304221710842
200,8.133907537286449e-05
201,5.302246329994315e-05
202,3.438430411213214e-05
203,2.218197689318546e-05
204,1.4235736082630568e-05
205,9.08864787236529e-06
206,5.7724249789900856e-06
207,3.647178233034404e-06
208,2.2924261155515674e-06
209,1.433419728861598e-06
210,8.916431510492242e-07
211,5.517577583458866e-07
212,3.3966084780437845e-07
213,2.0800903545645347e-07
214,1.2672391491471702e-07
215,7.680237186699966e-08
216,4.630526285145816e-08
217,2.7773188728628243e-08
218,1.657146130409719e-08
219,9.83638545422383e-09
220,5.80831205350651e-09
221,3.4119606444671006e-09
222,1.993874207695911e-09
223,1.159127389234972e-09
224,6.703540702134053e-10
225,3.8567101737020736e-10
226,2.2073409814796808e-10
227,1.2567865365327715e-10
228,7.118578571649881e-11
229,4.0111113324002724e-11
230,2.248411614650099e-11
231,1.2537951740392888e-11
232,6.955318751624968e-12
233,3.838372790149704e-12
234,2.107254239515572e-12
235,1.1508703215723981e-12
236,6.252814075306361e-13
237,3.379592285513147e-13
238,1.817158354077588e-13
239,9.719880154258478e-14
240,5.172121463121631e-14
241,2.7378912310617297e-14
242,1.441794406711141e-14
243,7.553185524260803e-15
244,3.936376569080246e-15
245,2.0408110359605395e-15
246,1.0525642623200481e-15
247,5.400501819567221e-16
248,2.7565081653858544e-16
249,1.3996650555379556e-16
250,7.070149984063207e-17
251,3.5528167193029605e-17
252,1.7760559833758672e-17
253,8.832429274084345e-18
254,4.36961683499279e-18
