0,0.059482089937075794
1,0.0811917422547092
2,0.11034337836534645
3,0.14931019631529463
4,0.2011599090620627
5,0.26983741576604625
6,0.36038912844526266
7,0.4792365888665646
8,0.6345078934750672
9,0.8364362848722456
10,1.0978360146305943
11,1.4346661691493903
12,1.866693499523661
13,2.418265316319442
14,3.1192030963492265
15,4.005826485694741
16,5.122115747957004
17,6.5210182718816885
18,8.265901392973744
19,10.432149383706298
20,13.108896928966889
21,16.40088465866225
22,20.430414329362538
23,25.339372055556343
24,31.291277677754607
25,38.47330708582566
26,47.0982223459782
27,57.40613215927829
28,69.6659929598127
29,84.17674939366722
30,101.26800265271721
31,121.30008689898604
32,144.6634285972053
33,171.77706180025282
34,203.0861751272138
35,239.0585741141467
36,280.1799564852845
37,326.94791822021756
38,379.86463540843965
39,439.4282008545889
40,506.1226349841746
41,580.4066372078362
42,662.701195559639
43,753.3762277668125
44,852.7364841853977
45,961.0070001449353
46,1078.318439782262
47,1204.69272278578
48,1340.0293668751742
49,1484.0930095702436
50,1636.5025902628981
51,1796.7226754972023
52,1964.0573948252047
53,2137.6474203693374
54,2316.4703697280866
55,2499.3449393701508
56,2684.938985318958
57,2871.781661792794
58,3058.279609487889
59,3242.7370571484253
60,3423.379567438311
61,3598.38102593134
62,3765.8933456140744
63,3924.078244082891
64,4071.140351873945
65,4205.360832914052
66,4325.130646045309
67,4428.98255314796
68,4515.620986627528
69,4583.948927733298
70,4633.091016769929
71,4662.41221481608
72,4671.263042796823
73,4549.1786398175
74,4222.494715082517
75,3735.4479870956775
76,3149.5878620838384
77,2531.058704416229
78,1938.5998005965498
79,1415.1796174064207
80,984.6285438371444
81,652.9361796456724
82,412.67342423233686
83,248.58775085129108
84,142.72182942568526
85,78.09775294203939
86,40.73091143459369
87,20.246370219049947
88,9.591966980854329
89,4.33117400398152
90,1.8639791236577647
91,0.764564117356117
92,0.2988988438115901
93,0.11137097302388008
94,0.03955097995250142
95,0.013386897510321051
96,0.004318571198301656
97,0.0013278153505439858
98,0.0003891103132223681
99,0.00010867890499185521
100,2.893045218419833e-05
101,7.340111296179915e-06
102,1.7749557232345393e-06
103,4.0908151754224726e-07
104,8.986066916530825e-08
105,1.8813382868853228e-08
106,3.754063331452035e-09
107,7.139597874471671e-10
108,1.2941462664913305e-10
109,2.235787025195171e-11
110,3.681416502759627e-12
111,5.777459817910378e-13
112,8.641643937312389e-14
113,1.2319504996191877e-14
114,1.6738926543245854e-15
115,2.1677011328979844e-16
116,2.6755228304580967e-17
117,3.147424878727787e-18
118,3.528901538555347e-19
119,3.771040219705965e-20
120,3.8407871785683194e-21
121,3.7283508794838212e-22
122,3.449457254046861e-23
123,3.0417408688074718e-24
124,2.556413568935416e-25
125,2.047752527401973e-26
126,1.5633682320884017e-27
127,1.1375815779894118e-28
128,7.889350915005056e-30
129,5.214797546598658e-31
130,3.285270143924511e-32
131,1.9726142985956055e-33
132,1.128887650975086e-34
133,6.15739086847801e-36
134,3.200959504243797e-37
135,1.5859923639207543e-38
136,7.489614415203089e-40
137,3.3709730688562244e-41
138,1.446067487070336e-42
139,5.912338570762656e-44
140,2.3039204832579917e-45
141,8.556834482149895e-47
142,3.0289787907046044e-48
143,1.0219197413887121e-49
144,3.286054794919629e-51
145,1.0070946031702466e-52
146,2.941732590177133e-54
147,8.18980517640216e-56
148,2.1731084721783662e-57
149,5.495746535953476e-59
150,1.3246753053648874e-60
151,3.0431940156807835e-62
152,6.663268254736139e-64
153,1.3905365536736168e-65
154,2.7657630960969087e-67
155,5.243062088531818e-69
156,9.47310779990166e-71
157,1.6313134379901107e-72
158,2.6774403468325886e-74
159,4.188318006713952e-76
160,6.244489647198546e-78
161,8.873433653324101e-80
162,1.2017770841383154e-81
163,1.551292118818053e-83
164,1.9085375511961148e-85
165,2.2379237640750246e-87
166,2.5010784963307987e-89
167,2.6640772391070936e-91
168,2.704604445149525e-93
169,2.6169664709618598e-95
170,2.4134039261124936e-97
171,2.1212864943886486e-99
172,1.7770763802045065e-101
173,1.4188951939847601e-103
174,1.0797718383211973e-105
175,7.83161141355937e-108
176,5.413868720267181e-110
177,3.5669889651815066e-112
178,2.239923915568737e-114
179,1.3406092856695166e-116
180,7.647308936640541e-119
181,4.157693808802243e-121
182,2.15443713358274e-123
183,1.0640268925364507e-125
184,5.008513385901918e-128
185,2.246997186360919e-130
186,9.608015033854278e-133
187,3.915635658463085e-135
188,1.5209268654518435e-137
189,5.630563274239917e-140
190,1.986702374432856e-142
191,6.681150178935735e-145
192,2.1414459268153662e-147
193,6.541847966015577e-150
194,1.9047204147249173e-152
195,5.285663142242582e-155
196,1.3979935985246474e-157
197,3.524100938952717e-160
198,8.466988134558841e-163
199,1.9388625346506633e-165
200,4.2315798630753687e-168
201,8.802286913114767e-171
202,1.7451226472976032e-173
203,3.297568640369023e-176
204,5.9388066976077155e-179
205,1.0193938061765016e-181
206,1.6677165818231518e-184
207,2.600398811362211e-187
208,3.86451614809789e-190
209,5.473785180072634e-193
210,7.389547209310298e-196
211,9.507916569567784e-199
212,1.165977988780164e-201
213,1.3628021096875169e-204
214,1.5181430580399163e-207
215,1.6118701562847664e-210
216,1.6311160695306452e-213
217,1.5731753535711107e-216
218,1.4461284057492064e-219
219,1.266992474922546e-222
220,1.0579829518806091e-225
221,8.420168051444445e-229
222,6.387049832381955e-232
223,4.617610589610787e-235
224,3.181791825579105e-238
225,2.0896024734190005e-241
226,1.3079557189487982e-244
227,7.802968687629498e-248
228,4.4367416713771124e-251
229,2.4043953359251556e-254
230,1.2418955374735858e-257
231,6.113666041818149e-261
232,2.868506329731981e-264
233,1.282765788958636e-267
234,5.467343756256985e-271
235,2.220970797358258e-274
236,8.598976681150766e-278
237,3.173132080097402e-281
238,1.1160071675926622e-284
239,3.74096180017562e-288
240,1.1951901870019643e-291
241,3.6393868330767444e-295
242,1.0562260534611725e-298
243,2.9216150142249246e-302
244,7.702408628924991e-306
245,1.935385923968284e-309
246,4.6349606776e-313
247,1.05801307e-316
248,2.3083e-320
249,0.0
250,0.0
251,0.0
252,0.0
253,0.0
254,0.0
