516.6221825099441,0.0001139549042966298
516.7221825099441,0.00012000005693464237
516.8221825099441,0.0001263401103685477
516.9221825099442,0.00013298798944743796
517.0221825099442,0.0001399571070971739
517.1221825099442,0.00014726137876746502
517.2221825099442,0.0001549152371114916
517.3221825099442,0.00016293364689181725
517.4221825099443,0.00017133212010568113
517.5221825099443,0.00018012673132207515
517.6221825099443,0.00018933413322231126
517.7221825099443,0.00019897157233505372
517.8221825099444,0.00020905690495604567
517.9221825099444,0.0002196086132419852
518.0221825099444,0.00023064582146721616
518.1221825099444,0.000242188312431082
518.2221825099444,0.0002542565440029597
518.3221825099445,0.0002668716657911304
518.4221825099445,0.00028005553592077274
518.5221825099445,0.0002938307379054673
518.6221825099445,0.00030822059759568913
518.7221825099446,0.00032324920018683446
518.8221825099446,0.00033894140726837977
518.9221825099446,0.0003553228738948083
519.0221825099446,0.00037242006565796094
519.1221825099447,0.00039026027573948064
519.2221825099447,0.00040887164192100495
519.3221825099447,0.0004282831635287605
519.4221825099447,0.0004485247182881741
519.5221825099447,0.0004696270790630922
519.6221825099448,0.0004916219304531537
519.7221825099448,0.0005145418852218175
519.8221825099448,0.0005384205005264969
519.9221825099448,0.0005632922939212079
520.0221825099449,0.0005891927591010713
520.1221825099449,0.0006161583813569868
520.2221825099449,0.0006442266527077238
520.3221825099449,0.0006734360866756597
520.422182509945,0.000703826232671357
520.522182509945,0.0007354376899511516
520.622182509945,0.0007683121211109236
520.722182509945,0.0008024922650782363
520.822182509945,0.0008380219495640505
520.9221825099451,0.0008749461029342811
521.0221825099451,0.0009133107654605359
521.1221825099451,0.0009531630999084728
521.2221825099451,0.0009945514014213506
521.3221825099452,0.0010375251066555066
521.4221825099452,0.0010821348021237027
521.5221825099452,0.0011284322317015015
521.6221825099452,0.001176470303251139
521.7221825099452,0.0012263030943166619
521.8221825099453,0.0012779858568434722
521.9221825099453,0.0013315750208748832
522.0221825099453,0.0013871281971776894
522.1221825099453,0.0014447041787483859
522.2221825099454,0.0015043629411511925
522.3221825099454,0.0015661656416387354
522.4221825099454,0.0016301746170059674
522.5221825099454,0.0016964533801276933
522.6221825099454,0.0017650666151299602
522.7221825099455,0.0018360801711455148
522.8221825099455,0.001909561054603545
522.9221825099455,0.0019855774200040997
523.0221825099455,0.0020641985591277057
523.1221825099456,0.0021454948886310615
523.2221825099456,0.0022295379359800437
523.3221825099456,0.00231640032367176
523.4221825099456,0.002406155751697965
523.5221825099457,0.0024988789782028386
523.6221825099457,0.0025946457982889263
523.7221825099457,0.0026935330209259577
523.8221825099457,0.0027956184439182122
523.9221825099457,0.002900980826887305
524.0221825099458,0.003009699862228457
524.1221825099458,0.003121856143999647
524.2221825099458,0.0032375311347045952
524.3221825099458,0.0033568071299320454
524.4221825099459,0.0034797672208155524
524.5221825099459,0.003606495254279864
524.6221825099459,0.0037370757910418894
524.7221825099459,0.003871594061336364
524.822182509946,0.0040101359183385725
524.922182509946,0.004152787789258759
525.022182509946,0.004299636624085381
525.122182509946,0.004450769841956978
525.222182509946,0.004606275275145068
525.3221825099461,0.004766241110633426
525.4221825099461,0.004930755829282017
525.5221825099461,0.005099908142566975
525.6221825099461,0.005273786926891248
525.7221825099462,0.005452481155463827
525.8221825099462,0.005636079827749064
525.9221825099462,0.0058246718964909345
526.0221825099462,0.006018346192321069
526.1221825099462,0.0062171913459629505
526.2221825099463,0.0064212957080486905
526.3221825099463,0.006630747266568851
526.4221825099463,0.00684563356197973
526.5221825099463,0.007066041599996962
526.6221825099464,0.007292057762108342
526.7221825099464,0.007523767713843401
526.8221825099464,0.007761256310841508
526.9221825099464,0.008004607502764985
527.0221825099464,0.00825390423510822
527.1221825099465,0.008509228348958467
527.2221825099465,0.008770660478768785
527.3221825099465,0.009038279948208215
527.4221825099465,0.009312164664159264
527.5221825099466,0.009592391008937547
527.6221825099466,0.00987903373081317
527.7221825099466,0.010172165832918618
527.8221825099466,0.01047185846063249
527.9221825099467,0.010778180787533547
528.0221825099467,0.01109119990002427
528.1221825099467,0.011410980680728126
528.2221825099467,0.011737585690769416
528.3221825099467,0.012071075051049512
528.4221825099468,0.012411506322637945
528.5221825099468,0.012758934386401575
528.6221825099468,0.013113411321999547
528.7221825099468,0.013474986286376478
528.8221825099469,0.013843705391890584
528.9221825099469,0.014219611584217851
529.0221825099469,0.014602744520177686
529.1221825099469,0.014993140445629377
529.222182509947,0.015390832073592937
529.322182509947,0.01579584846275144
529.422182509947,0.016208214896495855
529.522182509947,0.016627952762676784
529.622182509947,0.017055079434230826
529.7221825099471,0.017489608150852418
529.8221825099471,0.017931547901885014
529.9221825099471,0.018380903310608064
530.0221825099471,0.018837674520098827
530.1221825099472,0.019301857080850273
530.2221825099472,0.019773441840328452
530.3221825099472,0.02025241483465426
530.4221825099472,0.02073875718259635
530.5221825099472,0.021232444982062827
530.6221825099473,0.021733449209280626
530.7221825099473,0.02224173562085199
530.8221825099473,0.022757264658877726
530.9221825099473,0.02327999135933735
531.0221825099474,0.023809865263915517
531.1221825099474,0.02434683033546392
531.2221825099474,0.02489082487728686
531.3221825099474,0.025441781456437315
531.4221825099474,0.025999626831209023
531.5221825099475,0.026564281883008002
531.6221825099475,0.02713566155278483
531.7221825099475,0.027713674782206252
531.8221825099475,0.02829822445974192
531.9221825099476,0.02888920737183861
532.0221825099476,0.029486514159350746
532.1221825099476,0.03009002927939197
532.2221825099476,0.030699630972768063
532.3221825099477,0.031315191237147065
532.4221825099477,0.03193657580611695
532.5221825099477,0.032563644134276294
532.6221825099477,0.03319624938849704
532.7221825099477,0.03383423844549286
532.8221825099478,0.034477451895819765
532.9221825099478,0.03512572405442905
533.0221825099478,0.035778882977885375
533.1221825099478,0.03643675048835547
533.2221825099479,0.03709914220446505
533.3221825099479,0.0377658675791136
533.4221825099479,0.03843672994432807
533.5221825099479,0.03911152656322827
533.622182509948,0.03979004868916733
533.722182509948,0.04047208163210173
533.822182509948,0.04115740483223594
533.922182509948,0.041845791940976707
534.022182509948,0.04253701090922249
534.1221825099481,0.04323082408300324
534.2221825099481,0.04392698830647521
534.3221825099481,0.04462525503226544
534.4221825099481,0.045325370439149255
534.5221825099482,0.04602707555703397
534.6221825099482,0.04673010639921045
534.7221825099482,0.04743419410182357
534.8221825099482,0.04813906507050101
534.9221825099482,0.0488444411340691
535.0221825099483,0.0495500397052728
535.1221825099483,0.05025557394840551
535.2221825099483,0.05096075295374355
535.3221825099483,0.051665281918668184
535.4221825099484,0.05236886233534736
535.5221825099484,0.053071192184837634
535.6221825099484,0.05377196613745587
535.7221825099484,0.05447087575925916
535.8221825099484,0.05516760972446024
535.9221825099485,0.05586185403359525
536.0221825099485,0.05655329223724948
536.1221825099485,0.05724160566513694
536.2221825099485,0.057926473660318493
536.3221825099486,0.05860757381833398
536.4221825099486,0.05928458223101337
536.5221825099486,0.05995717373472292
536.6221825099486,0.06062502216279245
536.7221825099487,0.06128780060186152
536.8221825099487,0.061945181651873266
536.9221825099487,0.06259683768943633
537.0221825099487,0.0632424411342677
537.1221825099487,0.06388166471842169
537.2221825099488,0.0645141817580025
537.3221825099488,0.06513966642705235
537.4221825099488,0.06575779403329965
537.5221825099488,0.06636824129544651
537.6221825099489,0.06697068662166959
537.7221825099489,0.06756481038900299
537.8221825099489,0.06815029522326796
537.9221825099489,0.06872682627920991
538.022182509949,0.06929409152050038
538.122182509949,0.06985178199925836
538.222182509949,0.07039959213474316
538.322182509949,0.0709372199908697
538.422182509949,0.07146436755219535
538.5221825099491,0.0719807409980273
538.6221825099491,0.07248605097429921
538.7221825099491,0.07298001286286647
538.8221825099491,0.07346234704787069
538.9221825099492,0.0739327791788254
539.0221825099492,0.07439104043007762
539.1221825099492,0.07483686775630252
539.2221825099492,0.07527000414369231
539.3221825099492,0.0756901988565036
539.4221825099493,0.07609720767863347
539.5221825099493,0.07649079314989808
539.6221825099493,0.07687072479669492
539.7221825099493,0.0772367793567348
539.8221825099494,0.07758874099753738
539.9221825099494,0.07792640152839105
540.0221825099494,0.07824956060548588
540.1221825099494,0.07855802592993692
540.2221825099494,0.07885161343842392
540.3221825099495,0.07913014748618297
540.4221825099495,0.07939346102209544
540.5221825099495,0.07964139575563
540.6221825099495,0.0798738023154043
540.7221825099496,0.08009054039914351
540.8221825099496,0.08029147891482583
540.9221825099496,0.08047649611281533
541.0221825099496,0.0806454797087963
541.1221825099497,0.08079832699733501
541.2221825099497,0.08093494495590833
541.3221825099497,0.08105525033925155
541.4221825099497,0.08115916976389143
541.5221825099497,0.08124663978274443
541.6221825099498,0.08131760694967402
541.7221825099498,0.0813720278739147
541.8221825099498,0.08140986926428576
541.9221825099498,0.08143110796313119
542.0221825099499,0.0814353464570406
542.1221825099499,0.08141207236615237
542.2221825099499,0.08135658173555244
542.3221825099499,0.08126894044846443
542.42218250995,0.0811492524990759
542.52218250995,0.08099765978690145
542.62218250995,0.08081434183643167
542.72218250995,0.08059951544284291
542.82218250995,0.0803534342447467
542.9221825099501,0.08007638822515743
543.0221825099501,0.07976870314205291
543.1221825099501,0.07943073989009261
543.2221825099501,0.07906289379524459
543.3221825099502,0.07866559384425066
543.4221825099502,0.07823930185103187
543.5221825099502,0.0777845115623016
543.6221825099502,0.07730174770481034
543.7221825099502,0.07679156497679512
543.8221825099503,0.07625454698634597
543.9221825099503,0.07569130513953257
544.0221825099503,0.0751024774812542
544.1221825099503,0.0744887274918872
544.2221825099504,0.07385074284290327
544.3221825099504,0.07318923411472202
544.4221825099504,0.07250493348013855
544.5221825099504,0.07179859335673448
544.6221825099504,0.07107098503173626
544.7221825099505,0.07032289726282862
544.8221825099505,0.06955513485846478
544.9221825099505,0.06876851724123514
545.0221825099505,0.06796387699786699
545.1221825099506,0.0671420584194259
545.2221825099506,0.06630391603527709
545.3221825099506,0.06545031314434085
545.4221825099506,0.064582120347142
545.5221825099507,0.06370021408210796
545.6221825099507,0.06280547516951451
545.7221825099507,0.061898787366412904
545.8221825099507,0.06098103593579682
545.9221825099507,0.06005310623318368
546.0221825099508,0.059115882313691186
546.1221825099508,0.05817024556258893
546.2221825099508,0.05721707335219561
546.3221825099508,0.056257237727875525
546.4221825099509,0.055291604125764476
546.5221825099509,0.05432103012472595
546.6221825099509,0.053346364234902285
546.7221825099509,0.05236844472508527
546.822182509951,0.051388098490985364
546.922182509951,0.05040613996632938
547.022182509951,0.04942337007856411
547.122182509951,0.048440575250787786
547.222182509951,0.04745852645137388
547.3221825099511,0.046477978292592655
547.4221825099511,0.04549966817937564
547.5221825099511,0.0445243155092077
547.6221825099511,0.043552620923971254
547.7221825099512,0.0425852656144072
547.8221825099512,0.04162291067769908
547.9221825099512,0.040666196528530284
548.0221825099512,0.03971574236380995
548.1221825099512,0.03877214568111199
548.2221825099513,0.03783598185072297
548.3221825099513,0.03690780374105105
548.4221825099513,0.03598814139700709
548.5221825099513,0.03507750177083393
548.6221825099514,0.03417636850472881
548.7221825099514,0.03328520176447834
548.8221825099514,0.03240443812320562
548.9221825099514,0.031534490494214924
549.0221825099514,0.03067574811181132
549.1221825099515,0.02982857655887097
549.2221825099515,0.02899331783984265
549.3221825099515,0.028170290497772595
549.4221825099515,0.027359789773863004
549.5221825099516,0.02656208780799973
549.6221825099516,0.02577743387861717
549.7221825099516,0.025006054680207033
549.8221825099516,0.02424815463672456
549.9221825099517,0.02350391624909841
550.0221825099517,0.022773500475011206
550.1221825099517,0.02205704713908447
550.2221825099517,0.02135467537157585
550.3221825099517,0.02066648407367716
550.4221825099518,0.01999255240748887
550.5221825099518,0.019332940308740488
550.6221825099518,0.018687689020325905
550.7221825099518,0.018056821644728712
550.8221825099519,0.017440343713424195
550.9221825099519,0.016838243771361897
551.0221825099519,0.016250493974655104
551.1221825099519,0.01567705069963148
551.222182509952,0.015117855161431193
551.322182509952,0.01457283404037608
551.422182509952,0.014041900114374447
551.522182509952,0.013524952895671275
551.622182509952,0.013021879270302378
551.7221825099521,0.012532554138663166
551.8221825099521,0.012056841055657842
551.9221825099521,0.011594592868952789
552.0221825099521,0.01114565235391817
552.1221825099522,0.01070985284390426
552.2221825099522,0.010287018854563392
552.3221825099522,0.009876966700994161
552.4221825099522,0.009479505106551555
552.5221825099522,0.009094435802234957
552.6221825099523,0.008721554115634446
552.7221825099523,0.008360649548485196
552.8221825099523,0.00801150634194893
552.9221825099523,0.007673904028810846
553.0221825099524,0.007347617971849106
553.1221825099524,0.007032419887702605
553.2221825099524,0.006728078355630166
553.3221825099524,0.0064343593106210685
553.4221825099524,0.006151026520382214
553.5221825099525,0.005877842045791483
553.6221825099525,0.005614566684469413
553.7221825099525,0.005360960397182264
553.8221825099525,0.005116782716848927
553.9221825099526,0.00488179313998113
554.0221825099526,0.004655751500441857
554.1221825099526,0.00443841832545985
554.2221825099526,0.004229555173888989
554.3221825099527,0.004028924956749909
554.4221825099527,0.0038362922401373673
554.5221825099527,0.0036514235306207674
554.6221825099527,0.0034740875433064383
554.7221825099527,0.003304055452769255
554.8221825099528,0.003141101127097452
554.9221825099528,0.0029850013453283685
555.0221825099528,0.002835535998584226
555.1221825099528,0.002692488275245821
555.2221825099529,0.0025556448305285627
555.3221825099529,0.0024247959408490376
555.4221825099529,0.0022997356433920495
555.5221825099529,0.0021802618613071235
555.622182509953,0.00206617651498049
