516.6221825099441,3.6762483657359777e-07
516.7221825099441,4.2654334470004066e-07
516.8221825099441,4.945177695394664e-07
516.9221825099442,5.72876542180554e-07
517.0221825099442,6.631329120565715e-07
517.1221825099442,7.67009128296059e-07
517.2221825099442,8.864635609845916e-07
517.3221825099442,1.0237210884212006e-06
517.4221825099443,1.181307108427277e-06
517.5221825099443,1.3620855663375937e-06
517.6221825099443,1.5693014296162422e-06
517.7221825099443,1.8066280792384551e-06
517.8221825099444,2.0782201312033228e-06
517.9221825099444,2.3887722479302697e-06
518.0221825099444,2.743584548975753e-06
518.1221825099444,3.1486352836104655e-06
518.2221825099444,3.6106614844362356e-06
518.3221825099445,4.137248381497885e-06
518.4221825099445,4.736928420345826e-06
518.5221825099445,5.419290795298262e-06
518.6221825099445,6.1951024807865055e-06
518.7221825099446,7.0764418191619e-06
518.8221825099446,8.076845802695152e-06
518.9221825099446,9.21147227066409e-06
519.0221825099446,1.049727832932891e-05
519.1221825099447,1.1953216393112812e-05
519.2221825099447,1.3600449339272857e-05
519.3221825099447,1.5462586365541783e-05
519.4221825099447,1.7565941240365595e-05
519.5221825099447,1.9939814738116613e-05
519.6221825099448,2.261680315661168e-05
519.7221825099448,2.563313492092888e-05
519.8221825099448,2.902903738532523e-05
519.9221825099448,3.2849136053359385e-05
520.0221825099449,3.714288854437497e-05
520.1221825099449,4.196505574145381e-05
520.2221825099449,4.7376212660864316e-05
520.3221825099449,5.344330168484835e-05
520.422182509945,6.024023089714798e-05
520.522182509945,6.784852035268228e-05
520.622182509945,7.635799919784172e-05
520.722182509945,8.586755663444768e-05
520.822182509945,9.64859497868653e-05
520.9221825099451,0.00010833267158629275
521.0221825099451,0.00012153888182695971
521.1221825099451,0.00013624840457383277
521.2221825099451,0.00015261879510829215
521.3221825099452,0.00017082247958484268
521.4221825099452,0.0001910479705358742
521.5221825099452,0.00021350116130031547
521.6221825099452,0.0002384067023631611
521.7221825099452,0.00026600946247362704
521.8221825099453,0.0002965760772574012
521.9221825099453,0.00033039658785034425
522.0221825099453,0.00036778617185423504
522.1221825099453,0.0004090869686469796
522.2221825099454,0.0004546700007673085
522.3221825099454,0.0005049371927346322
522.4221825099454,0.0005603234882557565
522.5221825099454,0.0006212990663090233
522.6221825099454,0.0006883716560807018
522.7221825099455,0.0007620889501559092
522.8221825099455,0.000843041114734944
522.9221825099455,0.0009318633949539759
523.0221825099455,0.001029238812635016
523.1221825099456,0.0011359009529730286
523.2221825099456,0.001252636835787152
523.3221825099456,0.0013802898660181322
523.4221825099456,0.0015197628571453736
523.5221825099457,0.0016720211201255134
523.6221825099457,0.0018380956093213142
523.7221825099457,0.0020190861156972003
523.8221825099457,0.002216164496308592
523.9221825099457,0.0024305779278099657
524.0221825099458,0.0026636521703554137
524.1221825099458,0.0029167948268706756
524.2221825099458,0.0031914985812431405
524.3221825099458,0.00348934439751298
524.4221825099459,0.003812004660662273
524.5221825099459,0.004161246238098277
524.6221825099459,0.004538933439422116
524.7221825099459,0.004947030850574692
524.822182509946,0.005387606016970527
524.922182509946,0.005862831948778703
525.022182509946,0.00637498942010247
525.122182509946,0.006926469032459208
525.222182509946,0.00751977301168533
525.3221825099461,0.008157516706202537
525.4221825099461,0.008842429753498917
525.5221825099461,0.009577356880717411
525.6221825099461,0.01036525830442363
525.7221825099462,0.011209209693961728
525.8221825099462,0.012112401662320277
525.9221825099462,0.013078138748136767
526.0221825099462,0.014109837852389524
526.1221825099462,0.015211026093475223
526.2221825099463,0.016385338044768365
526.3221825099463,0.0176365123194218
526.4221825099463,0.01896838746811097
526.5221825099463,0.020384897156664708
526.6221825099464,0.021890064592075372
526.7221825099464,0.02348799616725393
526.8221825099464,0.02518287429710124
526.9221825099464,0.026978949421015856
527.0221825099464,0.028880531149855917
527.1221825099465,0.03089197853862403
527.2221825099465,0.03301768946975132
527.3221825099465,0.03526208913581888
527.4221825099465,0.03762961761486779
527.5221825099466,0.04012471653610734
527.6221825099466,0.0427518148388227
527.7221825099466,0.04551531363259731
527.8221825099466,0.04841957017258211
527.9221825099467,0.05146888096944616
528.0221825099467,0.05466746405980228
528.1221825099467,0.05801944046929519
528.2221825099467,0.06152881490713153
528.3221825099467,0.06519945573758924
528.4221825099468,0.06903507428092698
528.5221825099468,0.07303920350308471
528.6221825099468,0.07721517616057193
528.7221825099468,0.08156610247393968
528.8221825099469,0.08609484741017058
528.9221825099469,0.09080400766114292
529.0221825099469,0.09569588841198064
529.1221825099469,0.10077247999952452
529.222182509947,0.10603543456730045
529.322182509947,0.11148604282915056
529.422182509947,0.11712521105907808
529.522182509947,0.12295343842977108
529.622182509947,0.12897079482665855
529.7221825099471,0.13517689926815013
529.8221825099471,0.14157089906586684
529.9221825099471,0.14815144986112455
530.0221825099471,0.154916696675634
530.1221825099472,0.16186425611528535
530.2221825099472,0.16899119986593883
530.3221825099472,0.17629403961931753
530.4221825099472,0.18376871356534613
530.5221825099472,0.19141057458458377
530.6221825099473,0.19921438027072655
530.7221825099473,0.20717428490849768
530.8221825099473,0.2152838335265877
530.9221825099473,0.22353595813865226
531.0221825099474,0.23192297627773123
531.1221825099474,0.24043659192082917
531.2221825099474,0.24906789889082284
531.3221825099474,0.2578073868123623
531.4221825099474,0.26664494968705504
531.5221825099475,0.2755698971410073
531.6221825099475,0.28457096838481316
531.7221825099475,0.2936363489123784
531.8221825099475,0.3027536899506365
531.9221825099476,0.311910130657318
532.0221825099476,0.32109232304857827
532.1221825099476,0.33028645962255265
532.2221825099476,0.3394783036289054
532.3221825099477,0.34865322191826253
532.4221825099477,0.3577962202891901
532.5221825099477,0.3668919812342078
532.6221825099477,0.3759249039703273
532.7221825099477,0.3848791466239016
532.8221825099478,0.3937386704242781
532.9221825099478,0.40248728574598697
533.0221825099478,0.4111086998250874
533.1221825099478,0.41958656596195143
533.2221825099479,0.4279045340102988
533.3221825099479,0.43604630194082356
533.4221825099479,0.44399566825736514
533.5221825099479,0.4517365850343819
533.622182509948,0.45925321133656305
533.722182509948,0.46652996677485303
533.822182509948,0.4735515849480312
533.922182509948,0.4803031665153462
534.022182509948,0.48677023164361055
534.1221825099481,0.49293877157164084
534.2221825099481,0.49879529903603015
534.3221825099481,0.5043268973049574
534.4221825099481,0.5095212675710936
534.5221825099482,0.5143667744606384
534.6221825099482,0.5188524894230878
534.7221825099482,0.5229682317754741
534.8221825099482,0.5267046071854626
534.9221825099482,0.5300530433897971
535.0221825099483,0.5330058229580739
535.1221825099483,0.5355561129266059
535.2221825099483,0.537697991143134
535.3221825099483,0.5394264691802283
535.4221825099484,0.5407375116933009
535.5221825099484,0.5416280521180917
535.6221825099484,0.5420960046221609
535.7221825099484,0.5421202703116726
535.8221825099484,0.5415120204796896
535.9221825099485,0.5402268460151933
536.0221825099485,0.538269569599897
536.1221825099485,0.5356475212952576
536.2221825099485,0.532370492809557
536.3221825099486,0.5284506765810156
536.4221825099486,0.5239025902072835
536.5221825099486,0.5187429868767656
536.6221825099486,0.5129907525750476
536.7221825099487,0.5066667909489159
536.8221825099487,0.4997938968099596
536.9221825099487,0.49239661934847695
537.0221825099487,0.4845011162054949
537.1221825099487,0.47613499961543937
537.2221825099488,0.46732717588377803
537.3221825099488,0.45810767950242093
537.4221825099488,0.4485075032305744
537.5221825099488,0.43855842548004287
537.6221825099489,0.42829283634179216
537.7221825099489,0.4177435635751933
537.8221825099489,0.4069436998532078
537.9221825099489,0.3959264325164398
538.022182509949,0.38472487703719227
538.122182509949,0.3733719153322758
538.222182509949,0.36190003999128995
538.322182509949,0.3503412054064838
538.422182509949,0.3387266867022392
538.5221825099491,0.32708694726789195
538.6221825099491,0.3154515155982565
538.7221825099491,0.30384887204310385
538.8221825099491,0.29230634596121713
538.9221825099492,0.2808500236677851
539.0221825099492,0.2695046674569944
539.1221825099492,0.2582936458759523
539.2221825099492,0.247238875322618
539.3221825099492,0.23636077294030827
539.4221825099493,0.22567822068554338
539.5221825099493,0.21520854035538262
539.6221825099493,0.20496747927575837
539.7221825099493,0.19496920627431674
539.8221825099494,0.1852263174904775
539.9221825099494,0.17574985151228661
540.0221825099494,0.16654931327448289
540.1221825099494,0.15763270610526103
540.2221825099494,0.14900657127059277
540.3221825099495,0.14067603433467335
540.4221825099495,0.13264485763299125
540.5221825099495,0.12491549814048207
540.6221825099495,0.11748917001094461
540.7221825099496,0.11036591106500376
540.8221825099496,0.10354465251197689
540.9221825099496,0.09702329120554516
541.0221825099496,0.09079876375360933
541.1221825099497,0.08486712182854364
541.2221825099497,0.07922360805463782
541.3221825099497,0.07386273188421379
541.4221825099497,0.06877834491207134
541.5221825099497,0.06396371511892462
541.6221825099498,0.05941159957769995
541.7221825099498,0.05511431520135845
541.8221825099498,0.05106380715669168
541.9221825099498,0.04725171461474582
542.0221825099499,0.04366943355463031
542.1221825099499,0.04030817638296615
542.2221825099499,0.03715902817568063
542.3221825099499,0.03421299939184978
542.42218250995,0.03146107495047768
542.52218250995,0.028894259600168323
542.62218250995,0.026503619548338884
542.72218250995,0.02428032035072767
542.82218250995,0.02221566109330809
542.9221825099501,0.020301104927212474
543.0221825099501,0.018528306042825436
543.1221825099501,0.016889133191794872
543.2221825099501,0.015375689885335836
543.3221825099502,0.013980331413910613
543.4221825099502,0.01269567884723056
543.5221825099502,0.011514630184642721
543.6221825099502,0.010430368834460671
543.7221825099502,0.00943636960682046
543.8221825099503,0.008526402408349345
543.9221825099503,0.007694533828501262
544.0221825099503,0.006935126807022697
544.1221825099503,0.006242838569854153
544.2221825099504,0.005612617017039497
544.3221825099504,0.005039695741099045
544.4221825099504,0.004519587848014501
544.5221825099504,0.0040480787456588715
544.6221825099504,0.0036212180563621223
544.7221825099505,0.0032353108015046447
544.8221825099505,0.0028869079967361448
544.9221825099505,0.0025727967867784623
545.0221825099505,0.0022899902389255542
545.1221825099506,0.0020357169044294774
545.2221825099506,0.0018074102470712649
545.3221825099506,0.0016026980284623404
545.4221825099506,0.0014193917300935927
545.5221825099507,0.0012554760829223447
545.6221825099507,0.0011090987664264414
545.7221825099507,0.000978560330612205
545.8221825099507,0.0008623043864813626
545.9221825099507,0.0007589081029725096
546.0221825099508,0.0006670730414179416
546.1221825099508,0.000585616352109968
546.2221825099508,0.00051346235165825
546.3221825099508,0.0004496344944398971
546.4221825099509,0.0003932477465898238
546.5221825099509,0.0003435013666376723
546.6221825099509,0.0002996720930522961
546.7221825099509,0.0002611077355847284
546.822182509951,0.00022722116438186817
546.922182509951,0.00019748468834983904
547.022182509951,0.000171424812150281
547.122182509951,0.00014861735948593424
547.222182509951,0.00012868294894427797
547.3221825099511,0.00011128280759009215
547.4221825099511,9.61149067002943e-05
547.5221825099511,8.291040348850586e-05
547.6221825099511,7.143037234465988e-05
547.7221825099512,6.14628089898636e-05
547.8221825099512,5.281989099323811e-05
547.9221825099512,4.5335478291631526e-05
548.0221825099512,3.88628376725706e-05
548.1221825099512,3.3272575604814995e-05
548.2221825099513,2.845076431037256e-05
548.3221825099513,2.4297246549418025e-05
548.4221825099513,2.072410521954801e-05
548.5221825099513,1.7654284539110685e-05
548.6221825099514,1.5020350278480458e-05
548.7221825099514,1.2763377212120182e-05
548.8221825099514,1.0831952678529479e-05
548.9221825099514,9.181285846504006e-06
549.0221825099514,7.77241298756752e-06
549.1221825099515,6.571489740170125e-06
549.2221825099515,5.549162016519148e-06
549.3221825099515,4.680007843917843e-06
549.4221825099515,3.942043046290803e-06
549.5221825099516,3.316284255992066e-06
549.6221825099516,2.786363299520482e-06
549.7221825099516,2.3381875224901256e-06
549.8221825099516,1.9596411087173487e-06
549.9221825099517,1.6403229056166823e-06
550.0221825099517,1.3713166936404981e-06
550.1221825099517,1.1449902319463629e-06
550.2221825099517,9.548197767728277e-07
550.3221825099517,7.952371042824831e-07
550.4221825099518,6.614963771730646e-07
550.5221825099518,5.49558475552556e-07
550.6221825099518,4.5599066888487704e-07
550.7221825099518,3.7787973874284175e-07
550.8221825099519,3.12756873175061e-07
550.9221825099519,2.585328442177278e-07
551.0221825099519,2.1344215195170756e-07
551.1221825099519,1.7599497297244333e-07
551.222182509952,1.449358896070702e-07
551.322182509952,1.1920850002316113e-07
551.422182509952,9.792511980404385e-08
551.522182509952,8.034088382395797e-08
551.622182509952,6.583164447646402e-08
551.7221825099521,5.3875139551118955e-08
551.8221825099521,4.403497130160921e-08
551.9221825099521,3.5946998414765184e-08
552.0221825099521,2.9307795513889282e-08
552.1221825099522,2.3864881281949744e-08
552.2221825099522,1.9408456974359467e-08
552.3221825099522,1.5764432648066258e-08
552.4221825099522,1.2788549444821822e-08
552.5221825099522,1.0361433257206701e-08
552.6221825099523,8.384438549697685e-09
552.7221825099523,6.776161428943695e-09
552.8221825099523,5.469518638164104e-09
552.9221825099523,4.409304330019971e-09
553.0221825099524,3.550149552920043e-09
553.1221825099524,2.8548206359944923e-09
553.2221825099524,2.29280231554959e-09
553.3221825099524,1.8391197205144263e-09
553.4221825099524,1.473360410937622e-09
553.5221825099525,1.1788637042382356e-09
553.6221825099525,9.420496708026306e-10
553.7221825099525,7.518645578731445e-10
553.8221825099525,5.993231168024907e-10
553.9221825099526,4.771314578534557e-10
554.0221825099526,3.79376720559002e-10
554.1221825099526,3.0127209700350425e-10
554.2221825099526,2.3894764138926185e-10
554.3221825099527,1.8927889462070916e-10
554.4221825099527,1.4974669270603753e-10
554.5221825099527,1.1832265145088426e-10
554.6221825099527,9.337576052439429e-11
554.7221825099527,7.359630599452254e-11
554.8221825099528,5.793399614733061e-11
554.9221825099528,4.554771149934244e-11
555.0221825099528,3.5764753944984656e-11
555.1221825099528,2.8047846841059873e-11
555.2221825099529,2.196845011361695e-11
555.3221825099529,1.71852128162446e-11
555.4221825099529,1.3426598937124868e-11
555.5221825099529,1.0476898185684328e-11
555.622182509953,8.164978319110643e-12
