516.6221825099441,1.7418711764881951
516.7221825099441,1.7418772805593414
516.8221825099441,1.7418836885872
516.9221825099442,1.7418904148250516
517.0221825099442,1.7418974741990711
517.1221825099442,1.7419048823469578
517.2221825099442,1.7419126556597344
517.3221825099442,1.7419208113270421
517.4221825099443,1.7419293673862761
517.5221825099443,1.7419383427759505
517.6221825099443,1.7419477573937139
517.7221825099443,1.7419576321594763
517.8221825099444,1.7419679890841493
517.9221825099444,1.741978851344552
518.0221825099444,1.7419902433650782
518.1221825099444,1.7420021909067767
518.2221825099444,1.7420147211645494
518.3221825099445,1.7420278628732346
518.4221825099445,1.7420416464234032
518.5221825099445,1.7420561039877627
518.6221825099445,1.7420712696591385
518.7221825099446,1.742087179601068
518.8221825099446,1.7421038722121331
518.9221825099446,1.7421213883052276
519.0221825099446,1.7421397713030493
519.1221825099447,1.7421590674511946
519.2221825099447,1.7421793260503222
519.3221825099447,1.7422005997089562
519.4221825099447,1.7422229446185906
519.5221825099447,1.7422464208528632
519.6221825099448,1.7422710926926717
519.7221825099448,1.7422970289792048
519.8221825099448,1.7423243034969738
519.9221825099448,1.7423529953890367
520.0221825099449,1.7423831896067075
520.1221825099449,1.7424149773961604
520.2221825099449,1.7424484568244305
520.3221825099449,1.7424837333474226
520.422182509945,1.7425209204226304
520.522182509945,1.7425601401693658
520.622182509945,1.7426015240793709
520.722182509945,1.7426452137807746
520.822182509945,1.742691361858413
520.9221825099451,1.7427401327335825
521.0221825099451,1.7427917036063494
521.1221825099451,1.7428462654635444
521.2221825099451,1.7429040241555915
521.3221825099452,1.7429652015453023
521.4221825099452,1.7430300367317215
521.5221825099452,1.7430987873520638
521.6221825099452,1.7431717309646764
521.7221825099452,1.7432491665158523
521.8221825099453,1.7433314158931628
521.9221825099453,1.7434188255677872
522.0221825099453,1.7435117683280938
522.1221825099453,1.7436106451064572
522.2221825099454,1.7437158869009806
522.3221825099454,1.7438279567934354
522.4221825099454,1.7439473520643236
522.5221825099454,1.7440746064054986
522.6221825099454,1.7442102922302727
522.7221825099455,1.7443550230803635
522.8221825099455,1.7445094561284005
522.9221825099455,1.7446742947740201
523.0221825099455,1.7448502913308248
523.1221825099456,1.745038249800666
523.2221825099456,1.7452390287308293
523.3221825099456,1.745453544148752
523.4221825099456,1.7456827725679054
523.5221825099457,1.7459277540573903
523.6221825099457,1.7461895953666722
523.7221825099457,1.7464694730956851
523.8221825099457,1.7467686368992887
523.9221825099457,1.7470884127137594
524.0221825099458,1.7474302059916458
524.1221825099458,1.7477955049299323
524.2221825099458,1.7481858836750097
524.3221825099458,1.748603005486507
524.4221825099459,1.7490486258405398
524.5221825099459,1.7495245954514402
524.6221825099459,1.750032863189526
524.7221825099459,1.750575478870973
524.822182509946,1.751154595894371
524.922182509946,1.7517724736970994
525.022182509946,1.7524314800032499
525.122182509946,1.7531340928334782
525.222182509946,1.7538829022458924
525.3221825099461,1.754680611775898
525.4221825099461,1.755530039541843
525.5221825099461,1.7564341189823465
525.6221825099461,1.7573958991903769
525.7221825099462,1.7584185448084875
525.8221825099462,1.7595053354491312
525.9221825099462,1.7606596646036896
526.0221825099462,1.7618850380037725
526.1221825099462,1.7631850713985002
526.2221825099463,1.764563487711879
526.3221825099463,1.7660241135450527
526.4221825099463,1.7675708749891528
526.5221825099463,1.7692077927157237
526.6221825099464,1.7709389763132457
526.7221825099464,1.7727686178401594
526.8221825099464,1.7747009845670048
526.9221825099464,1.7767404108828428
527.0221825099464,1.778891289344026
527.1221825099465,1.7811580608466444
527.2221825099465,1.783545203907582
527.3221825099465,1.7860572230430891
527.4221825099465,1.788698636238089
527.5221825099466,1.7914739615041069
527.6221825099466,1.7943877025286978
527.7221825099466,1.797444333424578
527.8221825099466,1.8006482825922765
527.9221825099467,1.8040039157160417
528.0221825099467,1.8075155179188886
528.1221825099467,1.8111872751090854
528.2221825099467,1.815023254556963
528.3221825099467,1.8190273847477008
528.4221825099468,1.823203434562627
528.5221825099468,1.8275549918485483
528.6221825099468,1.8320854414416334
528.7221825099468,1.8367979427193781
528.8221825099469,1.841695406761123
528.9221825099469,1.8467804732044228
529.0221825099469,1.8520554868912202
529.1221825099469,1.8575224744042158
529.222182509947,1.8631831205999554
529.322182509947,1.869038745250964
529.422182509947,1.8750902799146358
529.522182509947,1.88133824515151
529.622182509947,1.8877827282199513
529.7221825099471,1.8944233613780646
529.8221825099471,1.9012593009268137
529.9221825099471,1.9082892071307946
530.0221825099471,1.9155112251547948
530.1221825099472,1.9229229671551975
530.2221825099472,1.9305214956653294
530.3221825099472,1.9383033084130337
530.4221825099472,1.9462643247070044
530.5221825099472,1.9543998735257087
530.6221825099473,1.9627046834390691
530.7221825099473,1.9711728744884116
530.8221825099473,1.9797979521445275
530.9221825099473,1.9885728034570516
531.0221825099474,1.9974896955007089
531.1221825099474,2.0065402762153552
531.2221825099474,2.0157155777271716
531.3221825099474,2.0250060222278616
531.4221825099474,2.034401430477326
531.5221825099475,2.0438910329830775
531.6221825099475,2.05346348389666
531.7221825099475,2.0631068776536465
531.8221825099475,2.0728087683694403
531.9221825099476,2.0825561919882185
532.0221825099476,2.092335691166991
532.1221825099476,2.1021333428610065
532.2221825099476,2.1119347885607356
532.3221825099477,2.1217252671144715
532.4221825099477,2.131489650054369
532.5221825099477,2.141212479327546
532.6221825099477,2.1508780073178864
532.7221825099477,2.1604702390284567
532.8221825099478,2.1699729762791597
532.9221825099478,2.179369863759478
533.0221825099478,2.1886444367620346
533.1221825099478,2.197780170409369
533.2221825099479,2.206760530173826
533.3221825099479,2.215569023478999
533.4221825099479,2.2241892521607554
533.5221825099479,2.232604965556672
533.622182509948,2.2408001139847924
533.722182509948,2.2487589023660166
533.822182509948,2.256465843739329
533.922182509948,2.263905812415385
534.022182509948,2.271064096511895
534.1221825099481,2.277926449613706
534.2221825099481,2.2844791413015675
534.3221825099481,2.290709006296285
534.4221825099481,2.296603491969305
534.5221825099482,2.3021507039767344
534.6221825099482,2.3073394497813604
534.7221825099482,2.3121592798363597
534.8221825099482,2.3166005262150255
534.9221825099482,2.320654338482928
535.0221825099483,2.3243127166224085
535.1221825099483,2.3275685408340734
535.2221825099483,2.3304155980559393
535.3221825099483,2.3328486050579587
535.4221825099484,2.33486322798771
535.5221825099484,2.3364560982619915
535.6221825099484,2.3376248247186786
535.7221825099484,2.3383480000299937
535.8221825099484,2.338436484163212
535.9221825099485,2.3378455540078504
536.0221825099485,2.3365797157962085
536.1221825099485,2.3346459809194564
536.2221825099485,2.3320538204289374
536.3221825099486,2.3288151043584113
536.4221825099486,2.324944026397359
536.5221825099486,2.3204570145705503
536.6221825099486,2.315372628696902
536.7221825099487,2.3097114455098393
536.8221825099487,2.303495932420895
536.9221825099487,2.296750310996975
537.0221825099487,2.2895004112988246
537.1221825099487,2.281773518292923
537.2221825099488,2.2735982116008424
537.3221825099488,2.2650041998885353
537.4221825099488,2.256022151222936
537.5221825099488,2.2466835207345515
537.6221825099489,2.2370203769225236
537.7221825099489,2.227065227923258
537.8221825099489,2.216850849035538
537.9221825099489,2.2064101127547118
538.022182509949,2.1957758225167545
538.122182509949,2.184980551290596
538.222182509949,2.174056486085095
538.322182509949,2.1630352793564156
538.422182509949,2.1519479082134967
538.5221825099491,2.140824542224981
538.6221825099491,2.1296944205316177
538.7221825099491,2.118585738865032
538.8221825099491,2.1075255469681498
538.9221825099492,2.0965396568056724
539.0221825099492,2.085652561846134
539.1221825099492,2.074887367591317
539.2221825099492,2.0642657334253722
539.3221825099492,2.053807825755874
539.4221825099493,2.043532282323239
539.5221825099493,2.033456187464343
539.6221825099493,2.0235950580315154
539.7221825099493,2.0139628395901137
539.8221825099494,2.004571912447077
539.9221825099494,1.9954331069997395
540.0221825099494,1.9865557278390307
540.1221825099494,1.97794758599426
540.2221825099494,1.9696150386680786
540.3221825099495,1.9615630357799183
540.4221825099495,1.9537951726141487
540.5221825099495,1.9463137478551742
540.6221825099495,1.939119826285411
540.7221825099496,1.9322133054232093
540.8221825099496,1.9255929853858647
540.9221825099496,1.9192566412774226
541.0221825099496,1.9132010974214677
541.1221825099497,1.9074223027849406
541.2221825099497,1.901915406969608
541.3221825099497,1.8966748361825274
541.4221825099497,1.8916943686350247
541.5221825099497,1.886967208860731
541.6221825099498,1.882486060486436
541.7221825099498,1.8782431970343352
541.8221825099498,1.8742305303800395
541.9221825099498,1.870439676536939
542.0221825099499,1.866861633970733
542.1221825099499,1.8634771027081805
542.2221825099499,1.860272463870295
542.3221825099499,1.8572387937993762
542.42218250995,1.8543671814086156
542.52218250995,1.8516487733461318
542.62218250995,1.8490748153438326
542.72218250995,1.8466366897526325
542.82218250995,1.8443259492971167
542.9221825099501,1.842134347111432
543.0221825099501,1.8400538631439403
543.1221825099501,1.8380767270409495
543.2221825099501,1.8361954376396423
543.3221825099502,1.8344027792172233
543.4221825099502,1.8326918346573244
543.5221825099502,1.8310559957060062
543.6221825099502,1.829488970498333
543.7221825099502,1.8279847885426777
543.8221825099503,1.8265378033537574
543.9221825099503,1.8251426929270957
544.0221825099503,1.8237944582473389
544.1221825099503,1.8224884200208034
544.2221825099504,1.8212202138190048
544.3221825099504,1.819985783814883
544.4221825099504,1.818781375287215
544.5221825099504,1.8176035260614554
544.6221825099504,1.8164490570471603
544.7221825099505,1.8153150620233953
544.8221825099505,1.8141988968142628
544.9221825099505,1.8130981679870757
545.0221825099505,1.8120107211958545
545.1221825099506,1.8109346292829174
545.2221825099506,1.8098681802414103
545.3221825099506,1.8088098651318651
545.4221825099506,1.8077583660362975
545.5221825099507,1.8067125441240923
545.6221825099507,1.805671427895003
545.7221825099507,1.804634201656087
545.8221825099507,1.8036001942813402
545.9221825099507,1.8025688682952181
546.0221825099508,1.801539809314171
546.1221825099508,1.8005127158737608
546.2221825099508,1.7994873896629158
546.3221825099508,1.7984637261813774
546.4221825099509,1.7974417058314163
546.5221825099509,1.7964213854504256
546.6221825099509,1.7954028902870165
546.7221825099509,1.794386406419732
546.822182509951,1.7933721736144292
546.922182509951,1.7923604786137413
547.022182509951,1.7913516488497763
547.122182509951,1.7903460465693357
547.222182509951,1.7893440633593802
547.3221825099511,1.7883461150592448
547.4221825099511,1.787352637045138
547.5221825099511,1.7863640798717582
547.6221825099511,1.785380905255378
547.7221825099512,1.784403582382459
547.8221825099512,1.7834325845277543
547.9221825099512,1.7824683859658839
548.0221825099512,1.7815114591605445
548.1221825099512,1.7805622722157788
548.2221825099513,1.7796212865740952
548.3221825099513,1.7786889549466625
548.4221825099513,1.7777657194612886
548.5221825099513,1.776852010014435
548.6221825099514,1.7759482428140694
548.7221825099514,1.7750548191007525
548.8221825099514,1.7741721240349462
548.9221825099514,1.7733005257391234
549.0221825099514,1.7724403744838608
549.1221825099515,1.7715920020076732
549.2221825099515,1.7707557209609213
549.3221825099515,1.7699318244646784
549.4221825099515,1.7691205857759713
549.5221825099516,1.7683222580513178
549.6221825099516,1.7675370742009786
549.7221825099516,1.7667652468267916
549.8221825099516,1.7660069682368953
549.9221825099517,1.765262410531066
550.0221825099517,1.7645317257507669
550.1221825099517,1.7638150460883784
550.2221825099517,1.7631124841504147
550.3221825099517,1.7624241332698434
550.4221825099518,1.761750067862928
550.5221825099518,1.761090343826278
550.6221825099518,1.7604449989700568
550.7221825099518,1.7598140534835294
550.8221825099519,1.7591975104293593
550.9221825099519,1.7585953562632681
551.0221825099519,1.758007561375869
551.1221825099519,1.7574340806536664
551.222182509952,1.7568748540563828
551.322182509952,1.756329807207938
551.422182509952,1.7557988519985563
551.522182509952,1.755281887195617
551.622182509952,1.7547787990610089
551.7221825099521,1.7542894619728646
551.8221825099521,1.753813739049691
551.9221825099521,1.7533514827750132
552.0221825099521,1.7529025356207757
552.1221825099522,1.7524667306678476
552.2221825099522,1.7520438922220825
552.3221825099522,1.7516338364244888
552.4221825099522,1.751236371854163
552.5221825099522,1.7508513001227302
552.6221825099523,1.750478416459135
552.7221825099523,1.7501175102837085
552.8221825099523,1.7497683657705296
552.9221825099523,1.7494307623971772
553.0221825099524,1.7491044754810607
553.1221825099524,1.7487892767015851
553.2221825099524,1.7484849346074944
553.3221825099524,1.7481912151088028
553.4221825099524,1.7479078819528047
553.5221825099525,1.7476346971837171
553.6221825099525,1.7473714215855811
553.7221825099525,1.7471178151081088
553.8221825099525,1.746873637275234
553.9221825099526,1.7466386475761746
554.0221825099526,1.7464126058388805
554.1221825099526,1.7461952725857939
554.2221825099526,1.7459864093718986
554.3221825099527,1.7457857791050908
554.4221825099527,1.745593146348946
554.5221825099527,1.7454082776080053
554.6221825099527,1.745230941595744
554.7221825099527,1.7450609094854275
554.8221825099528,1.7448979551440935
554.9221825099528,1.744741855349938
555.0221825099528,1.744592389993411
555.1221825099528,1.7444493422623557
555.2221825099529,1.744312498811559
555.3221825099529,1.7441816499170963
555.4221825099529,1.7440565896158806
555.5221825099529,1.743937115830846
555.622182509953,1.7438230304822075
