0,0.0030678507034938205
1,0.0037105842710888778
2,0.004480836493235971
3,0.005402373583430283
4,0.006503076284123328
5,0.007815590618950851
6,0.009378070135738787
7,0.011235020490214057
8,0.013438258168572597
9,0.016047996121896804
10,0.01913407007691967
11,0.022777320283585294
12,0.027071144445535933
13,0.03212323853765067
14,0.0380575431247477
15,0.04501641363416717
16,0.053163033775573736
17,0.06268409191406112
18,0.0737927406542526
19,0.08673186014694999
20,0.10177764564613828
21,0.1192435395798008
22,0.13948452780725326
23,0.16290181877022938
24,0.18994792285447734
25,0.22113214741141435
26,0.25702652049311786
27,0.2982721533764154
28,0.3455860483421802
29,0.39976835388566023
30,0.46171006451790914
31,0.5324011565376037
32,0.6129391445737757
33,0.7045380362988223
34,0.8085376544733959
35,0.9264132864082293
36,1.0597856110244375
37,1.2104308429911947
38,1.380291021963189
39,1.571484362795076
40,1.7863155698623399
41,2.0272860053763893
42,2.2971035879788584
43,2.598692284093515
44,2.9352010406860827
45,3.310011994440822
46,3.726747779140408
47,4.189277740488847
48,4.701722856024832
49,5.268459147433626
50,5.894119363794732
51,6.583592707429212
52,7.3420223693722635
53,8.17480063943472
54,9.087561356670452
55,10.086169470165872
56,11.176707487727022
57,12.365458601549651
58,13.658886295578414
59,15.063610259211176
60,16.586378456455208
61,18.234035228707704
62,20.013485343062943
63,21.931653936419238
64,23.99544234856722
65,26.21167988469829
66,28.587071599097158
67,31.12814224680091
68,33.841176608245156
69,36.73215645280663
70,39.80669447002213
71,43.06996556135727
72,46.526635949865735
73,50.18079062899343
74,54.035859734143486
75,58.09454448037156
76,62.358743365627305
77,66.8294793901706
78,71.5068290880363
79,76.38985420457337
80,81.4765368840548
81,86.76371925210422
82,92.24704828825772
83,97.92092688351224
84,103.77847196547218
85,109.81148054909795
86,116.01040453365867
87,122.36433501604596
88,128.8609968270759
89,135.4867539209465
90,142.22662615902038
91,149.06431792817108
92,155.98225892190902
93,162.96165729044822
94,169.9825652350733
95,177.0239569841024
96,184.0638189440901
97,191.07925167252617
98,198.04658316914083
99,204.9414928341342
100,211.73914529538567
101,218.41433316519795
102,224.9416276526284
103,231.2955358321609
104,237.450663255507
105,243.38188049272037
106,249.06449210342697
107,254.47440647050072
108,259.58830487839964
109,264.3838081878251
110,268.83963944828463
111,272.9357808011387
112,276.6536230580701
113,279.97610639358186
114,282.8878506647011
115,285.375273965809
116,287.42669814035503
117,289.03244010275375
118,290.1848879713165
119,290.8785611746667
120,291.1101538675264
121,289.5597484020439
122,284.95789958217114
123,277.4500994926751
124,267.27032538929456
125,254.7289312502163
126,240.19694427058113
127,224.08787400187325
128,206.83827545383684
129,188.8883328460402
130,170.66365106900153
131,152.55927104967566
132,134.92668520019478
133,118.06434733251349
134,102.21187704905661
135,87.54787933494262
136,74.19105913807182
137,62.204124936039356
138,51.59985396154414
139,42.348636662301814
140,34.386824190200706
141,27.62526014616594
142,21.95747304317955
143,17.267124231061583
144,13.434433024677691
145,10.341424010575894
146,7.87595128366576
147,5.934544227963216
148,4.424186172443161
149,3.263180453306294
150,2.381279982588396
151,1.7192597866551353
152,1.2281013894100183
153,0.867937821657028
154,0.606882589515578
155,0.41983864982305114
156,0.28735703144003194
157,0.19459107347235657
158,0.13037240372065384
159,0.08641917288166076
160,0.05667561108555545
161,0.03677426413607103
162,0.023607687319771475
163,0.01499424390937226
164,0.009422309628145319
165,0.0058580334270506695
166,0.0036033628193873042
167,0.002192935277958502
168,0.0013203993711481527
169,0.0007865864793951042
170,0.00046360628919022437
171,0.0002703421941387755
172,0.00015596962329760114
173,8.902826006432099e-05
174,5.027793380784867e-05
175,2.809238628421979e-05
176,1.5529644524905028e-05
177,8.493683456441212e-06
178,4.596129978300135e-06
179,2.4606520477919413e-06
180,1.303376191353538e-06
181,6.830477021001135e-07
182,3.541554743704992e-07
183,1.8167641757244172e-07
184,9.22071989643081e-08
185,4.630125628088574e-08
186,2.300288952969455e-08
187,1.1306643168751985e-08
188,5.498530677392944e-09
189,2.6455823961634294e-09
190,1.2593823584121937e-09
191,5.931377865831334e-10
192,2.7638549851154083e-10
193,1.274197024438952e-10
194,5.811919550696623e-11
195,2.6227945661217546e-11
196,1.1710370342261995e-11
197,5.172954496433422e-12
198,2.260832356226596e-12
199,9.77596719218993e-13
200,4.182276911743404e-13
201,1.7702210754375505e-13
202,7.413169036087167e-14
203,3.0714395536961746e-14
204,1.2590463433409357e-14
205,5.1062624513029014e-15
206,2.0489257631354254e-15
207,8.134127719420597e-16
208,3.194901143849651e-16
209,1.2415537784501551e-16
210,4.773482345155111e-17
211,1.8157948454783285e-17
212,6.8337629638529136e-18
213,2.5445718371893067e-18
214,9.3741348171055e-19
215,3.4167196686551394e-19
216,1.2321091247025767e-19
217,4.395929042358038e-20
218,1.5517217475001265e-20
219,5.419243853365191e-21
220,1.872514606613516e-21
221,6.401377044226615e-22
222,2.1651265004284294e-22
223,7.245274044144809e-23
224,2.398766811799785e-23
225,7.857473405889612e-24
226,2.5464753799393226e-24
227,8.165028727373175e-25
228,2.5902258072050903e-25
229,8.129787774758209e-26
230,2.5245412121576013e-26
231,7.75617134121359e-27
232,2.357621035464981e-27
233,7.09026185412742e-28
234,2.1096588171813987e-28
235,6.210461145678652e-29
236,1.8088274774060005e-29
237,5.21233256925439e-30
238,1.4860340562431852e-30
239,4.191669965418576e-31
240,1.169787759492904e-31
241,3.22989748335547e-32
242,8.823320950600961e-33
243,2.3847183287426384e-33
244,6.376814384993303e-34
245,1.687066242816947e-34
246,4.415929881667907e-35
247,1.1435992864245774e-35
248,2.9301324772554734e-36
249,7.427836065118586e-37
250,1.862940729214302e-37
251,4.622718403772159e-38
252,1.1348997846610778e-38
253,2.75663497445034e-39
254,6.624646119939798e-40
