30.70284880382392,1.210583013541696
30.71284880382392,1.210720749953838
30.722848803823922,1.2108610736891572
30.732848803823924,1.211004044386372
30.742848803823925,1.2111497233018986
30.752848803823927,1.2112981733627681
30.76284880382393,1.2114494592216727
30.77284880382393,1.2116036473142369
30.78284880382393,1.2117608059186247
30.792848803823933,1.211921005217593
30.802848803823935,1.2120843173631148
30.812848803823936,1.2122508165436938
30.822848803823938,1.2124205790545068
30.83284880382394,1.2125936833705144
30.84284880382394,1.2127702102226854
30.852848803823942,1.2129502426774967
30.862848803823944,1.2131338662198705
30.872848803823945,1.2133211688397278
30.882848803823947,1.2135122411223407
30.89284880382395,1.2137071763426825
30.90284880382395,1.213906070563984
30.91284880382395,1.2141090227407112
30.922848803823953,1.2143161348262068
30.932848803823955,1.214527511885233
30.942848803823956,1.214743262211685
30.952848803823958,1.214963497451748
30.96284880382396,1.215188332732798
30.97284880382396,1.215417886798351
30.982848803823963,1.2156522821494018
30.992848803823964,1.2158916451924981
31.002848803823966,1.2161361063949276
31.012848803823967,1.2163858004474135
31.02284880382397,1.2166408664347457
31.03284880382397,1.2169014480147928
31.042848803823972,1.2171676936063756
31.052848803823974,1.2174397565865125
31.062848803823975,1.2177177954975777
31.072848803823977,1.2180019742649488
31.08284880382398,1.2182924624257636
31.09284880382398,1.2185894353694364
31.10284880382398,1.2188930745906401
31.112848803823983,1.219203567955495
31.122848803823985,1.2195211099817653
31.132848803823986,1.2198459021339148
31.142848803823988,1.220178153133926
31.15284880382399,1.220518079288863
31.16284880382399,1.2208659048362103
31.172848803823992,1.2212218623081026
31.182848803823994,1.221586192915638
31.192848803823995,1.2219591469545448
31.202848803823997,1.2223409842335704
31.212848803824,1.2227319745270566
31.222848803824,1.2231323980532693
31.232848803824,1.2235425459801665
31.242848803824003,1.2239627209604167
31.252848803824005,1.224393237697605
31.262848803824006,1.2248344235457174
31.272848803824008,1.2252866191441445
31.28284880382401,1.2257501790906218
31.29284880382401,1.2262254726547022
31.302848803824013,1.2267128845345598
31.312848803824014,1.2272128156601423
31.322848803824016,1.2277256840459176
31.332848803824017,1.22825192569673
31.34284880382402,1.228791995570542
31.35284880382402,1.229346368602159
31.362848803824022,1.2299155407923497
31.372848803824024,1.2305000303671414
31.382848803824025,1.2311003790124624
31.392848803824027,1.2317171531897246
31.40284880382403,1.2323509455384132
31.41284880382403,1.2330023763722553
31.42284880382403,1.2336720952760978
31.432848803824033,1.2343607828112348
31.442848803824035,1.2350691523375905
31.452848803824036,1.2357979519618945
31.462848803824038,1.2365479666217885
31.47284880382404,1.237320020316679
31.48284880382404,1.2381149784971155
31.492848803824042,1.2389337506255371
31.502848803824044,1.2397772929223843
31.512848803824046,1.2406466113128658
31.522848803824047,1.2415427645910704
31.53284880382405,1.2424668678196715
31.54284880382405,1.2434200959851818
31.55284880382405,1.2444036879306108
31.562848803824053,1.2454189505894535
31.572848803824055,1.2464672635472562
31.582848803824056,1.247550083959545
31.592848803824058,1.2486689518577285
31.60284880382406,1.2498254958777115
31.61284880382406,1.2510214394494168
31.622848803824063,1.2522586074892568
31.632848803824064,1.2535389336418594
31.642848803824066,1.2548644681220877
31.652848803824067,1.2562373862136644
31.66284880382407,1.2576599974865614
31.67284880382407,1.2591347558018426
31.682848803824072,1.260664270179909
31.692848803824074,1.262251316616188
31.702848803824075,1.2638988509373514
31.712848803824077,1.2656100228012097
31.72284880382408,1.2673881909546973
31.73284880382408,1.269236939876934
31.74284880382408,1.2711600979483988
31.752848803824083,1.2731617573029748
31.762848803824085,1.275246295537195
31.772848803824086,1.2774183994706927
31.782848803824088,1.2796830911738604
31.79284880382409,1.282045756503352
31.80284880382409,1.2845121764136072
31.812848803824092,1.2870885613433973
31.822848803824094,1.2897815890108426
31.832848803824096,1.2925984459888304
31.842848803824097,1.2955468734757285
31.8528488038241,1.2986352177241456
31.8628488038241,1.3018724856437642
31.872848803824102,1.3052684061533861
31.882848803824103,1.3088334979227763
31.892848803824105,1.3125791442170578
31.902848803824106,1.3165176756356267
31.912848803824108,1.3206624616239828
31.92284880382411,1.3250280117304525
31.93284880382411,1.3296300876800757
31.942848803824113,1.3344858274440017
31.952848803824114,1.3396138825928858
31.962848803824116,1.3450345703342392
31.972848803824117,1.350770041742193
31.98284880382412,1.356844467787414
31.99284880382412,1.3632842448557232
32.00284880382412,1.3701182214933219
32.01284880382413,1.3773779481159814
32.022848803824125,1.3850979513435067
32.03284880382412,1.3933160344340114
32.04284880382413,1.4020736049462919
32.05284880382413,1.4114160301873533
32.06284880382413,1.4213930201162215
32.07284880382413,1.4320590360544778
32.082848803824135,1.4434737216377171
32.09284880382414,1.455702349716693
32.10284880382414,1.4688162751003224
32.112848803824136,1.482893377756571
32.12284880382414,1.4980184738755247
32.132848803824146,1.5142836624450982
32.142848803824144,1.5317885619351166
32.15284880382414,1.5506403744055293
32.16284880382415,1.5709536917637936
32.17284880382415,1.592849929790972
32.18284880382415,1.6164562387253811
32.19284880382415,1.6419036936532068
32.20284880382415,1.6693245133797991
32.21284880382416,1.698847993903327
32.22284880382416,1.7305947757042413
32.232848803824155,1.7646690007469212
32.24284880382416,1.801147870114271
32.252848803824165,1.8400681112560449
32.26284880382416,1.8814089429395113
32.27284880382416,1.9250713398776194
32.282848803824166,1.970853816039775
32.29284880382417,2.0184256399392777
32.30284880382417,2.06729942385191
32.31284880382417,2.1168063892307067
32.32284880382417,2.1660791754853266
32.33284880382418,2.2140485032008925
32.342848803824175,2.259460754602475
32.35284880382417,2.3009228234916197
32.36284880382418,2.3369776624442666
32.37284880382418,2.3662085001362225
32.38284880382418,2.387362337543205
32.39284880382418,2.399475904861144
32.402848803824185,2.401982527925023
32.41284880382419,2.3947789020624572
32.42284880382419,2.3782375698768012
32.432848803824186,2.353162364000511
32.44284880382419,2.3206964746208314
32.452848803824196,2.282201953739043
32.462848803824194,2.2391327275150044
32.47284880382419,2.192920472645284
32.4828488038242,2.14488608448135
32.4928488038242,2.0961817779690968
32.5028488038242,2.0477624400205485
32.5128488038242,2.000380833773118
32.5228488038242,1.9545996703179787
32.53284880382421,1.910813786673235
32.54284880382421,1.869276899150767
32.552848803824205,1.8301289679529291
32.56284880382421,1.7934216826972476
32.572848803824215,1.7591407558244403
32.58284880382421,1.7272245442535112
32.59284880382421,1.6975790471551684
32.602848803824216,1.6700896199603879
32.61284880382422,1.6446298742885026
32.62284880382422,1.6210682608634979
32.63284880382422,1.5992728022971356
32.64284880382422,1.5791143848808336
32.65284880382423,1.560468951858361
32.662848803824225,1.5432188755765932
32.67284880382422,1.5272537276574918
32.68284880382423,1.512470616887398
32.69284880382423,1.4987742240369695
32.70284880382423,1.4860766305380453
32.71284880382423,1.474297012701725
32.722848803824235,1.4633612537386669
32.73284880382424,1.4532015110930916
32.74284880382424,1.4437557655304323
32.752848803824236,1.434967370195947
32.76284880382424,1.4267846118181897
32.772848803824246,1.4191602918375728
32.782848803824244,1.41205133208449
32.79284880382424,1.4054184073969007
32.80284880382425,1.3992256060128596
32.81284880382425,1.3934401175173383
32.82284880382425,1.3880319474285732
32.83284880382425,1.3829736570754847
32.84284880382425,1.3782401271691782
32.85284880382426,1.3738083433528088
32.86284880382426,1.3696572019847244
32.872848803824255,1.3657673344403283
32.88284880382426,1.3621209482872534
32.892848803824265,1.358701683781077
32.90284880382426,1.3554944842342558
32.91284880382426,1.3524854789218124
32.922848803824266,1.3496618772984172
32.93284880382427,1.34701187340958
32.94284880382427,1.3445245594826072
32.95284880382427,1.3421898477795444
32.96284880382427,1.3399983998838463
32.97284880382428,1.3379415626748177
32.982848803824275,1.336011310319034
32.99284880382427,1.3342001916762574
33.00284880382428,1.3325012825791434
33.01284880382428,1.3309081425017522
33.02284880382428,1.3294147751820122
33.03284880382428,1.3280155928083
33.042848803824285,1.3267053834206615
33.05284880382429,1.325479281213318
33.06284880382429,1.3243327394574382
33.072848803824286,1.3232615057920767
33.08284880382429,1.3222615996570206
33.092848803824296,1.321329291664376
33.102848803824294,1.3204610847263694
33.11284880382429,1.3196536967752919
33.1228488038243,1.318904044928003
33.1328488038243,1.3182092309621518
33.1428488038243,1.317566527984467
33.1528488038243,1.3169733681832694
33.1628488038243,1.3164273315679336
33.17284880382431,1.3159261356074854
33.18284880382431,1.3154676256890079
33.192848803824305,1.3150497663241432
33.20284880382431,1.3146706330388052
33.212848803824315,1.3143284048873505
33.22284880382431,1.3140213575379673
33.23284880382431,1.3137478568809957
33.242848803824316,1.3135063531163658
33.25284880382432,1.3132953752803374
33.26284880382432,1.313113526175366
33.27284880382432,1.312959477670169
33.28284880382432,1.3128319663400274
33.29284880382433,1.3127297894200087
33.302848803824325,1.312651801046214
33.31284880382432,1.3125969087623202
33.32284880382433,1.312564070270668
33.332848803824334,1.3125522904089277
33.34284880382433,1.3125606183349923
33.35284880382433,1.3125881449042238
33.362848803824335,1.3126340002245063
33.37284880382434,1.3126973513757738
33.38284880382434,1.3127774002817865
33.392848803824336,1.312873381722928
33.40284880382434,1.3129845614797129
33.412848803824346,1.3131102345975285
33.422848803824344,1.313249723763887
33.43284880382434,1.3134023777901696
33.44284880382435,1.3135675701904643
33.45284880382435,1.3137446978506895
33.46284880382435,1.3139331797817142
33.47284880382435,1.314132455950682
33.48284880382435,1.3143419861851768
33.49284880382436,1.3145612491452858
33.50284880382436,1.314789741358982
33.512848803824355,1.3150269763165918
33.52284880382436,1.3152724836204306
33.532848803824365,1.3155258081859724
33.54284880382436,1.3157865094911907
33.55284880382436,1.3160541608709497
33.562848803824366,1.3163283488535462
33.57284880382437,1.3166086725367192
33.58284880382437,1.3168947430006235
33.59284880382437,1.3171861827554499
33.60284880382437,1.3174826252215295
33.61284880382438,1.317783714239915
33.622848803824375,1.3180891036115676
33.63284880382437,1.3183984566634093
33.64284880382438,1.3187114458396132
33.652848803824384,1.3190277523166214
33.66284880382438,1.3193470656404787
33.67284880382438,1.3196690833851619
33.682848803824385,1.3199935108306775
33.69284880382439,1.3203200606597765
33.70284880382439,1.3206484526722122
33.712848803824386,1.3209784135155425
33.72284880382439,1.3213096764315295
33.732848803824396,1.3216419810172657
33.742848803824394,1.3219750730002007
33.75284880382439,1.3223087040263022
33.7628488038244,1.3226426314606265
33.7728488038244,1.3229766181996288
33.7828488038244,1.3233104324945748
33.7928488038244,1.3236438477854695
33.8028488038244,1.3239766425449366
33.81284880382441,1.324308600131537
33.82284880382441,1.3246395086520315
33.832848803824405,1.324969160832136
33.84284880382441,1.325297353895331
33.852848803824415,1.3256238894493284
33.86284880382441,1.3259485733798166
33.87284880382441,1.3262712157511276
33.882848803824416,1.326591630713493
33.89284880382442,1.326909636416579
33.90284880382442,1.327225054929006
33.91284880382442,1.3275377121635805
33.92284880382442,1.327847437807979
33.93284880382443,1.3281540652606454
33.942848803824425,1.3284574315716782
33.95284880382442,1.3287573773884913
33.96284880382443,1.3290537469060568
33.972848803824434,1.3293463878215406
33.98284880382443,1.329635151293161
33.99284880382443,1.3299198919031114
34.002848803824435,1.3302004676243913
34.01284880382444,1.3304767397914121
34.02284880382444,1.3307485730742465
34.032848803824436,1.3310158354563981
34.04284880382444,1.3312783982159835
34.052848803824446,1.33153613591022
34.062848803824444,1.3317889263631293
34.07284880382444,1.3320366506563608
34.08284880382445,1.3322791931230624
34.09284880382445,1.332516441344717
34.10284880382445,1.3327482861508848
34.11284880382445,1.3329746216217833
34.12284880382445,1.3331953450936522
34.13284880382446,1.3334103571668525
34.14284880382446,1.3336195617166542
34.152848803824455,1.3338228659066727
34.16284880382446,1.3340201802049145
34.172848803824465,1.3342114184024072
34.18284880382446,1.3343964976343785
34.19284880382446,1.3345753384039645
34.202848803824466,1.3347478646084268
34.21284880382447,1.3349140035678573
34.22284880382447,1.3350736860563608
34.23284880382447,1.3352268463356987
34.24284880382447,1.3353734221913887
34.25284880382448,1.3355133549712483
34.262848803824475,1.3356465896263814
34.27284880382447,1.335773074754599
34.28284880382448,1.3358927626462755
34.292848803824484,1.3360056093326353
34.30284880382448,1.3361115746364713
34.31284880382448,1.336210622225293
34.322848803824485,1.3363027196669055
34.33284880382449,1.3363878384874157
34.34284880382449,1.3364659542316708
34.352848803824486,1.3365370465261188
34.36284880382449,1.3366010991440977
34.372848803824496,1.3366581000735427
34.382848803824494,1.3367080415871069
34.39284880382449,1.3367509203146914
34.4028488038245,1.3367867373183722
34.4128488038245,1.3368154981697074
34.4228488038245,1.336837213029418
34.4328488038245,1.336851896729415
34.4428488038245,1.3368595688571547
34.45284880382451,1.3368602538422922
34.46284880382451,1.3368539810456046
34.472848803824505,1.3368407848501451
34.48284880382451,1.3368207047545893
34.492848803824515,1.3367937854687235
34.50284880382451,1.3367600485934514
34.51284880382451,1.336719056761875
34.522848803824516,1.336670692082773
34.53284880382452,1.3366150216469714
34.54284880382452,1.3365521185665734
34.55284880382452,1.336482062081501
34.56284880382452,1.3364049376674954
34.57284880382453,1.3363208371454744
34.582848803824525,1.3362298587921282
34.59284880382452,1.336132107451631
34.60284880382453,1.3360276946483358
34.612848803824534,1.3359167387003068
34.62284880382453,1.3357993648335362
34.63284880382453,1.335675705296678
34.642848803824535,1.3355458994761247
34.65284880382454,1.3354100940112392
34.66284880382454,1.3352684429095392
34.672848803824536,1.3351211076616243
34.68284880382454,1.334968257355623
34.692848803824546,1.3348100687909206
34.702848803824544,1.3346467265909199
34.71284880382454,1.3344784233145703
34.72284880382455,1.3343053595663934
34.73284880382455,1.3341277441047117
34.74284880382455,1.3339457939477823
34.75284880382455,1.3337597344775152
34.762848803824554,1.333569799540451
34.77284880382456,1.3333762315456534
34.78284880382456,1.3331792815591579
34.792848803824555,1.3329792093946105
34.80284880382456,1.332776283699711
34.812848803824565,1.332570782038065
34.82284880382456,1.3323629909660337
34.83284880382456,1.3321532061041625
34.842848803824566,1.3319417322027514
34.85284880382457,1.331728883201121
34.86284880382457,1.3315149822801167
34.87284880382457,1.3313003619073813
34.88284880382457,1.3310853638749156
34.89284880382458,1.3308703393284382
34.902848803824575,1.3306556487880428
34.91284880382457,1.3304416621596467
34.92284880382458,1.3302287587367136
34.932848803824584,1.3300173271917282
34.94284880382458,1.3298077655568898
34.95284880382458,1.3296004811934958
34.962848803824585,1.3293958907494683
34.97284880382459,1.329194420104491
34.98284880382459,1.328996504302201
34.992848803824586,1.3288025874688993
35.00284880382459,1.3286131227182318
35.012848803824596,1.3284285720412947
35.022848803824594,1.3282494061816308
35.03284880382459,1.3280761044945741
35.0428488038246,1.3279091547904205
35.0528488038246,1.3277490531608966
35.0628488038246,1.3275963037884202
35.0728488038246,1.3274514187376456
35.082848803824604,1.3273149177288104
35.09284880382461,1.3271873278924065
35.10284880382461,1.3270691835047186
35.112848803824605,1.32696102570379
35.12284880382461,1.326863402185399
35.132848803824615,1.3267768668786446
35.14284880382461,1.3267019796007697
35.15284880382461,1.3266393056908776
35.162848803824616,1.3265894156222158
35.17284880382462,1.3265528845927437
35.18284880382462,1.326530292093723
35.19284880382462,1.3265222214561097
35.20284880382462,1.3265292593745577
35.21284880382463,1.3265519954088882
35.222848803824625,1.3265910214629133
35.23284880382462,1.326646931240545
35.24284880382463,1.326720319679173
35.252848803824634,1.3268117823603265
35.26284880382463,1.3269219148976947
35.27284880382463,1.3270513123026269
35.282848803824635,1.3272005683272814
35.29284880382464,1.3273702747856484
35.30284880382464,1.3275610208527284
35.312848803824636,1.3277733923422002
35.32284880382464,1.3280079709629695
35.332848803824646,1.3282653335550552
35.342848803824644,1.3285460513053222
35.35284880382464,1.3288506889436367
35.36284880382465,1.3291798039200782
35.37284880382465,1.329533945563911
35.38284880382465,1.3299136542250751
35.39284880382465,1.330319460399029
35.402848803824654,1.3307518838358334
35.41284880382466,1.331211432634439
35.42284880382466,1.3316986023231974
35.432848803824655,1.3322138749276915
35.44284880382466,1.3327577180270334
35.452848803824665,1.3333305837998546
35.46284880382466,1.3339329080612687
35.47284880382466,1.3345651092921609
35.482848803824666,1.3352275876622024
35.49284880382467,1.3359207240480724
35.50284880382467,1.3366448790484133
35.51284880382467,1.3374003919971098
35.52284880382467,1.338187579976537
35.53284880382468,1.3390067368324756
35.542848803824675,1.3398581321924543
35.55284880382467,1.340742010489315
35.56284880382468,1.3416585899918516
35.572848803824684,1.3426080618444154
35.58284880382468,1.3435905891174271
35.59284880382468,1.3446063058707658
35.602848803824685,1.3456553162320382
35.61284880382469,1.346737693491768
35.62284880382469,1.3478534792175794
35.632848803824686,1.3490026823894499
35.64284880382469,1.3501852785581459
35.652848803824696,1.3514012090289573
35.662848803824694,1.3526503800728666
35.67284880382469,1.3539326621672871
35.6828488038247,1.3552478892684943
35.6928488038247,1.3565958581178932
35.7028488038247,1.3579763275842323
35.7128488038247,1.3593890180438764
35.722848803824704,1.3608336108012056
35.73284880382471,1.362309747551209
35.74284880382471,1.3638170298862937
35.752848803824705,1.365355018849296
35.76284880382471,1.3669232345346296
35.772848803824715,1.3685211557394716
35.78284880382471,1.3701482196668255
35.79284880382471,1.3718038216822364
35.802848803824716,1.3734873151258677
35.81284880382472,1.375198011181578
35.82284880382472,1.37693517880457
35.83284880382472,1.378698044709084
35.84284880382472,1.3804857934175188
35.85284880382473,1.382297567372286
35.862848803824726,1.3841324671115944
35.87284880382472,1.3859895515102585
35.88284880382473,1.3878678380865017
35.892848803824734,1.389766303375638
35.90284880382473,1.39168388337138
35.91284880382473,1.3936194740354027
35.922848803824735,1.3955719318756556
35.93284880382474,1.3975400745938014
35.94284880382474,1.3995226818020174
35.952848803824736,1.4015184958092632
35.96284880382474,1.4035262224769545
35.972848803824746,1.4055445321438715
35.982848803824744,1.407572060619975
35.99284880382474,1.409607410248641
36.00284880382475,1.4116491510366835
36.01284880382475,1.4136958218513944
36.02284880382475,1.4157459316836662
36.03284880382475,1.4177979609761187
36.042848803824754,1.4198503630149824
36.05284880382476,1.4219015653843585
36.06284880382476,1.423949971481321
36.072848803824755,1.42599396209017
36.08284880382476,1.4280318970139831
36.092848803824765,1.430062116761497
36.10284880382476,1.4320829442871847
36.11284880382476,1.4340926867822563
36.122848803824766,1.4360896375141667
36.13284880382477,1.4380720777120866
36.14284880382477,1.440038278495671
36.15284880382477,1.4419865028443093
36.16284880382477,1.443915007603932
36.17284880382478,1.4458220455283326
36.182848803824776,1.4477058673518588
36.19284880382477,1.449564723890207
36.20284880382478,1.4513968681659577
36.212848803824784,1.453200557555408
36.22284880382478,1.454974055953168
36.23284880382478,1.4567156359509041
36.242848803824785,1.458423581026539
36.25284880382479,1.4600961877401661
36.26284880382479,1.461731767932886
36.272848803824786,1.4633286509247023
36.28284880382479,1.4648851857075975
36.292848803824796,1.466399743129874
36.302848803824794,1.467870718067828
36.31284880382479,1.4692965315808117
36.3228488038248,1.470675633045727
36.3328488038248,1.4720065022670172
36.3428488038248,1.473287651558239
36.3528488038248,1.474517627791308
36.362848803824804,1.4756950144095582
36.37284880382481,1.4768184334007977
36.38284880382481,1.4778865472266014
36.392848803824805,1.4788980607041413
36.40284880382481,1.479851722836915
36.412848803824815,1.4807463285908398
36.42284880382481,1.4815807206122504
36.43284880382481,1.4823537908844464
36.442848803824816,1.4830644823195303
36.45284880382482,1.4837117902824137
36.46284880382482,1.4842947640439732
36.47284880382482,1.4848125081604813
36.48284880382482,1.4852641837765632
36.49284880382483,1.4856490098490922
36.502848803824826,1.4859662642895768
36.512848803824824,1.4862152850227532
36.52284880382483,1.4863954709592648
36.532848803824834,1.4865062828804765
36.54284880382483,1.486547244233649
36.55284880382483,1.4865179418358783
36.562848803824835,1.4864180264853841
36.57284880382484,1.4862472134789273
36.58284880382484,1.4860052830343184
36.592848803824836,1.4856920806171772
36.60284880382484,1.4853067657656032
36.612848803824846,1.4848362878620112
36.622848803824844,1.4842759832068808
36.63284880382484,1.4836260246030109
36.64284880382485,1.4828866865155796
36.65284880382485,1.482058344567755
36.66284880382485,1.4811414748515648
36.67284880382485,1.4801366530558107
36.682848803824854,1.4790445534132834
36.69284880382486,1.4778659474699742
36.70284880382486,1.4766017026794351
36.712848803824855,1.4752527808258764
36.72284880382486,1.4738202362800146
36.732848803824865,1.472305214092101
36.74284880382486,1.4707089479269357
36.75284880382486,1.4690327578460889
36.762848803824866,1.4672780479428909
36.77284880382487,1.4654463038361112
36.78284880382487,1.4635390900285647
36.79284880382487,1.4615580471372023
36.80284880382487,1.459504889001531
36.81284880382488,1.457381399677471
36.822848803824876,1.4551894303239894
36.832848803824874,1.45293089599009
36.84284880382488,1.450607772309933
36.852848803824884,1.4482220921140256
36.86284880382488,1.4457759419645568
36.87284880382488,1.44327145862311
36.882848803824885,1.4407108254590635
36.89284880382489,1.4380962688070662
36.90284880382489,1.4354300542820158
36.912848803824886,1.4327144830600065
36.92284880382489,1.4299518881337163
36.932848803824896,1.427144630550659
36.942848803824894,1.424295095642683
36.95284880382489,1.4214056892550326
36.9628488038249,1.4184788339831989
36.9728488038249,1.415516965425651
36.9828488038249,1.412522528460394
36.9928488038249,1.4094979735531563
37.002848803824904,1.4064457531048302
37.01284880382491,1.4033683178455614
37.02284880382491,1.4002681132826729
37.032848803824905,1.3971475762093797
37.04284880382491,1.394009131280997
37.052848803824915,1.3908551876650614
37.06284880382491,1.3876881357714892
37.07284880382491,1.3845103440686275
37.082848803824916,1.3813241559907299
37.09284880382492,1.378131886942061
37.10284880382492,1.3749358214024943
37.11284880382492,1.3717382101391478
37.12284880382492,1.3685412675282576
37.13284880382493,1.3653471689911152
37.142848803824926,1.362158048547538
37.152848803824924,1.3589759964899966
37.16284880382493,1.3558030571811646
37.172848803824934,1.3526412269772656
37.18284880382493,1.3494924522792382
37.19284880382493,1.3463586277133803
37.202848803824935,1.3432415944427911
37.21284880382494,1.340143138610538
37.22284880382494,1.3370649899151348
37.232848803824936,1.3340088203185803
37.24284880382494,1.3309762428868754
37.252848803824946,1.3279688107625804
37.262848803824944,1.3249880162686503
37.27284880382494,1.322035290142498
37.28284880382495,1.3191120008989208
37.29284880382495,1.316219454320221
37.30284880382495,1.3133588930715736
37.31284880382495,1.3105314964394346
37.322848803824954,1.3077383801905345
37.33284880382496,1.3049805965487395
37.34284880382496,1.3022591342868337
37.352848803824955,1.2995749189300818
37.36284880382496,1.2969288130682277
37.372848803824965,1.2943216167723854
37.38284880382496,1.291754068113109
37.39284880382496,1.2892268437757914
37.402848803824966,1.2867405597693988
37.41284880382497,1.2842957722244106
37.42284880382497,1.2818929782757253
37.43284880382497,1.2795326170262185
37.44284880382497,1.2772150705865524
37.45284880382498,1.2749406651867652
37.462848803824976,1.2727096723551201
37.472848803824974,1.2705223101596683
37.48284880382498,1.2683787445079653
37.492848803824984,1.266279090500357
37.50284880382498,1.2642234138322586
37.51284880382498,1.2622117322408868
37.522848803824985,1.2602440169919296
37.53284880382499,1.2583201944016766
37.54284880382499,1.2564401473901865
37.552848803824986,1.2546037170611433
37.56284880382499,1.2528107043041363
37.572848803824996,1.2510608714151659
37.582848803824994,1.249353943731276
37.59284880382499,1.2476896112753333
37.602848803825,1.2460675304070776
37.612848803825,1.2444873254766788
37.622848803825,1.2429485904771653
37.632848803825,1.2414508906922248
37.642848803825004,1.2399937643360195
37.65284880382501,1.238576724181785
37.66284880382501,1.2371992591761336
37.672848803825005,1.2358608360361376
37.68284880382501,1.2345609008264185
37.692848803825015,1.2332988805136165
37.70284880382501,1.2320741844957717
37.71284880382501,1.2308862061043067
37.722848803825016,1.2297343240764684
37.73284880382502,1.2286179039962248
37.74284880382502,1.2275362997017796
37.75284880382502,1.2264888546580246
37.76284880382502,1.2254749032924097
37.77284880382503,1.2244937722928477
37.782848803825026,1.2235447818664338
37.792848803825024,1.2226272469579025
37.80284880382503,1.2217404784268973
37.812848803825034,1.2208837841832598
37.82284880382503,1.2200564702796837
37.83284880382503,1.2192578419612194
37.842848803825035,1.2184872046712463
37.85284880382504,1.2177438650136416
37.86284880382504,1.2170271316710068
37.872848803825036,1.216336316278924
37.88284880382504,1.2156707342563302
37.892848803825046,1.2150297055921937
37.902848803825044,1.214412555588784
37.91284880382504,1.2138186155619175
37.92284880382505,1.2132472234986584
37.93284880382505,1.212697724673027
37.94284880382505,1.2121694722203538
37.95284880382505,1.2116618276709856
37.962848803825054,1.21117416144413
37.97284880382506,1.2107058533026656
37.98284880382506,1.2102562927698226
37.992848803825055,1.209824879508678
38.00284880382506,1.2094110236654596
38.012848803825065,1.2090141461776998
38.02284880382506,1.2086336790483025
38.03284880382506,1.2082690655866335
38.042848803825066,1.207919760617764
38.05284880382507,1.2075852306610202
38.06284880382507,1.2072649540790064
38.07284880382507,1.206958421198292
38.08284880382507,1.2066651344029538
38.09284880382508,1.206384608202173
38.102848803825076,1.2061163692730918
38.112848803825074,1.2058599564801287
38.12284880382508,1.2056149208719469
38.132848803825084,1.2053808256572711
38.14284880382508,1.2051572461607203
38.15284880382508,1.204943769759827
38.162848803825085,1.2047399958043907
38.17284880382509,1.20454553551929
38.18284880382509,1.2043600118918676
38.192848803825086,1.2041830595449696
38.20284880382509,1.2040143245967012
38.212848803825096,1.203853464507938
38.222848803825094,1.2037001479185923
38.23284880382509,1.203554054473621
38.2428488038251,1.2034148746397195
38.2528488038251,1.2032823095136183
38.2628488038251,1.20315607062287
38.2728488038251,1.2030358797199803
38.282848803825104,1.2029214685706984
38.29284880382511,1.2028125787372608
38.30284880382511,1.2027089613573339
38.312848803825105,1.2026103769193794
38.32284880382511,1.2025165950351258
38.332848803825115,1.2024273942097983
38.34284880382511,1.2023425616107226
38.35284880382511,1.2022618928348914
38.362848803825116,1.20218519167604
38.37284880382512,1.2021122698917548
38.38284880382512,1.2020429469710998
38.39284880382512,1.2019770499032139
38.40284880382512,1.2019144129473116
38.41284880382513,1.2018548774044737
38.422848803825126,1.2017982913916008
38.432848803825124,1.2017445096178614
38.44284880382513,1.20169339316395
38.452848803825134,1.2016448092644332
38.46284880382513,1.2015986310934463
38.47284880382513,1.2015547375539675
38.482848803825135,1.2015130130708849
38.49284880382514,1.201473347388036
38.50284880382514,1.2014356353693876
38.512848803825136,1.2013997768044993
38.52284880382514,1.2013656762183882
38.532848803825146,1.201333242685908
38.542848803825144,1.2013023896507196
38.55284880382514,1.2012730347489262
38.56284880382515,1.2012450996374284
38.57284880382515,1.2012185098270303
38.58284880382515,1.2011931945203265
38.59284880382515,1.2011690864543763
38.602848803825154,1.2011461217481645
38.61284880382516,1.2011242397548343
38.62284880382516,1.201103382918669
38.632848803825155,1.2010834966367856
38.64284880382516,1.2010645291254995
38.652848803825165,1.2010464312913067
38.66284880382516,1.2010291566064242
38.67284880382516,1.2010126609888228
38.682848803825166,1.2009969026866798
38.69284880382517,1.2009818421671716
38.70284880382517,1.2009674420095258
38.71284880382517,1.2009536668022422
38.72284880382517,1.2009404830443953
38.73284880382518,1.2009278590509196
38.742848803825176,1.2009157648617828
38.752848803825174,1.2009041721549467
38.76284880382518,1.200893054163015
38.772848803825184,1.2008823855934636
38.78284880382518,1.2008721425523516
38.79284880382518,1.2008623024714062
38.802848803825185,1.2008528440383779
38.81284880382519,1.200843747130563
38.82284880382519,1.200834992751384
38.832848803825186,1.2008265629699293
38.84284880382519,1.2008184408633453
38.8528488038252,1.200810610461981
38.862848803825194,1.2008030566971826
38.87284880382519,1.2007957653516401
38.8828488038252,1.2007887230121876
38.8928488038252,1.2007819170249592
38.9028488038252,1.200775335452811
38.9128488038252,1.200768967034911
38.922848803825204,1.2007628011484135
38.93284880382521,1.2007568277721214
38.94284880382521,1.2007510374520602
38.952848803825205,1.200745421268873
38.96284880382521,1.200739970806959
38.972848803825215,1.200734678125276
38.98284880382521,1.2007295357297287
38.99284880382521,1.2007245365470738
39.002848803825216,1.2007196739002641
39.01284880382522,1.2007149414851679
39.02284880382522,1.2007103333485938
39.03284880382522,1.2007058438675589
39.04284880382522,1.2007014677297358
39.05284880382523,1.200697199915023
39.062848803825226,1.2006930356781769
39.072848803825224,1.2006889705324537
39.08284880382523,1.2006850002342084
39.092848803825234,1.2006811207683983
39.10284880382523,1.200677328334945
39.11284880382523,1.2006736193359078
39.122848803825235,1.2006699903634235
39.13284880382524,1.2006664381883714
39.14284880382524,1.2006629597497247
39.152848803825236,1.200659552144546
39.16284880382524,1.2006562126185938
39.17284880382525,1.2006529385575044
39.182848803825244,1.2006497274785148
39.19284880382524,1.2006465770226977
39.20284880382525,1.2006434849476744
39.21284880382525,1.2006404491207836
39.22284880382525,1.200637467512673
39.23284880382525,1.2006345381912906
39.242848803825254,1.2006316593162552
39.25284880382526,1.2006288291335752
39.26284880382526,1.2006260459707023
39.272848803825255,1.2006233082318951
39.28284880382526,1.2006206143938742
39.292848803825265,1.2006179630017504
39.30284880382526,1.200615352665211
39.31284880382526,1.2006127820549441
39.322848803825266,1.2006102498992899
39.33284880382527,1.2006077549811012
39.34284880382527,1.2006052961348015
39.35284880382527,1.2006028722436277
39.36284880382527,1.200600482237046
39.37284880382528,1.2005981250883264
39.382848803825276,1.2005957998122725
39.392848803825274,1.2005935054630872
39.40284880382528,1.2005912411323745
39.412848803825284,1.2005890059472615
39.42284880382528,1.200586799068636
39.43284880382528,1.2005846196894927
39.442848803825285,1.2005824670333771
39.45284880382529,1.2005803403529252
39.46284880382529,1.200578238928489
39.472848803825286,1.2005761620668447
39.48284880382529,1.200574109099976
39.4928488038253,1.2005720793839283
39.502848803825295,1.2005700722977306
39.51284880382529,1.200568087242377
39.5228488038253,1.200566123639868
39.5328488038253,1.2005641809323042
39.5428488038253,1.2005622585810314
39.5528488038253,1.2005603560658316
39.562848803825304,1.2005584728841592
39.57284880382531,1.2005566085504167
39.58284880382531,1.2005547625952695
39.592848803825305,1.2005529345649975
39.60284880382531,1.2005511240208773
39.612848803825315,1.200549330538599
39.62284880382531,1.2005475537077102
39.63284880382531,1.2005457931310886
39.642848803825316,1.2005440484244385
39.65284880382532,1.2005423192158144
39.66284880382532,1.200540605145164
39.67284880382532,1.2005389058638942
39.68284880382532,1.2005372210344571
39.69284880382533,1.200535550329954
39.702848803825326,1.2005338934337562
39.712848803825324,1.2005322500391449
39.72284880382533,1.2005306198489638
39.732848803825334,1.2005290025752888
39.74284880382533,1.2005273979391091
39.75284880382533,1.2005258056700234
39.762848803825335,1.2005242255059478
39.77284880382534,1.2005226571928347
39.78284880382534,1.2005211004844036
39.792848803825336,1.2005195551418824
39.80284880382534,1.2005180209337574
39.81284880382535,1.2005164976355343
39.822848803825345,1.2005149850295072
39.83284880382534,1.200513482904536
39.84284880382535,1.200511991055833
39.85284880382535,1.2005105092847554
39.86284880382535,1.200509037398607
39.87284880382535,1.200507575210445
39.882848803825354,1.2005061225388962
39.89284880382536,1.2005046792079765
39.90284880382536,1.2005032450469184
39.912848803825355,1.200501819890004
39.92284880382536,1.2005004035764035
39.932848803825365,1.2004989959500196
39.94284880382536,1.200497596859336
39.95284880382536,1.2004962061572717
39.962848803825366,1.20049482370104
39.97284880382537,1.2004934493520116
39.98284880382537,1.2004920829755827
39.99284880382537,1.2004907244410477
40.00284880382537,1.2004893736214741
40.01284880382538,1.2004880303935843
40.022848803825376,1.2004866946376378
40.032848803825374,1.200485366237321
40.04284880382538,1.2004840450796361
40.052848803825384,1.2004827310547983
40.06284880382538,1.2004814240561315
40.07284880382538,1.2004801239799707
40.082848803825385,1.2004788307255663
40.09284880382539,1.2004775441949913
40.10284880382539,1.2004762642930513
40.112848803825386,1.2004749909271974
40.12284880382539,1.2004737240074428
40.1328488038254,1.2004724634462802
40.142848803825395,1.200471209158603
40.15284880382539,1.2004699610616294
40.1628488038254,1.200468719074827
40.1728488038254,1.2004674831198427
40.1828488038254,1.2004662531204306
40.1928488038254,1.2004650290023873
40.202848803825404,1.2004638106934844
40.21284880382541,1.2004625981234067
40.22284880382541,1.2004613912236899
40.232848803825405,1.2004601899276621
40.24284880382541,1.200458994170386
40.252848803825415,1.2004578038886031
40.26284880382541,1.20045661902068
40.27284880382541,1.200455439506556
40.282848803825416,1.2004542652876933
40.29284880382542,1.200453096307027
40.30284880382542,1.200451932508919
40.31284880382542,1.2004507738391104
40.32284880382542,1.2004496202446793
