30.70284880382392,0.00971264589986913
30.71284880382392,0.009827157250269749
30.722848803823922,0.009943699890447424
30.732848803823924,0.010062322008222251
30.742848803823925,0.010183073224568394
30.752848803823927,0.010306004644909782
30.76284880382393,0.010431168912563767
30.77284880382393,0.010558620264435874
30.78284880382393,0.010688414589074244
30.792848803823933,0.010820609487198337
30.802848803823935,0.010955264334822794
30.812848803823936,0.011092440349103862
30.822848803823938,0.011232200657043048
30.83284880382394,0.011374610367189966
30.84284880382394,0.011519736644494466
30.852848803823942,0.011667648788466548
30.862848803823944,0.01181841831481148
30.872848803823945,0.011972119040717226
30.882848803823947,0.012128827173981447
30.89284880382395,0.012288621406175974
30.90284880382395,0.01245158301005853
30.91284880382395,0.012617795941453354
30.922848803823953,0.012787346945835689
30.932848803823955,0.01296032566986904
30.942848803823956,0.013136824778158704
30.952848803823958,0.013316940075501183
30.96284880382396,0.013500770634925824
30.97284880382396,0.013688418931843072
30.982848803823963,0.013879990984632936
30.992848803823964,0.014075596502027957
31.002848803823966,0.014275349037666672
31.012848803823967,0.01447936615221736
31.02284880382397,0.01468776958349667
31.03284880382397,0.014900685425034732
31.042848803823972,0.015118244313567218
31.052848803823974,0.015340581625965312
31.062848803823975,0.015567837686147785
31.072848803823977,0.015800157982554738
31.08284880382398,0.016037693396800223
31.09284880382398,0.01628060044416191
31.10284880382398,0.016529041526609594
31.112848803823983,0.016783185199120858
31.122848803823985,0.0170432064500832
31.132848803823986,0.017309286996635437
31.142848803823988,0.017581615595859697
31.15284880382399,0.017860388372798085
31.16284880382399,0.018145809166335167
31.172848803823992,0.018438089894060178
31.182848803823994,0.018737450937301312
31.192848803823995,0.01904412154760832
31.202848803823997,0.019358340276051045
31.212848803824,0.019680355426799485
31.222848803824,0.020010425536556985
31.232848803824,0.020348819881532785
31.242848803824003,0.020695819013763942
31.252848803824005,0.021051715328730455
31.262848803824006,0.021416813666352483
31.272848803824008,0.021791431947615392
31.28284880382401,0.02217590184923839
31.29284880382401,0.02257056951898687
31.302848803824013,0.022975796334428405
31.312848803824014,0.02339195970814946
31.322848803824016,0.023819453942685507
31.332848803824017,0.02425869113867326
31.34284880382402,0.024710102160012275
31.35284880382402,0.025174137660126206
31.362848803824022,0.02565126917374375
31.372848803824024,0.026141990278978854
31.382848803824025,0.026646817834881303
31.392848803824027,0.027166293300056567
31.40284880382403,0.0277009841384199
31.41284880382403,0.028251485318659456
31.42284880382403,0.02881842091454038
31.432848803824033,0.029402445813790708
31.442848803824035,0.03000424754397715
31.452848803824036,0.03062454822450908
31.462848803824038,0.03126410665470984
31.47284880382404,0.03192372054877261
31.48284880382404,0.032604228929382126
31.492848803824042,0.03330651469284244
31.502848803824044,0.03403150735971513
31.512848803824046,0.034780186026252526
31.522848803824047,0.03555358253332069
31.53284880382405,0.03635278487105959
31.54284880382405,0.0371789408392406
31.55284880382405,0.038033261985170506
31.562848803824053,0.03891702784307753
31.572848803824055,0.039831590501220135
31.582848803824056,0.04077837952550866
31.592848803824058,0.04175890727125128
31.60284880382406,0.04277477461776018
31.61284880382406,0.04382767716401762
31.622848803824063,0.04491941192744266
31.632848803824064,0.0460518845920637
31.642848803824066,0.047227117357138464
31.652848803824067,0.048447257442529014
31.66284880382407,0.04971458631299643
31.67284880382407,0.05103152969010089
31.682848803824072,0.05240066842765592
31.692848803824074,0.053824750334783095
31.702848803824075,0.05530670303964371
31.712848803824077,0.05684964799700288
31.72284880382408,0.05845691575403664
31.73284880382408,0.0601320626013661
31.74284880382408,0.06187888875035788
31.752848803824083,0.0637014581934448
31.762848803824085,0.06560412042180036
31.772848803824086,0.06759153419436656
31.782848803824088,0.06966869357424132
31.79284880382409,0.07184095647305613
31.80284880382409,0.0741140759715253
31.812848803824092,0.07649423471516345
31.822848803824094,0.07898808271861821
31.832848803824096,0.08160277895055221
31.842848803824097,0.08434603711395976
31.8528488038241,0.08722617608467594
31.8628488038241,0.09025217552409655
31.872848803824102,0.09343373724125069
31.882848803824103,0.09678135294480938
31.892848803824105,0.10030637909778078
31.902848803824106,0.10402111966685905
31.912848803824108,0.10793891764482139
31.92284880382411,0.11207425631794729
31.93284880382411,0.11644287135072892
31.942848803824113,0.1210618748662173
31.952848803824114,0.12594989281049207
31.962848803824116,0.1311272170012035
31.972848803824117,0.1366159733686513
31.98284880382412,0.1424403079971261
31.99284880382412,0.14862659265506972
32.00284880382412,0.15520365155195212
32.01284880382413,0.1622030110592186
32.022848803824125,0.16965917405661676
32.03284880382412,0.17760992037843268
32.04284880382413,0.1860966344879274
32.05284880382413,0.19516466093701754
32.06284880382413,0.20486368728233284
32.07284880382413,0.21524815280808376
32.082848803824135,0.22637767948993653
32.09284880382414,0.23831751890865494
32.10284880382414,0.2511390050056769
32.112848803824136,0.26491999729664373
32.12284880382414,0.27974529194718445
32.132848803824146,0.2957069683613985
32.142848803824144,0.3129046258787739
32.15284880382414,0.33144544789528907
32.16284880382415,0.3514440081337374
32.17284880382415,0.37302170468281
32.18284880382415,0.39630567059377225
32.19284880382415,0.4214269642841411
32.20284880382415,0.44851778842207435
32.21284880382416,0.47770742341314754
32.22284880382416,0.5091164947029586
32.232848803824155,0.5428491297919316
32.24284880382416,0.5789825158830831
32.252848803824165,0.6175533671435238
32.26284880382416,0.6585408896682944
32.27284880382416,0.7018460461217029
32.282848803824166,0.7472673390612591
32.29284880382417,0.7944740262382515
32.30284880382417,0.8429787098294576
32.31284880382417,0.8921126018650021
32.32284880382417,0.9410083330207828
32.33284880382418,0.988596615850331
32.342848803824175,1.0336238252622607
32.35284880382417,1.0746968484697124
32.36284880382418,1.1103586322011316
32.37284880382418,1.1391924000385343
32.38284880382418,1.1599451486302692
32.39284880382418,1.1716536046239665
32.402848803824185,1.1737510910979327
32.41284880382419,1.1661343014272036
32.42284880382419,1.1491757770790159
32.432848803824186,1.1236793503784392
32.44284880382419,1.0907882120462182
32.452848803824196,1.0518644154700578
32.462848803824194,1.0083618890610804
32.47284880382419,0.9617123126437379
32.4828488038242,0.9132365855856508
32.4928488038242,0.8640869277486307
32.5028488038242,0.8152182318717366
32.5128488038242,0.7673832678417207
32.5228488038242,0.7211447544324285
32.53284880382421,0.6768975372888189
32.54284880382421,0.6348953423044846
32.552848803824205,0.5952781402288363
32.56284880382421,0.5580976322020933
32.572848803824215,0.5233395431733995
32.58284880382421,0.49094224356580196
32.59284880382421,0.46081174705934114
32.602848803824216,0.43283342460906715
32.61284880382422,0.40688090438235086
32.62284880382422,0.38282265468416865
32.63284880382422,0.36052671674897085
32.64284880382422,0.33986399654106014
32.65284880382423,0.32071045803552933
32.662848803824225,0.30294849537699525
32.67284880382422,0.28646770305928887
32.68284880382423,0.2711652138221836
32.69284880382423,0.2569457334784853
32.70284880382423,0.24372136959775925
32.71284880382423,0.23141132573097678
32.722848803824235,0.21994151343707788
32.73284880382424,0.20924411962293296
32.74284880382424,0.1992571556366333
32.752848803824236,0.18992400633142337
32.76284880382424,0.18119299127416436
32.772848803824246,0.17301694587855665
32.782848803824244,0.1653528270875813
32.79284880382424,0.15816134599505705
32.80284880382425,0.15140662824179205
32.81284880382425,0.14505590196567159
32.82284880382425,0.1390792123909068
32.83284880382425,0.1334491617079858
32.84284880382425,0.12814067264733467
32.85284880382426,0.12313077403096313
32.86284880382426,0.11839840655700218
32.872848803824255,0.11392424710257132
32.88284880382426,0.1096905498995659
32.892848803824265,0.1056810030305835
32.90284880382426,0.1018805987976672
32.91284880382426,0.09827551662739059
32.922848803824266,0.0948530172869267
32.93284880382427,0.09160134729381017
32.94284880382427,0.08850965250504231
32.95284880382427,0.08556789996775496
32.96284880382427,0.08276680720317656
32.97284880382428,0.08009777817793466
32.982848803824275,0.07755284529190198
32.99284880382427,0.07512461678009731
33.00284880382428,0.07280622898793758
33.01284880382428,0.070591303034849
33.02284880382428,0.06847390543137905
33.03284880382428,0.06644851225997744
33.042848803824285,0.06450997656996466
33.05284880382429,0.0626534986733308
33.06284880382429,0.060874599060341615
33.072848803824286,0.05916909368285223
33.08284880382429,0.05753307137906989
33.092848803824296,0.05596287323659493
33.102848803824294,0.05445507371121147
33.11284880382429,0.05300646333735635
33.1228488038243,0.05161403288268484
33.1328488038243,0.050274958813888444
33.1428488038243,0.048986589954112175
33.1528488038243,0.047746435224129746
33.1628488038243,0.04655215237000267
33.17284880382431,0.04540153758940864
33.18284880382431,0.04429251597731137
33.192848803824305,0.04322313271926089
33.20284880382431,0.04219154496744285
33.212848803824315,0.04119601434072222
33.22284880382431,0.04023489999543987
33.23284880382431,0.03930665221868333
33.242848803824316,0.03840980650021337
33.25284880382432,0.03754297804323978
33.26284880382432,0.036704856677861906
33.27284880382432,0.03589420214425989
33.28284880382432,0.035109839715669985
33.29284880382433,0.03435065613383537
33.302848803824325,0.03361559583203122
33.31284880382432,0.03290365742294503
33.32284880382433,0.032213890430664166
33.332848803824334,0.03154539224780441
33.34284880382433,0.030897305300433494
33.35284880382433,0.030268814404917094
33.362848803824335,0.029659144302148655
33.37284880382434,0.029067557355833742
33.38284880382434,0.02849335140260239
33.392848803824336,0.027935857742730445
33.40284880382434,0.02739443926116457
33.412848803824346,0.026868488669375093
33.422848803824344,0.02635742685932133
33.43284880382434,0.025860701361510485
33.44284880382435,0.02537778489976431
33.45284880382435,0.024908174035883447
33.46284880382435,0.02445138789792948
33.47284880382435,0.02400696698633172
33.48284880382435,0.023574472052469365
33.49284880382436,0.023153483044783783
33.50284880382436,0.022743598117848707
33.512848803824355,0.022344432700171085
33.52284880382436,0.021955618616809138
33.532848803824365,0.021576803263180705
33.54284880382436,0.02120764882670048
33.55284880382436,0.02084783155313151
33.562848803824366,0.020497041054760565
33.57284880382437,0.020154979657712277
33.58284880382437,0.01982136178590774
33.59284880382437,0.01949591337935158
33.60284880382437,0.019178371344593416
33.61284880382438,0.018868483035357934
33.622848803824375,0.018566005761476375
33.63284880382437,0.018270706324382158
33.64284880382438,0.01798236057755159
33.652848803824384,0.017700753010378493
33.66284880382438,0.017425676354073206
33.67284880382438,0.01715693120827211
33.682848803824385,0.016894325687130618
33.69284880382439,0.016637675083752124
33.70284880382439,0.01638680155188017
33.712848803824386,0.016141533803852318
33.72284880382439,0.0159017068238789
33.732848803824396,0.015667161595768093
33.742848803824394,0.015437744844274985
33.75284880382439,0.015213308789305583
33.7628488038244,0.01499371091225493
33.7728488038244,0.014778813733802009
33.7828488038244,0.014568484602526513
33.7928488038244,0.014362595493752581
33.8028488038244,0.01416102281806099
33.81284880382441,0.013963647238944285
33.82284880382441,0.013770353499110748
33.832848803824405,0.013581030254974312
33.84284880382441,0.013395569918894755
33.852848803824415,0.013213868508757384
33.86284880382441,0.013035825504505693
33.87284880382441,0.01286134371126411
33.882848803824416,0.01269032912870892
33.89284880382442,0.012522690826364442
33.90284880382442,0.012358340824519856
33.91284880382442,0.012197193980480735
33.92284880382442,0.012039167879885276
33.93284880382443,0.01188418273282964
33.942848803824425,0.011732161274561288
33.95284880382442,0.011583028670513319
33.96284880382443,0.011436712425465545
33.972848803824434,0.011293142296628924
33.98284880382443,0.011152250210461099
33.99284880382443,0.011013970183032216
34.002848803824435,0.010878238243769814
34.01284880382444,0.010744992362420061
34.02284880382444,0.010614172379071425
34.032848803824436,0.010485719937095687
34.04284880382444,0.010359578418868937
34.052848803824446,0.010235692884141714
34.062848803824444,0.01011401001093425
34.07284880382444,0.009994478038839957
34.08284880382445,0.009877046714626424
34.09284880382445,0.009761667240028003
34.10284880382445,0.009648292221629723
34.11284880382445,0.009536875622747918
34.12284880382445,0.009427372717217683
34.13284880382446,0.009319740045001303
34.14284880382446,0.009213935369536
34.152848803824455,0.009109917636744042
34.16284880382446,0.009007646935632137
34.172848803824465,0.008907084460409897
34.18284880382446,0.00880819247406077
34.19284880382446,0.008710934273302568
34.202848803824466,0.008615274154877752
34.21284880382447,0.008521177383115997
34.22284880382447,0.008428610158714371
34.23284880382447,0.00833753958868349
34.24284880382447,0.008247933657410608
34.25284880382448,0.00815976119879223
34.262848803824475,0.008072991869391262
34.27284880382447,0.00798759612257615
34.28284880382448,0.007903545183601538
34.292848803824484,0.007820811025591325
34.30284880382448,0.007739366346386819
34.31284880382448,0.007659184546224867
34.322848803824485,0.00758023970621243
34.33284880382449,0.007502506567565162
34.34284880382449,0.007425960511578971
34.352848803824486,0.007350577540305454
34.36284880382449,0.007276334257903343
34.372848803824496,0.0072032078526388975
34.382848803824494,0.007131176079509419
34.39284880382449,0.007060217243465657
34.4028488038245,0.006990310183209792
34.4128488038245,0.0069214342555464865
34.4228488038245,0.006853569320265294
34.4328488038245,0.006786695725534209
34.4428488038245,0.006720794293784896
34.45284880382451,0.006655846308070623
34.46284880382451,0.006591833498878748
34.472848803824505,0.006528738031380775
34.48284880382451,0.0064665424931036174
34.492848803824515,0.00640522988200616
34.50284880382451,0.006344783594945756
34.51284880382451,0.0062851874165204095
34.522848803824516,0.006226425508272876
34.53284880382452,0.006168482398243202
34.54284880382452,0.006111342970856757
34.55284880382452,0.006054992457135721
34.56284880382452,0.005999416425222377
34.57284880382453,0.005944600771202839
34.582848803824525,0.00589053171022018
34.59284880382452,0.005837195767866794
34.60284880382453,0.005784579771846167
34.612848803824534,0.0057326708438943065
34.62284880382453,0.005681456391951521
34.63284880382453,0.005630924102575893
34.642848803824535,0.005581061933590069
34.65284880382454,0.00553185810695312
34.66284880382454,0.005483301101849483
34.672848803824536,0.0054353796479876095
34.68284880382454,0.005388082719101244
34.692848803824546,0.005341399526646209
34.702848803824544,0.005295319513685919
34.71284880382454,0.005249832348959302
34.72284880382455,0.005204927921125084
34.73284880382455,0.005160596333176363
34.74284880382455,0.0051168278970196044
34.75284880382455,0.00507361312821269
34.762848803824554,0.005030942740856842
34.77284880382456,0.004988807642637187
34.78284880382456,0.004947198930006911
34.792848803824555,0.004906107883510428
34.80284880382456,0.004865525963241086
34.812848803824565,0.004825444804428916
34.82284880382456,0.004785856213154075
34.83284880382456,0.004746752162182021
34.842848803824566,0.00470812478691661
34.85284880382457,0.004669966381467198
34.86284880382457,0.004632269394825999
34.87284880382457,0.004595026427152288
34.88284880382457,0.004558230226160167
34.89284880382458,0.004521873683606491
34.902848803824575,0.004485949831875716
34.91284880382457,0.004450451840658708
34.92284880382458,0.004415373013722701
34.932848803824584,0.004380706785769425
34.94284880382458,0.004346446719378606
34.95284880382458,0.0043125865020342685
34.962848803824585,0.00427911994323141
34.97284880382459,0.004246040971660469
34.98284880382459,0.004213343632467097
34.992848803824586,0.0041810220845850884
35.00284880382459,0.004149070598140278
35.012848803824596,0.004117483551923218
35.022848803824594,0.004086255430928438
35.03284880382459,0.004055380823958404
35.0428488038246,0.004024854421290314
35.0528488038246,0.003994671012403781
35.0628488038246,0.003964825483767507
35.0728488038246,0.0039353128166832825
35.082848803824604,0.003906128085185731
35.09284880382461,0.0038772664539960364
35.10284880382461,0.0038487231765280336
35.112848803824605,0.0038204935929451954
35.12284880382461,0.003792573128267129
35.132848803824615,0.0037649572905240607
35.14284880382461,0.0037376416689578426
35.15284880382461,0.0037106219322682473
35.162848803824616,0.0036838938269033047
35.17284880382462,0.0036574531753923592
35.18284880382462,0.0036312958747205565
35.19284880382462,0.003605417894743669
35.20284880382462,0.0035798152766421715
35.21284880382463,0.0035544841314134224
35.222848803824625,0.003529420638400786
35.23284880382462,0.0035046210438587394
35.24284880382463,0.0034800816595530505
35.252848803824634,0.003455798861394954
35.26284880382463,0.0034317690881083395
35.27284880382463,0.00340798883992911
35.282848803824635,0.00338445467733588
35.29284880382464,0.0033611632198111015
35.30284880382464,0.0033381111446317228
35.312848803824636,0.0033152951856886214
35.32284880382464,0.003292712132334136
35.332848803824646,0.003270358828256835
35.342848803824644,0.0032482321703827467
35.35284880382464,0.003226329107802403
35.36284880382465,0.0032046466407230577
35.37284880382465,0.003183181819445364
35.38284880382465,0.003161931743363782
35.39284880382465,0.0031408935599901654
35.402848803824654,0.003120064463999965
35.41284880382466,0.003099441696300398
35.42284880382466,0.0030790225431199473
35.432848803824655,0.0030588043351186985
35.44284880382466,0.003038784446519018
35.452848803824665,0.003018960294256001
35.46284880382466,0.0029993293371471065
35.47284880382466,0.00297988907508055
35.482848803824666,0.0029606370482220287
35.49284880382467,0.002941570836239245
35.50284880382467,0.0029226880575437307
35.51284880382467,0.0029039863685495714
35.52284880382467,0.0028854634629486772
35.53284880382468,0.002867117071002096
35.542848803824675,0.002848944958846945
35.55284880382467,0.0028309449278186025
35.56284880382468,0.0028131148137878247
35.572848803824684,0.0027954524865123824
35.58284880382468,0.0027779558490027803
35.59284880382468,0.002760622836901781
35.602848803824685,0.0027434514178774298
35.61284880382469,0.002726439591029204
35.62284880382469,0.002709585386306905
35.632848803824686,0.0026928868639420427
35.64284880382469,0.0026763421138914435
35.652848803824696,0.0026599492552927422
35.662848803824694,0.0026437064359314164
35.67284880382469,0.0026276118317191386
35.6828488038247,0.0026116636461832148
35.6928488038247,0.002595860109966786
35.7028488038247,0.0025801994803395095
35.7128488038247,0.0025646800407184973
35.722848803824704,0.0025493001001993176
35.73284880382471,0.0025340579930967777
35.74284880382471,0.002518952078495202
35.752848803824705,0.0025039807398080393
35.76284880382471,0.0024891423843466103
35.772848803824715,0.002474435442897743
35.78284880382471,0.0024598583693100375
35.79284880382471,0.00244540964008862
35.802848803824716,0.0024310877539981983
35.81284880382472,0.002416891231674216
35.82284880382472,0.0024028186152418546
35.83284880382472,0.0023888684679427546
35.84284880382472,0.0023750393737693165
35.85284880382473,0.002361329937106354
35.862848803824726,0.002347738782379914
35.87284880382472,0.002334264553713122
35.88284880382473,0.0023209059145889357
35.892848803824734,0.0023076615475196125
35.90284880382473,0.0022945301537227038
35.91284880382473,0.002281510452803456
35.922848803824735,0.0022686011824435224
35.93284880382474,0.0022558010980958036
35.94284880382474,0.002243108972685235
35.952848803824736,0.002230523596315439
35.96284880382474,0.0022180437759811334
35.972848803824746,0.002205668335286138
35.982848803824744,0.0021933961141668255
35.99284880382474,0.0021812259686209193
36.00284880382475,0.0021691567704415693
36.01284880382475,0.002157187406956535
36.02284880382475,0.002145316780772358
36.03284880382475,0.0021335438095234213
36.042848803824754,0.0021218674256258383
36.05284880382476,0.0021102865760360286
36.06284880382476,0.0020988002220138475
36.072848803824755,0.0020874073388901983
36.08284880382476,0.0020761069158390724
36.092848803824765,0.0020648979556538776
36.10284880382476,0.0020537794745279442
36.11284880382476,0.002042750501839141
36.122848803824766,0.002031810079938545
36.13284880382477,0.002020957263943059
36.14284880382477,0.002010191121531844
36.15284880382477,0.001999510732746534
36.16284880382477,0.001988915189795168
36.17284880382478,0.001978403596859752
36.182848803824776,0.0019679750699073124
36.19284880382477,0.0019576287365044333
36.20284880382478,0.0019473637356352076
36.212848803824784,0.0019371792175225154
36.22284880382478,0.0019270743434525238
36.23284880382478,0.0019170482856023792
36.242848803824785,0.0019071002268710416
36.25284880382479,0.0018972293607131825
36.26284880382479,0.001887434890976042
36.272848803824786,0.0018777160317392206
36.28284880382479,0.0018680720071573731
36.292848803824796,0.00185850205130571
36.302848803824794,0.001849005408028232
36.31284880382479,0.0018395813307886622
36.3228488038248,0.0018302290825240523
36.3328488038248,0.0018209479355009808
36.3428488038248,0.0018117371711742587
36.3528488038248,0.0018025960800481316
36.362848803824804,0.0017935239615399397
36.37284880382481,0.001784520123846173
36.38284880382481,0.0017755838838108364
36.392848803824805,0.0017667145667961167
36.40284880382481,0.001757911506555318
36.412848803824815,0.0017491740451080079
36.42284880382481,0.0017405015326172973
36.43284880382481,0.0017318933272692364
36.442848803824816,0.0017233487951543217
36.45284880382482,0.0017148673101510259
36.46284880382482,0.0017064482538113124
36.47284880382482,0.0016980910152480987
36.48284880382482,0.0016897949910246687
36.49284880382483,0.0016815595850459633
36.502848803824826,0.0016733842084516962
36.512848803824824,0.0016652682795112747
36.52284880382483,0.0016572112235205248
36.532848803824834,0.001649212472700152
36.54284880382483,0.0016412714660958888
36.55284880382483,0.001633387649480318
36.562848803824835,0.001625560475256357
36.57284880382484,0.0016177894023623582
36.58284880382484,0.0016100738961787643
36.592848803824836,0.0016024134284363153
36.60284880382484,0.0015948074771258008
36.612848803824846,0.0015872555264093012
36.622848803824844,0.0015797570665328732
36.63284880382484,0.0015723115937406726
36.64284880382485,0.0015649186101905097
36.65284880382485,0.0015575776238707841
36.66284880382485,0.0015502881485187612
36.67284880382485,0.0015430497035401765
36.682848803824854,0.001535861813930171
36.69284880382486,0.0015287240101955109
36.70284880382486,0.001521635828278042
36.712848803824855,0.0015145968094793874
36.72284880382486,0.0015076065003868722
36.732848803824865,0.0015006644528006434
36.74284880382486,0.001493770223661939
36.75284880382486,0.0014869233749825043
36.762848803824866,0.0014801234737751552
36.77284880382487,0.0014733700919854508
36.78284880382487,0.0014666628064244275
36.79284880382487,0.001460001198702405
36.80284880382487,0.0014533848551638582
36.81284880382488,0.0014468133668233151
36.822848803824876,0.0014402863293022494
36.832848803824874,0.0014338033427669632
36.84284880382488,0.0014273640118674625
36.852848803824884,0.0014209679456772904
36.86284880382488,0.0014146147576342804
36.87284880382488,0.0014083040654822348
36.882848803824885,0.0014020354912135267
36.89284880382489,0.0013958086610125918
36.90284880382489,0.0013896232052002773
36.912848803824886,0.001383478758179052
36.92284880382489,0.0013773749583790764
36.932848803824896,0.0013713114482051042
36.942848803824894,0.0013652878739841777
36.95284880382489,0.0013593038859141273
36.9628488038249,0.0013533591380128734
36.9728488038249,0.0013474532880685028
36.9828488038249,0.0013415859975900836
36.9928488038249,0.0013357569317592323
37.002848803824904,0.0013299657593824259
37.01284880382491,0.0013242121528440373
37.02284880382491,0.0013184957880600632
37.032848803824905,0.0013128163444325446
37.04284880382491,0.0013071735048046946
37.052848803824915,0.0013015669554166903
37.06284880382491,0.0012959963858621157
37.07284880382491,0.0012904614890450524
37.082848803824916,0.0012849619611378254
37.09284880382492,0.0012794975015393757
37.10284880382492,0.0012740678128342362
37.11284880382492,0.0012686726007521119
37.12284880382492,0.001263311574128075
37.13284880382493,0.0012579844448633447
37.142848803824926,0.001252690927886629
37.152848803824924,0.0012474307411160337
37.16284880382493,0.001242203605421543
37.172848803824934,0.0012370092445880508
37.18284880382493,0.001231847385278912
37.19284880382493,0.0012267177570000282
37.202848803824935,0.0012216200920644683
37.21284880382494,0.0012165541255576
37.22284880382494,0.0012115195953027122
37.232848803824936,0.001206516241827134
37.24284880382494,0.0012015438083288555
37.252848803824946,0.0011966020406436273
37.262848803824944,0.0011916906872125198
37.27284880382494,0.0011868094990499436
37.28284880382495,0.0011819582297121442
37.29284880382495,0.0011771366352661431
37.30284880382495,0.0011723444742591078
37.31284880382495,0.0011675815076881576
37.322848803824954,0.0011628474989706088
37.33284880382496,0.001158142213914642
37.34284880382496,0.0011534654206903695
37.352848803824955,0.0011488168898013103
37.36284880382496,0.0011441963940562786
37.372848803824965,0.0011396037085416681
37.38284880382496,0.001135038610594108
37.39284880382496,0.0011305008797735051
37.402848803824966,0.0011259902978364735
37.41284880382497,0.001121506648710129
37.42284880382497,0.001117049718466244
37.43284880382497,0.0011126192952957505
37.44284880382497,0.0011082151694836182
37.45284880382498,0.00110383713338407
37.462848803824976,0.0010994849813961347
37.472848803824974,0.0010951585099395304
37.48284880382498,0.0010908575174308922
37.492848803824984,0.001086581804260328
37.50284880382498,0.0010823311727682808
37.51284880382498,0.0010781054272227051
37.522848803824985,0.0010739043737965706
37.53284880382499,0.001069727820545666
37.54284880382499,0.001065575577386697
37.552848803824986,0.0010614474560756773
37.56284880382499,0.0010573432701866262
37.572848803824996,0.0010532628350905507
37.582848803824994,0.001049205967934701
37.59284880382499,0.0010451724876221044
37.602848803825,0.0010411622147913824
37.612848803825,0.0010371749717968438
37.622848803825,0.0010332105826888261
37.632848803825,0.0010292688731943014
37.642848803825004,0.0010253496706977545
37.65284880382501,0.0010214528042223096
37.66284880382501,0.0010175781044111003
37.672848803825005,0.0010137254035088846
37.68284880382501,0.0010098945353439134
37.692848803825015,0.0010060853353100383
37.70284880382501,0.0010022976403490445
37.71284880382501,0.0009985312889332157
37.722848803825016,0.0009947861210481367
37.73284880382502,0.0009910619781757228
37.74284880382502,0.00098735870327746
37.75284880382502,0.0009836761407778618
37.76284880382502,0.0009800141365481556
37.77284880382503,0.0009763725378901769
37.782848803825026,0.0009727511935204634
37.792848803825024,0.0009691499535545568
37.80284880382503,0.0009655686694915136
37.812848803825034,0.0009620071941986202
37.82284880382503,0.0009584653818962901
37.83284880382503,0.0009549430881431596
37.842848803825035,0.0009514401698213805
37.85284880382504,0.0009479564851221031
37.86284880382504,0.0009444918935311348
37.872848803825036,0.0009410462558147806
37.88284880382504,0.0009376194340058753
37.892848803825046,0.000934211291389991
37.902848803825044,0.0009308216924918112
37.91284880382504,0.0009274505030616778
37.92284880382505,0.0009240975900623155
37.93284880382505,0.0009207628216557262
37.94284880382505,0.0009174460671902389
37.95284880382505,0.0009141471971877179
37.962848803825054,0.0009108660833309485
37.97284880382506,0.000907602598451173
37.98284880382506,0.0009043566165157793
37.992848803825055,0.0009011280126161381
38.00284880382506,0.0008979166629556061
38.012848803825065,0.0008947224448376726
38.02284880382506,0.0008915452366542486
38.03284880382506,0.0008883849178741003
38.042848803825066,0.000885241369031431
38.05284880382507,0.0008821144717146104
38.06284880382507,0.0008790041085550278
38.07284880382507,0.0008759101632160846
38.08284880382507,0.0008728325203823339
38.09284880382508,0.0008697710657487482
38.102848803825076,0.0008667256860101122
38.112848803825074,0.000863696268850547
38.12284880382508,0.0008606827029331662
38.132848803825084,0.0008576848778898621
38.14284880382508,0.0008547026843112056
38.15284880382508,0.0008517360137364693
38.162848803825085,0.0008487847586437789
38.17284880382509,0.000845848812440385
38.18284880382509,0.0008429280694530428
38.192848803825086,0.0008400224249185079
38.20284880382509,0.0008371317749741571
38.212848803825096,0.0008342560166487173
38.222848803825094,0.000831395047853101
38.23284880382509,0.0008285487673713512
38.2428488038251,0.0008257170748516995
38.2528488038251,0.0008228998707977352
38.2628488038251,0.0008200970565596685
38.2728488038251,0.0008173085343256983
38.282848803825104,0.0008145342071134915
38.29284880382511,0.0008117739787617609
38.30284880382511,0.0008090277539219372
38.312848803825105,0.0008062954380499377
38.32284880382511,0.0008035769373980419
38.332848803825115,0.000800872159006859
38.34284880382511,0.0007981810106973862
38.35284880382511,0.000795503401063158
38.362848803825116,0.0007928392394624937
38.37284880382512,0.0007901884360108391
38.38284880382512,0.0007875509015731879
38.39284880382512,0.0007849265477565895
38.40284880382512,0.0007823152869027558
38.41284880382513,0.0007797170320807504
38.422848803825126,0.0007771316970797558
38.432848803825124,0.0007745591964019265
38.44284880382513,0.0007719994452553276
38.452848803825134,0.0007694523595469599
38.46284880382513,0.0007669178558758546
38.47284880382513,0.0007643958515262479
38.482848803825135,0.0007618862644608434
38.49284880382514,0.0007593890133141485
38.50284880382514,0.0007569040173858812
38.512848803825136,0.0007544311966344538
38.52284880382514,0.0007519704716705359
38.532848803825146,0.0007495217637506908
38.542848803825144,0.0007470849947710786
38.55284880382514,0.0007446600872612303
38.56284880382515,0.0007422469643778974
38.57284880382515,0.0007398455498989743
38.58284880382515,0.0007374557682174802
38.59284880382515,0.0007350775443356098
38.602848803825154,0.0007327108038588579
38.61284880382516,0.0007303554729902079
38.62284880382516,0.000728011478524383
38.632848803825155,0.0007256787478421568
38.64284880382516,0.0007233572089047393
38.652848803825165,0.0007210467902482212
38.66284880382516,0.0007187474209780754
38.67284880382516,0.0007164590307637213
38.682848803825166,0.0007141815498331525
38.69284880382517,0.0007119149089676267
38.70284880382517,0.000709659039496408
38.71284880382517,0.0007074138732915661
38.72284880382517,0.00070517934276284
38.73284880382518,0.0007029553808525578
38.742848803825176,0.0007007419210306074
38.752848803825174,0.0006985388972894604
38.76284880382518,0.0006963462441392601
38.772848803825184,0.000694163896602959
38.78284880382518,0.0006919917902115074
38.79284880382518,0.0006898298609990922
38.802848803825185,0.0006876780454984335
38.81284880382519,0.0006855362807361353
38.82284880382519,0.0006834045042280768
38.832848803825186,0.0006812826539748558
38.84284880382519,0.0006791706684572886
38.8528488038252,0.0006770684866319562
38.862848803825194,0.0006749760479267937
38.87284880382519,0.0006728932922367282
38.8828488038252,0.0006708201599193678
38.8928488038252,0.0006687565917907384
38.9028488038252,0.0006667025291210604
38.9128488038252,0.0006646579136305691
38.922848803825204,0.0006626226874853884
38.93284880382521,0.0006605967932934451
38.94284880382521,0.0006585801741004248
38.952848803825205,0.0006565727733857676
38.96284880382521,0.0006545745350587147
38.972848803825215,0.0006525854034543954
38.98284880382521,0.0006506053233299504
38.99284880382521,0.0006486342398606968
39.002848803825216,0.0006466720986363373
39.01284880382522,0.0006447188456572131
39.02284880382522,0.0006427744273305861
39.03284880382522,0.0006408387904669644
39.04284880382522,0.0006389118822764695
39.05284880382523,0.0006369936503652425
39.062848803825226,0.0006350840427318822
39.072848803825224,0.0006331830077639202
39.08284880382523,0.0006312904942343401
39.092848803825234,0.00062940645129813
39.10284880382523,0.0006275308284888683
39.11284880382523,0.0006256635757153433
39.122848803825235,0.0006238046432582139
39.13284880382524,0.0006219539817667049
39.14284880382524,0.0006201115422553322
39.152848803825236,0.0006182772761006589
39.16284880382524,0.000616451135038094
39.17284880382525,0.0006146330711587216
39.182848803825244,0.0006128230369061578
39.19284880382524,0.0006110209850734408
39.20284880382525,0.0006092268687999579
39.21284880382525,0.0006074406415684034
39.22284880382525,0.0006056622572017625
39.23284880382525,0.0006038916698603273
39.242848803825254,0.0006021288340387462
39.25284880382526,0.0006003737045631065
39.26284880382526,0.0005986262365880377
39.272848803825255,0.0005968863855938475
39.28284880382526,0.0005951541073836905
39.292848803825265,0.0005934293580807657
39.30284880382526,0.0005917120941255374
39.31284880382526,0.0005900022722729848
39.322848803825266,0.0005882998495898826
39.33284880382527,0.0005866047834521111
39.34284880382527,0.0005849170315419873
39.35284880382527,0.000583236551845623
39.36284880382527,0.0005815633026503142
39.37284880382528,0.0005798972425419567
39.382848803825276,0.0005782383304024832
39.392848803825274,0.0005765865254073244
39.40284880382528,0.0005749417870229034
39.412848803825284,0.000573304075004151
39.42284880382528,0.0005716733493920443
39.43284880382528,0.0005700495705111681
39.442848803825285,0.0005684326989673053
39.45284880382529,0.000566822695645052
39.46284880382529,0.0005652195217054502
39.472848803825286,0.0005636231385836455
39.48284880382529,0.0005620335079865713
39.4928488038253,0.0005604505918906557
39.502848803825295,0.0005588743525395478
39.51284880382529,0.000557304752441864
39.5228488038253,0.0005557417543689643
39.5328488038253,0.0005541853213527463
39.5428488038253,0.00055263541668346
39.5528488038253,0.0005510920039075416
39.562848803825304,0.0005495550468254734
39.57284880382531,0.0005480245094896652
39.58284880382531,0.0005465003562023516
39.592848803825305,0.0005449825515135089
39.60284880382531,0.000543471060218798
39.612848803825315,0.0005419658473575256
39.62284880382531,0.0005404668782106227
39.63284880382531,0.000538974118298641
39.642848803825316,0.000537487533379773
39.65284880382532,0.0005360070894478931
39.66284880382532,0.0005345327527306105
39.67284880382532,0.0005330644896873427
39.68284880382532,0.0005316022670074116
39.69284880382533,0.0005301460516081567
39.702848803825326,0.0005286958106330631
39.712848803825324,0.0005272515114499073
39.72284880382533,0.000525813121648925
39.732848803825334,0.0005243806090409956
39.74284880382533,0.0005229539416558398
39.75284880382533,0.000521533087740237
39.762848803825335,0.0005201180157562584
39.77284880382534,0.0005187086943795228
39.78284880382534,0.0005173050924974606
39.792848803825336,0.0005159071792075958
39.80284880382534,0.0005145149238158487
39.81284880382535,0.0005131282958348531
39.822848803825345,0.0005117472649822872
39.83284880382534,0.0005103718011792184
39.84284880382535,0.0005090018745484687
39.85284880382535,0.0005076374554129957
39.86284880382535,0.0005062785142942836
39.87284880382535,0.0005049250219107502
39.882848803825354,0.0005035769491761721
39.89284880382536,0.0005022342671981256
39.90284880382536,0.0005008969472764365
39.912848803825355,0.0004995649609016467
39.92284880382536,0.0004982382797534964
39.932848803825365,0.000496916875699422
39.94284880382536,0.0004956007207930633
39.95284880382536,0.0004942897872727852
39.962848803825366,0.0004929840475602169
39.97284880382537,0.0004916834742588026
39.98284880382537,0.0004903880401523652
39.99284880382537,0.0004890977182036802
40.00284880382537,0.00048781248155306783
40.01284880382538,0.00048653230351699834
40.022848803825376,0.0004852571575867053
40.032848803825374,0.00048398701742681245
40.04284880382538,0.00048272185687397675
40.052848803825384,0.00048146164993554324
40.06284880382538,0.00048020637078820917
40.07284880382538,0.0004789559937767001
40.082848803825385,0.00047771049341246085
40.09284880382539,0.0004764698443723601
40.10284880382539,0.00047523402149740135
40.112848803825386,0.0004740029997914467
40.12284880382539,0.0004727767544199554
40.1328488038254,0.00047155526070873327
40.142848803825395,0.000470338494142691
40.15284880382539,0.00046912643036461243
40.1628488038254,0.00046791904517393855
40.1728488038254,0.0004667163145255617
40.1828488038254,0.00046551821452862674
40.1928488038254,0.0004643247214453447
40.202848803825404,0.00046313581168981816
40.21284880382541,0.0004619514618268788
40.22284880382541,0.00046077164857093183
40.232848803825405,0.0004595963487848096
40.24284880382541,0.00045842553947864
40.252848803825415,0.00045725919780872443
40.26284880382541,0.00045609730107642224
40.27284880382541,0.00045493982672704513
40.282848803825416,0.00045378675234876556
40.29284880382542,0.0004526380556715331
40.30284880382542,0.0004514937145659987
40.31284880382542,0.0004503537070424476
40.32284880382542,0.00044921801124974504
