30.70284880382392,2.077900113009528e-23
30.71284880382392,2.4688637389273957e-23
30.722848803823922,2.932530272126649e-23
30.732848803823924,3.482256962129865e-23
30.742848803823925,4.1338246936614995e-23
30.752848803823927,4.905872122117973e-23
30.76284880382393,5.820406545222438e-23
30.77284880382393,6.903404888693546e-23
30.78284880382393,8.185520482857663e-23
30.792848803823933,9.702913995521804e-23
30.802848803823935,1.1498230029005001e-22
30.812848803823936,1.3621744561550043e-22
30.822848803823938,1.6132712703314443e-22
30.83284880382394,1.910095124704596e-22
30.84284880382394,2.260869634230216e-22
30.852848803823942,2.6752783447939454e-22
30.862848803823944,3.164720468121734e-22
30.872848803823945,3.742610796992324e-22
30.882848803823947,4.424731324312422e-22
30.89284880382395,5.229643351822133e-22
30.90284880382395,6.179170344886862e-22
30.91284880382395,7.2989635028964455e-22
30.922848803823953,8.619164009517129e-22
30.932848803823955,1.0175178249000296e-21
30.942848803823956,1.2008584976733584e-21
30.952848803823958,1.416819657542001e-21
30.96284880382396,1.67113001835341e-21
30.97284880382396,1.9705108732089684e-21
30.982848803823963,2.3228456864208792e-21
30.992848803823964,2.7373782449395345e-21
31.002848803823966,3.224944106786849e-21
31.012848803823967,3.798240857676716e-21
31.02284880382397,4.472143584933062e-21
31.03284880382397,5.264073019660259e-21
31.042848803823972,6.194425006547721e-21
31.052848803823974,7.287071361881616e-21
31.062848803823975,8.569943804511978e-21
31.072848803823977,1.0075714526552229e-20
31.08284880382398,1.1842589150698518e-20
31.09284880382398,1.3915230345633558e-20
31.10284880382398,1.6345833293499423e-20
31.112848803823983,1.9195377585500124e-20
31.122848803823985,2.2535084034325012e-20
31.132848803823986,2.6448109417005575e-20
31.142848803823988,3.1031517393144213e-20
31.15284880382399,3.639856988947892e-20
31.16284880382399,4.268139022707273e-20
31.172848803823992,5.0034057335304896e-20
31.182848803823994,5.863619971204027e-20
31.192848803823995,6.869716854112786e-20
31.202848803823997,8.046088178427306e-20
31.212848803824,9.421144537402816e-20
31.222848803824,1.1027967413498934e-19
31.232848803824,1.2905065408029575e-19
31.242848803824003,1.5097250964780857e-19
31.252848803824005,1.7656656468791014e-19
31.262848803824006,2.0643911508915637e-19
31.272848803824008,2.4129506439801125e-19
31.28284880382401,2.8195371230653847e-19
31.29284880382401,3.2936703019371917e-19
31.302848803824013,3.8464080886696915e-19
31.312848803824014,4.49059122238618e-19
31.322848803824016,5.241126180070704e-19
31.332848803824017,6.115312237742752e-19
31.34284880382402,7.133219458837158e-19
31.35284880382402,8.318125402793114e-19
31.362848803824022,9.69701951777036e-19
31.372848803824024,1.130118552490523e-18
31.382848803824025,1.3166873642523398e-18
31.392848803824027,1.5336076265688598e-18
31.40284880382403,1.7857422741846483e-18
31.41284880382403,2.0787211204143233e-18
31.42284880382403,2.419059808247072e-18
31.432848803824033,2.8142968956532782e-18
31.442848803824035,3.2731517900039316e-18
31.452848803824036,3.805706645298097e-18
31.462848803824038,4.423615792087847e-18
31.47284880382404,5.140346791685973e-18
31.48284880382404,5.971457802646545e-18
31.492848803824042,6.934916629088938e-18
31.502848803824044,8.051467599103591e-18
31.512848803824046,9.345053310755702e-18
31.522848803824047,1.0843299298471439e-17
31.53284880382405,1.2578070831310065e-17
31.54284880382405,1.4586112376616097e-17
31.55284880382405,1.6909781770313745e-17
31.562848803824053,1.959789285418484e-17
31.572848803824055,2.2706682299803656e-17
31.582848803824056,2.630091857123599e-17
31.592848803824058,3.045517352133644e-17
31.60284880382406,3.525528001166518e-17
31.61284880382406,4.080000224143636e-17
31.622848803824063,4.720294922055907e-17
31.632848803824064,5.459476608691823e-17
31.642848803824066,6.312564281779557e-17
31.652848803824067,7.296818539801261e-17
31.66284880382407,8.432070077151252e-17
31.67284880382407,9.741095401870158e-17
31.682848803824072,1.125004642819478e-16
31.692848803824074,1.298894151337946e-16
31.702848803824075,1.4992226549080592e-16
31.712848803824077,1.7299415898305714e-16
31.72284880382408,1.9955824307860534e-16
31.73284880382408,2.3013402444067486e-16
31.74284880382408,2.653169041959239e-16
31.752848803824083,3.0578905627792115e-16
31.762848803824085,3.5233183407681794e-16
31.772848803824086,4.0583991560755204e-16
31.782848803824088,4.67337425680149e-16
31.79284880382409,5.379963055389405e-16
31.80284880382409,6.191572366080036e-16
31.812848803824092,7.123534658719652e-16
31.822848803824094,8.193379266349578e-16
31.832848803824096,9.421141006106488e-16
31.842848803824097,1.0829711262608357e-15
31.8528488038241,1.2445237248700169e-15
31.8628488038241,1.429757590973726e-15
31.872848803824102,1.642080978520915e-15
31.882848803824103,1.8853833097472664e-15
31.892848803824105,2.1641017415151496e-15
31.902848803824106,2.483296745345981e-15
31.912848803824108,2.8487378942266317e-15
31.92284880382411,3.2670012034055214e-15
31.93284880382411,3.7455795459312035e-15
31.942848803824113,4.2930078589970465e-15
31.952848803824114,4.9190050769010376e-15
31.962848803824116,5.6346349735764284e-15
31.972848803824117,6.452488375519108e-15
31.98284880382412,7.386889518243417e-15
31.99284880382412,8.454129670282e-15
32.00284880382412,9.672731542837511e-15
32.01284880382413,1.1063748445660704e-14
32.022848803824125,1.2651102646332076e-14
32.03284880382412,1.4461967947308757e-14
32.04284880382413,1.6527202119988384e-14
32.05284880382413,1.8881835535694774e-14
32.06284880382413,2.1565623118757022e-14
32.07284880382413,2.462366762665208e-14
32.082848803824135,2.8107123247553157e-14
32.09284880382414,3.207398960888424e-14
32.10284880382414,3.659000752524634e-14
32.112848803824136,4.172966919553869e-14
32.12284880382414,4.757735710415758e-14
32.132848803824146,5.422862760860893e-14
32.142848803824144,6.179165712651988e-14
32.15284880382414,7.038887099198303e-14
32.16284880382415,8.01587774601492e-14
32.17284880382415,9.125803202853427e-14
32.18284880382415,1.0386376024515587e-13
32.19284880382415,1.1817617052233538e-13
32.20284880382415,1.3442149220968898e-13
32.21284880382416,1.52855278343578e-13
32.22284880382416,1.7376611713054097e-13
32.232848803824155,1.974798013916741e-13
32.24284880382416,2.2436401095190933e-13
32.252848803824165,2.548335693673524e-13
32.26284880382416,2.893563435163457e-13
32.27284880382416,3.284598625143114e-13
32.282848803824166,3.7273874123608974e-13
32.29284880382417,4.2286300353851795e-13
32.30284880382417,4.795874111764258e-13
32.31284880382417,5.437619165134842e-13
32.32284880382417,6.163433705754071e-13
32.33284880382418,6.984086329188569e-13
32.342848803824175,7.911692463520331e-13
32.35284880382417,8.959878579142088e-13
32.36284880382418,1.0143965878924276e-12
32.37284880382418,1.1481175712342406e-12
32.38284880382418,1.2990859207351835e-12
32.39284880382418,1.4694753890911822e-12
32.402848803824185,1.6617270375893734e-12
32.41284880382419,1.8785812531722653e-12
32.42284880382419,2.123113493185036e-12
32.432848803824186,2.398774178672106e-12
32.44284880382419,2.709433203033605e-12
32.452848803824196,3.0594295736315333e-12
32.462848803824194,3.453626760033555e-12
32.47284880382419,3.897474384533597e-12
32.4828488038242,4.397076958979159e-12
32.4928488038242,4.959270447411591e-12
32.5028488038242,5.591707517283315e-12
32.5128488038242,6.3029524338230446e-12
32.5228488038242,7.1025866533201976e-12
32.53284880382421,8.001326282616041e-12
32.54284880382421,9.011152694920556e-12
32.552848803824205,1.0145457727312108e-11
32.56284880382421,1.141920503413142e-11
32.572848803824215,1.2849109334258557e-11
32.58284880382421,1.4453835470389873e-11
32.59284880382421,1.625421939644854e-11
32.602848803824216,1.827351342688914e-11
32.61284880382422,2.053765832073877e-11
32.62284880382422,2.3075585035763884e-11
32.63284880382422,2.5919549276339782e-11
32.64284880382422,2.910550227483213e-11
32.65284880382423,3.2673501593190934e-11
32.662848803824225,3.666816611180238e-11
32.67284880382422,4.113917978948758e-11
32.68284880382423,4.6141849235255055e-11
32.69284880382423,5.1737720632622236e-11
32.70284880382423,5.799526210493209e-11
32.71284880382423,6.499061820931532e-11
32.722848803824235,7.280844390246857e-11
32.73284880382424,8.154282603825246e-11
32.74284880382424,9.129830124064513e-11
32.752848803824236,1.0219097985162852e-10
32.76284880382424,1.1434978658856646e-10
32.772848803824246,1.2791782956648732e-10
32.782848803824244,1.4305391045473544e-10
32.79284880382424,1.599341897527044e-10
32.80284880382425,1.7875402249452374e-10
32.81284880382425,1.9972998113723074e-10
32.82284880382425,2.231020839608827e-10
32.83284880382425,2.491362490232905e-10
32.84284880382425,2.781269955783177e-10
32.85284880382426,3.104004168978865e-10
32.86284880382426,3.4631745064742875e-10
32.872848803824255,3.8627747536686826e-10
32.88284880382426,4.307222642206953e-10
32.892848803824265,4.801403300182001e-10
32.90284880382426,5.35071698586567e-10
32.91284880382426,5.961131509247152e-10
32.922848803824266,6.639239781958684e-10
32.93284880382427,7.392322975549552e-10
32.94284880382427,8.228419810766454e-10
32.95284880382427,9.156402546770039e-10
32.96284880382427,1.018606028934685e-09
32.97284880382428,1.132819029146861e-09
32.982848803824275,1.2594697978317083e-09
32.99284880382427,1.3998706492468265e-09
33.00284880382428,1.5554676623695146e-09
33.01284880382428,1.727853806219311e-09
33.02284880382428,1.918783299437038e-09
33.03284880382428,2.1301873147108745e-09
33.042848803824285,2.3641911480081477e-09
33.05284880382429,2.623132982683305e-09
33.06284880382429,2.9095843894395828e-09
33.072848803824286,3.2263727148815114e-09
33.08284880382429,3.5766055240701124e-09
33.092848803824296,3.963697276150112e-09
33.102848803824294,4.391398426823993e-09
33.11284880382429,4.863827167274561e-09
33.1228488038243,5.385504026166051e-09
33.1328488038243,5.961389579670216e-09
33.1428488038243,6.596925534150385e-09
33.1528488038243,7.298079467285818e-09
33.1628488038243,8.07139353613267e-09
33.17284880382431,8.924037485006431e-09
33.18284880382431,9.86386631223559e-09
33.192848803824305,1.0899482982892513e-08
33.20284880382431,1.2040306604686617e-08
33.212848803824315,1.3296646516438803e-08
33.22284880382431,1.4679782773077124e-08
33.23284880382431,1.6202053548037016e-08
33.242848803824316,1.787695001348392e-08
33.25284880382432,1.971921930106372e-08
33.26284880382432,2.1744976191085864e-08
33.27284880382432,2.3971824226326467e-08
33.28284880382432,2.641898699820081e-08
33.29284880382433,2.910745040811054e-08
33.302848803824325,3.206011676549682e-08
33.31284880382432,3.5301971646739845e-08
33.32284880382433,3.886026450577444e-08
33.332848803824334,4.276470409840523e-08
33.34284880382433,4.7047669858005825e-08
33.35284880382433,5.174444044082222e-08
33.362848803824335,5.689344074477486e-08
33.37284880382434,6.253650879676247e-08
33.38284880382434,6.871918400025876e-08
33.392848803824336,7.549101833775293e-08
33.40284880382434,8.290591223165546e-08
33.412848803824346,9.102247688306407e-08
33.422848803824344,9.990442503049101e-08
33.43284880382434,1.0962099220065143e-07
33.44284880382435,1.202473906611095e-07
33.45284880382435,1.31865298430401e-07
33.46284880382435,1.445633858554924e-07
33.47284880382435,1.5843788242944555e-07
33.48284880382435,1.7359318669445026e-07
33.49284880382436,1.901425222574409e-07
33.50284880382436,2.0820864313762913e-07
33.512848803824355,2.2792459186783787e-07
33.52284880382436,2.494345139851278e-07
33.532848803824365,2.728945327713688e-07
33.54284880382436,2.9847368834148386e-07
33.55284880382436,3.263549454263661e-07
33.562848803824366,3.567362744597585e-07
33.57284880382437,3.898318108541889e-07
33.58284880382437,4.258730976406812e-07
33.59284880382437,4.651104169507252e-07
33.60284880382437,5.07814216137797e-07
33.61284880382438,5.542766346700706e-07
33.622848803824375,6.048131382761905e-07
33.63284880382437,6.597642671922223e-07
33.64284880382438,7.194975057412376e-07
33.652848803824384,7.844092808780116e-07
33.66284880382438,8.54927097750119e-07
33.67284880382438,9.315118207633744e-07
33.682848803824385,1.0146601090952972e-06
33.69284880382439,1.1049070160756979e-06
33.70284880382439,1.2028287623484637e-06
33.712848803824386,1.3090456932429493e-06
33.72284880382439,1.4242254313186414e-06
33.732848803824396,1.549086235603376e-06
33.742848803824394,1.6844005796229608e-06
33.75284880382439,1.8309989609181288e-06
33.7628488038244,1.989773955364938e-06
33.7728488038244,2.16168453025787e-06
33.7828488038244,2.347760630779285e-06
33.7928488038244,2.549108055164652e-06
33.8028488038244,2.766913634581153e-06
33.81284880382441,3.0024507344691528e-06
33.82284880382441,3.257085094848933e-06
33.832848803824405,3.5322810278688258e-06
33.84284880382441,3.829607991666525e-06
33.852848803824415,4.1507475604343675e-06
33.86284880382441,4.497500811418119e-06
33.87284880382441,4.871796150435937e-06
33.882848803824416,5.275697598381931e-06
33.89284880382442,5.7114135620778e-06
33.90284880382442,6.181306113751874e-06
33.91284880382442,6.687900804355054e-06
33.92284880382442,7.233897036870386e-06
33.93284880382443,7.822179026738621e-06
33.942848803824425,8.45582737749805e-06
33.95284880382442,9.138131300722583e-06
33.96284880382443,9.87260151033702e-06
33.972848803824434,1.0662983822398171e-05
33.98284880382443,1.151327349244139e-05
33.99284880382443,1.242773032350358e-05
34.002848803824435,1.3410894578946768e-05
34.01284880382444,1.446760373522497e-05
34.02284880382444,1.560301011074777e-05
34.032848803824436,1.6822599407988904e-05
34.04284880382444,1.81322102069776e-05
34.052848803824446,1.9538054449291008e-05
34.062848803824444,2.1046738952624996e-05
34.07284880382444,2.2665287996947817e-05
34.08284880382445,2.440116702414582e-05
34.09284880382445,2.626230749395446e-05
34.10284880382445,2.825713293980965e-05
34.11284880382445,3.0394586269043147e-05
34.12284880382445,3.2684158352593476e-05
34.13284880382446,3.513591795011484e-05
34.14284880382446,3.776054301700798e-05
34.152848803824455,4.056935344046214e-05
34.16284880382446,4.357434525209948e-05
34.172848803824465,4.678822636525125e-05
34.18284880382446,5.0224453885247426e-05
34.19284880382446,5.389727304133087e-05
34.202848803824466,5.782175778895899e-05
34.21284880382447,6.201385313131381e-05
34.22284880382447,6.649041920878307e-05
34.23284880382447,7.126927720495135e-05
34.24284880382447,7.636925711731748e-05
34.25284880382448,8.181024744050536e-05
34.262848803824475,8.761324680913203e-05
34.27284880382447,9.380041764668993e-05
34.28284880382448,0.00010039514186585862
34.292848803824484,0.00010742207866456467
34.30284880382448,0.00011490722446081945
34.31284880382448,0.0001228779750078232
34.322848803824485,0.0001313631897291075
34.33284880382449,0.00014039325831160485
34.34284880382449,0.0001500001695923962
34.352848803824486,0.00016021758277245585
34.36284880382449,0.00017108090098807323
34.372848803824496,0.00018262734726779347
34.382848803824494,0.0001948960428995875
34.39284880382449,0.00020792808822947764
34.4028488038245,0.00022176664590911968
34.4128488038245,0.0002364570266059133
34.4228488038245,0.0002520467771849258
34.4328488038245,0.00026858577136722536
34.4428488038245,0.00028612630286428095
34.45284880382451,0.00030472318098289817
34.46284880382451,0.00032443382868961747
34.472848803824505,0.0003453183831174531
34.48284880382451,0.00036743979849157267
34.492848803824515,0.0003908639514439926
34.50284880382451,0.0004156597486804039
34.51284880382451,0.00044189923695479665
34.522848803824516,0.00046965771529980263
34.53284880382452,0.0004990138494527455
34.54284880382452,0.000530049788408998
34.55284880382452,0.0005628512830252539
34.56284880382452,0.0005975078065861688
34.57284880382453,0.0006341126772384074
34.582848803824525,0.0006727631821863046
34.59284880382452,0.0007135607035329182
34.60284880382453,0.0007566108456395622
34.612848803824534,0.0008020235638662068
34.62284880382453,0.0008499132945439
34.63284880382453,0.000900399086018482
34.642848803824535,0.0009536047305929362
34.65284880382454,0.0010096588971837321
34.66284880382454,0.0010686952644940772
34.672848803824536,0.0011308526544939286
34.68284880382454,0.0011962751659835287
34.692848803824546,0.0012651123080043066
34.702848803824544,0.0013375191328475916
34.71284880382454,0.0014136563683976003
34.72284880382455,0.0014936905495312775
34.73284880382455,0.001577794148284062
34.74284880382455,0.001666145702476697
34.75284880382455,0.001758929942483729
34.762848803824554,0.0018563379158100756
34.77284880382456,0.0019585671091284914
34.78284880382456,0.002065821567416775
34.792848803824555,0.0021783120098190314
34.80284880382456,0.0022962559418414456
34.812848803824565,0.002419877763479831
34.82284880382456,0.002549408872862974
34.83284880382456,0.0026850877649819563
34.842848803824566,0.002827160125062604
34.85284880382457,0.002975878916126527
34.86284880382457,0.0031315044602741758
34.87284880382457,0.003294304513211102
34.88284880382457,0.0034645543315272834
34.89284880382458,0.0036425367322299057
34.902848803824575,0.0038285421440202557
34.91284880382457,0.004022868649795406
34.92284880382458,0.0042258220198469155
34.932848803824584,0.0044377157352222365
34.94284880382458,0.004658871000708236
34.95284880382458,0.004889616746889477
34.962848803824585,0.005130289620729073
34.97284880382459,0.005381233964117831
34.98284880382459,0.005642801779835023
34.992848803824586,0.005915352684362043
35.00284880382459,0.006199253846989782
35.012848803824596,0.00649487991466384
35.022848803824594,0.006802612922014688
35.03284880382459,0.007122842186022775
35.0428488038246,0.007455964184774297
35.0528488038246,0.0078023824197724625
35.0628488038246,0.008162507261278606
35.0728488038246,0.008536755776166492
35.082848803824604,0.008925551537785369
35.09284880382461,0.009329324417343826
35.10284880382461,0.009748510356342863
35.112848803824605,0.010183551119602815
35.12284880382461,0.010634894028447958
35.132848803824615,0.011102991673637425
35.14284880382461,0.01158830160765494
35.15284880382461,0.01209128601599338
35.162848803824616,0.012612411367097958
35.17284880382462,0.013152148040663964
35.18284880382462,0.013710969934018005
35.19284880382462,0.014289354046342309
35.20284880382462,0.014887780040537646
35.21284880382463,0.015506729782561415
35.222848803824625,0.016146686858118153
35.23284880382462,0.01680813606661837
35.24284880382463,0.01749156289236533
35.252848803824634,0.0181974529529788
35.26284880382463,0.01892629142511334
35.27284880382463,0.019678562447574384
35.282848803824635,0.020454748501986416
35.29284880382464,0.021255329771224792
35.30284880382464,0.02208078347587814
35.312848803824636,0.02293158318905999
35.32284880382464,0.023808198129945893
35.332848803824646,0.024711092436475936
35.342848803824644,0.025640724417723314
35.35284880382464,0.02659754578648664
35.36284880382465,0.027582000872725308
35.37284880382465,0.028594525818526246
35.38284880382465,0.029635547755354697
35.39284880382465,0.030705483964401554
35.402848803824654,0.031804741020903846
35.41284880382466,0.03293371392338707
35.42284880382466,0.03409278520884349
35.432848803824655,0.035282324054920954
35.44284880382466,0.03650268537026099
35.452848803824665,0.03775420887419663
35.46284880382466,0.03903721816708567
35.47284880382466,0.040352019792611854
35.482848803824666,0.041698902293448435
35.49284880382467,0.043078135261747315
35.50284880382467,0.04448996838597795
35.51284880382467,0.04593463049569108
35.52284880382467,0.04741232860583837
35.53284880382468,0.04892324696234195
35.542848803824675,0.05046754609066077
35.55284880382467,0.052045361849142546
35.56284880382468,0.0536568044889973
35.572848803824684,0.055301957722780744
35.58284880382468,0.05698087780331904
35.59284880382468,0.05869359261503489
35.602848803824685,0.06044010077966918
35.61284880382469,0.0622203707784332
35.62284880382469,0.06403434009265364
35.632848803824686,0.06588191436498664
35.64284880382469,0.0677629665832946
35.652848803824696,0.0696773362893049
35.662848803824694,0.07162482881417914
35.67284880382469,0.07360521454311711
35.6828488038247,0.07561822821111834
35.6928488038247,0.07766356823203069
35.7028488038247,0.0797408960630055
35.7128488038247,0.08184983560645304
35.722848803824704,0.08398997265156942
35.73284880382471,0.08616085435749261
35.74284880382471,0.08836198878011352
35.752848803824705,0.09059284444451857
35.76284880382471,0.09285284996499693
35.772848803824715,0.09514139371450872
35.78284880382471,0.09745782354545632
35.79284880382471,0.0998014465635291
35.802848803824716,0.10217152895632363
35.81284880382472,0.10456729587838424
35.82284880382472,0.10698793139423149
35.83284880382472,0.10943257848084968
35.84284880382472,0.11190033909101645
35.85284880382473,0.11439027427877642
35.862848803824726,0.11690140438826391
35.87284880382472,0.11943270930696034
35.88284880382473,0.12198312878436329
35.892848803824734,0.12455156281694517
35.90284880382473,0.12713687210016048
35.91284880382473,0.12973787854812466
35.922848803824735,0.13235336588146032
35.93284880382474,0.13498208028368994
35.94284880382474,0.13762273112642176
35.952848803824736,0.1402739917634219
35.96284880382474,0.1429345003935264
35.972848803824746,0.14560286099221734
35.982848803824744,0.14827764431154303
35.99284880382474,0.15095738894789956
36.00284880382475,0.15364060247704048
36.01284880382475,0.15632576265554787
36.02284880382475,0.15901131868784524
36.03284880382475,0.1616956925576663
36.042848803824754,0.1643772804227409
36.05284880382476,0.16705445407132363
36.06284880382476,0.16972556243903808
36.072848803824755,0.17238893318434606
36.08284880382476,0.17504287432080026
36.092848803824765,0.17768567590410966
36.10284880382476,0.18031561177190042
36.11284880382476,0.1829309413338992
36.122848803824766,0.18552991141012717
36.13284880382477,0.1881107581145733
36.14284880382477,0.1906717087816838
36.15284880382477,0.1932109839328631
36.16284880382477,0.19572679928006112
36.17284880382478,0.19821736776341856
36.182848803824776,0.2006809016198312
36.19284880382477,0.20311561447917414
36.20284880382478,0.20551972348482891
36.212848803824784,0.20789145143507826
36.22284880382478,0.21022902894184747
36.23284880382478,0.2125306966031793
36.242848803824785,0.21479470718575988
36.25284880382479,0.21701932781376376
36.26284880382479,0.21920284216023136
36.272848803824786,0.22134355263713226
36.28284880382479,0.22343978258023126
36.292848803824796,0.22548987842485868
36.302848803824794,0.22749221186866342
36.31284880382479,0.2294451820174067
36.3228488038248,0.23134721750985165
36.3328488038248,0.23319677861782365
36.3428488038248,0.2349923593175327
36.3528488038248,0.23673248932826257
36.362848803824804,0.2384157361145692
36.37284880382481,0.24004070684818624
36.38284880382481,0.24160605032588708
36.392848803824805,0.24311045883960797
36.40284880382481,0.24455266999520875
36.412848803824815,0.24593146847633957
36.42284880382481,0.24724568774997044
36.43284880382481,0.24849421171023012
36.442848803824816,0.24967597625731086
36.45284880382482,0.25078997080831783
36.46284880382482,0.2518352397370643
36.47284880382482,0.25281088373993743
36.48284880382482,0.25371606112510126
36.49284880382483,0.25454998902245174
36.502848803824826,0.25531194451189315
36.512848803824824,0.2560012656676559
36.52284880382483,0.25661735251654205
36.532848803824834,0.2571596679081598
36.54284880382483,0.25762773829538177
36.55284880382483,0.25802115442343637
36.562848803824835,0.2583395719262281
36.57284880382484,0.25858271182867326
36.58284880382484,0.258750360954024
36.592848803824836,0.25884237223534834
36.60284880382484,0.2588579135248318
36.612848803824846,0.258783943350166
36.622848803824844,0.2586158079727809
36.63284880382484,0.2583536909565182
36.64284880382485,0.257997878312057
36.65284880382485,0.25754875797684007
36.66284880382485,0.25700681911022266
36.67284880382485,0.2563726512056349
36.682848803824854,0.2556469430220173
36.69284880382486,0.25483048133723923
36.70284880382486,0.2539241495266562
36.712848803824855,0.25292892597040195
36.72284880382486,0.25184588229343763
36.732848803824865,0.25067618144278914
36.74284880382486,0.2494210756067961
36.75284880382486,0.248081903981587
36.762848803824866,0.24666009039035944
36.77284880382487,0.24515714076138673
36.78284880382487,0.24357464047099708
36.79284880382487,0.24191425155808854
36.80284880382487,0.2401777098170318
36.81284880382488,0.23836682177607094
36.822848803824876,0.23648346156857272
36.832848803824874,0.23452956770470648
36.84284880382488,0.23250713975133433
36.852848803824884,0.23041823492805494
36.86284880382488,0.2282649646274898
36.87284880382488,0.2260494908680372
36.882848803824885,0.22377402268741886
36.89284880382489,0.22144081248540648
36.90284880382489,0.21905215232416247
36.912848803824886,0.21661037019466658
36.92284880382489,0.21411782625770026
36.932848803824896,0.21157690906782176
36.942848803824894,0.20899003178871484
36.95284880382489,0.20635962840823424
36.9628488038249,0.20368814996137624
36.9728488038249,0.20097806076926877
36.9828488038249,0.19823183470213301
36.9928488038249,0.19545195147402283
37.002848803824904,0.19264089297696382
37.01284880382491,0.18980113966189907
37.02284880382491,0.18693516697362383
37.032848803824905,0.184045441846671
37.04284880382491,0.18113441926885285
37.052848803824915,0.1782045389188788
37.06284880382491,0.17525822188418094
37.07284880382491,0.17229786746479886
37.082848803824916,0.16932585006886372
37.09284880382492,0.1663445162048831
37.10284880382492,0.16335618157569592
37.11284880382492,0.16036312827864427
37.12284880382492,0.15736760211616116
37.13284880382493,0.15437181002060354
37.142848803824926,0.1513779175968008
37.152848803824924,0.14838804678544595
37.16284880382493,0.14540427365009143
37.172848803824934,0.1424286262901311
37.18284880382493,0.13946308288178405
37.19284880382493,0.13650956984875084
37.202848803824935,0.13356996016385136
37.21284880382494,0.13064607178257936
37.22284880382494,0.127739666209157
37.232848803824936,0.12485244719534254
37.24284880382494,0.12198605957190474
37.252848803824946,0.11914208821232776
37.262848803824944,0.11632205712798831
37.27284880382494,0.11352742869374852
37.28284880382495,0.11075960300260378
37.29284880382495,0.1080199173477163
37.30284880382495,0.10530964582988392
37.31284880382495,0.10262999908824197
37.322848803824954,0.0999821241517379
37.33284880382496,0.09736710440866235
37.34284880382496,0.09478595969129103
37.352848803824955,0.09223964647249346
37.36284880382496,0.08972905817096397
37.372848803824965,0.08725502556153071
37.38284880382496,0.08481831728682952
37.39284880382496,0.08241964046648946
37.402848803824966,0.0800596413998362
37.41284880382497,0.07773890635798246
37.42284880382497,0.07545796246106572
37.43284880382497,0.07321727863631473
37.44284880382497,0.0710172666525463
37.45284880382498,0.06885828222661751
37.462848803824976,0.06674062619731115
37.472848803824974,0.06466454576210938
37.48284880382498,0.06263023577229083
37.492848803824984,0.060637840081766425
37.50284880382498,0.05868745294507747
37.51284880382498,0.056779120460011066
37.522848803824985,0.0549128420503186
37.53284880382499,0.0530885719840562
37.54284880382499,0.05130622092312244
37.552848803824986,0.049565657499645074
37.56284880382499,0.04786670991494517
37.572848803824996,0.04620916755688192
37.582848803824994,0.04459278263147851
37.59284880382499,0.04301727180484286
37.602848803825,0.04148231785150741
37.612848803825,0.03998757130542262
37.622848803825,0.0385326521099643
37.632848803825,0.03711715126345625
37.642848803825004,0.0357406324568447
37.65284880382501,0.03440263370029481
37.66284880382501,0.033102668935625766
37.672848803825005,0.03184022963165793
37.68284880382501,0.03061478635969679
37.692848803825015,0.029425790346524518
37.70284880382501,0.028272675002427593
37.71284880382501,0.02715485742195185
37.722848803825016,0.026071739855233988
37.73284880382502,0.0250227111479086
37.74284880382502,0.024007148147748323
37.75284880382502,0.02302441707635662
37.76284880382502,0.02207387486438679
37.77284880382503,0.021154870448907872
37.782848803825026,0.020266746031689
37.792848803825024,0.019408838297327716
37.80284880382503,0.018580479590291313
37.812848803825034,0.01778099905007698
37.82284880382503,0.017009723703834974
37.83284880382503,0.016265979515937466
37.842848803825035,0.015549092394104824
37.85284880382504,0.014858389151821758
37.86284880382504,0.01419319842689678
37.872848803825036,0.013552851556138158
37.88284880382504,0.012936683406229709
37.892848803825046,0.012344033160991169
37.902848803825044,0.011774245065308858
37.91284880382504,0.011226669126120564
37.92284880382505,0.010700661770927707
37.93284880382505,0.01019558646438845
37.94284880382505,0.009710814283624568
37.95284880382505,0.009245724452950946
37.962848803825054,0.008799704838803931
37.97284880382506,0.008372152405704094
37.98284880382506,0.00796247363414644
37.992848803825055,0.007570084901365324
38.00284880382506,0.007194412825967406
38.012848803825065,0.006834894577465054
38.02284880382506,0.006490978151779406
38.03284880382506,0.006162122613816195
38.042848803825066,0.00584779830824384
38.05284880382507,0.005547487039623876
38.06284880382507,0.0052606822230619925
38.07284880382507,0.004986889006563591
38.08284880382507,0.004725624366287099
38.09284880382508,0.004476417175892523
38.102848803825076,0.004238808251185067
38.112848803825074,0.0040123503712538
38.12284880382508,0.0037966082773003046
38.132848803825084,0.0035911586503431193
38.14284880382508,0.0033955900689731514
38.15284880382508,0.00320950294832293
38.162848803825085,0.003032509461396289
38.17284880382509,0.002864233443885367
38.18284880382509,0.0027043102835814002
38.192848803825086,0.0025523867954641167
38.20284880382509,0.002408121083529847
38.212848803825096,0.0022711823903913686
38.222848803825094,0.0021412509356551835
38.23284880382509,0.002018017744053714
38.2428488038251,0.0019011844642798676
38.2528488038251,0.0017904631794395205
38.2628488038251,0.0016855762100059452
38.2728488038251,0.0015862559101282806
38.282848803825104,0.0014922444581130596
38.29284880382511,0.0014032936418637944
38.30284880382511,0.001319164640030033
38.312848803825105,0.001239627799584103
38.32284880382511,0.0011644624105097592
38.332848803825115,0.0010934564782527421
38.34284880382511,0.001026406494549803
38.35284880382511,0.0009631172072198941
38.362848803825116,0.0009034013894682274
38.37284880382512,0.0008470796092210672
38.38284880382512,0.0007939799989772657
38.39284880382512,0.000743938026631594
38.40284880382512,0.0006967962676941391
38.41284880382513,0.0006524041792997963
38.422848803825126,0.0006106178763727737
38.432848803825124,0.0005712999102828867
38.44284880382513,0.0005343190503028724
38.452848803825134,0.0004995500681490269
38.46284880382513,0.00046687352586181023
38.47284880382513,0.0004361755672584664
38.482848803825135,0.0004073477131658051
38.49284880382514,0.0003802866606182225
38.50284880382514,0.00035489408618416486
38.512848803825136,0.00033107645356348785
38.52284880382514,0.000308744825578163
38.532848803825146,0.00028781468065968444
38.542848803825144,0.00026820573391856154
38.55284880382514,0.0002498417628643984
38.56284880382515,0.00023265043782894705
38.57284880382515,0.00021656315712929747
38.58284880382515,0.00020151488699417786
38.59284880382515,0.00018744400626315885
38.602848803825154,0.00017429215585611246
38.61284880382516,0.00016200409299865437
38.62284880382516,0.00015052755017862045
38.632848803825155,0.0001398130987988178
38.64284880382516,0.00012981401748218393
38.652848803825165,0.00012048616497709031
38.66284880382516,0.00011178785760295377
38.67284880382516,0.00010367975116949621
38.682848803825166,9.612472729676793e-05
38.69284880382517,8.908778405745212e-05
38.70284880382517,8.253593085804673e-05
38.71284880382517,7.643808747122078e-05
38.72284880382517,7.07649871278526e-05
38.73284880382518,6.548908357397587e-05
38.742848803825176,6.05844619951228e-05
38.752848803825174,5.602675370832981e-05
38.76284880382518,5.179305452023164e-05
38.772848803825184,4.786184664825577e-05
38.78284880382518,4.42129241009232e-05
38.79284880382518,4.082732141265311e-05
38.802848803825185,3.768724562816142e-05
38.81284880382519,3.4776011431545394e-05
38.82284880382519,3.207797931545967e-05
38.832848803825186,2.9578496686391476e-05
38.84284880382519,2.726384180286136e-05
38.8528488038252,2.5121170444412665e-05
38.862848803825194,2.3138465210514277e-05
38.87284880382519,2.1304487349951937e-05
38.8828488038252,1.9608731022887534e-05
38.8928488038252,1.8041379899504367e-05
38.9028488038252,1.6593266001044462e-05
38.9128488038252,1.5255830691050217e-05
38.922848803825204,1.4021087726714163e-05
38.93284880382521,1.2881588282414101e-05
38.94284880382521,1.1830387859761654e-05
38.952848803825205,1.0861015000809895e-05
38.96284880382521,9.967441723415303e-06
38.972848803825215,9.144055600135342e-06
38.98284880382521,8.38563340445551e-06
38.99284880382521,7.687316250575533e-06
39.002848803825216,7.044586155416581e-06
39.01284880382522,6.4532439539393655e-06
39.02284880382522,5.909388501287967e-06
39.03284880382522,5.409397097684209e-06
39.04284880382522,4.949907074380648e-06
39.05284880382523,4.527798481332958e-06
39.062848803825226,4.140177819576578e-06
39.072848803825224,3.784362763580577e-06
39.08284880382523,3.4578678210939847e-06
39.092848803825234,3.158390880197014e-06
39.10284880382523,2.8838005954201084e-06
39.11284880382523,2.6321245668958578e-06
39.122848803825235,2.401538268554687e-06
39.13284880382524,2.190354683365935e-06
39.14284880382524,1.9970146055621123e-06
39.152848803825236,1.8200775716636706e-06
39.16284880382524,1.6582133839414994e-06
39.17284880382525,1.5101941917141836e-06
39.182848803825244,1.3748870975796103e-06
39.19284880382524,1.2512472573240293e-06
39.20284880382525,1.1383114438350115e-06
39.21284880382525,1.0351920468686217e-06
39.22284880382525,9.410714819877954e-07
39.23284880382525,8.551969833982084e-07
39.242848803825254,7.768757567594877e-07
39.25284880382526,7.054704693448362e-07
39.26284880382526,6.403950561632164e-07
39.272848803825255,5.811108218456545e-07
39.28284880382526,5.271228192314951e-07
39.292848803825265,4.779764866731393e-07
39.30284880382526,4.332545271110077e-07
39.31284880382526,3.925740129553074e-07
39.322848803825266,3.5558370174837827e-07
39.33284880382527,3.219615484727996e-07
39.34284880382527,2.914124012179794e-07
39.35284880382527,2.6366586772284857e-07
39.36284880382527,2.384743410757598e-07
39.37284880382528,2.1561117357631283e-07
39.382848803825276,1.9486898844953042e-07
39.392848803825274,1.7605811975187569e-07
39.40284880382528,1.5900517142224905e-07
39.412848803825284,1.435516870109121e-07
39.42284880382528,1.2955292216693887e-07
39.43284880382528,1.1687671248156982e-07
39.442848803825285,1.0540242977193779e-07
39.45284880382529,9.502002034850626e-08
39.46284880382529,8.562911924165961e-08
39.472848803825286,7.713823476940031e-08
39.48284880382529,6.946399821022214e-08
39.4928488038253,6.253047370411235e-08
39.502848803825295,5.626852384165583e-08
39.51284880382529,5.061522671737167e-08
39.5228488038253,4.551334051976272e-08
39.5328488038253,4.091081200815291e-08
39.5428488038253,3.6760325486333927e-08
39.5528488038253,3.301888912625504e-08
39.562848803825304,2.9647455722344586e-08
39.57284880382531,2.6610575169474798e-08
39.58284880382531,2.3876076155961218e-08
39.592848803825305,2.141477474811912e-08
39.60284880382531,1.920020771551827e-08
39.612848803825315,1.7208388606947132e-08
39.62284880382531,1.5417584736953478e-08
39.63284880382531,1.3808113382316354e-08
39.642848803825316,1.2362155617554032e-08
39.65284880382532,1.1063586339184291e-08
39.66284880382532,9.897819140533459e-09
39.67284880382532,8.851664802964343e-09
39.68284880382532,7.913202265961496e-09
39.69284880382533,7.071661028073728e-09
39.702848803825326,6.31731401373159e-09
39.712848803825324,5.6413800178684225e-09
39.72284880382533,5.035934911468414e-09
39.732848803825334,4.493830857038744e-09
39.74284880382533,4.008622843925105e-09
39.75284880382533,3.5745019096948105e-09
39.762848803825335,3.1862344658178335e-09
39.77284880382534,2.8391071938816073e-09
39.78284880382534,2.5288770228741267e-09
39.792848803825336,2.2517257389175172e-09
39.80284880382534,2.0042188164779643e-09
39.81284880382535,1.7832680947510692e-09
39.822848803825345,1.586097954842736e-09
39.83284880382534,1.410214682737725e-09
39.84284880382535,1.253378730055393e-09
39.85284880382535,1.1135796094140361e-09
39.86284880382535,9.890131840277893e-10
39.87284880382535,8.780611320952489e-10
39.882848803825354,7.792723857479935e-10
39.89284880382536,6.913463619436543e-10
39.90284880382536,6.131178188367487e-10
39.912848803825355,5.43543185955204e-10
39.92284880382536,4.816882300563445e-10
39.932848803825365,4.267169309330928e-10
39.94284880382536,3.778814527808102e-10
39.95284880382536,3.3451310710264524e-10
39.962848803825366,2.9601421260375626e-10
39.97284880382537,2.618507661757751e-10
39.98284880382537,2.315458469698408e-10
39.99284880382537,2.0467368276128037e-10
40.00284880382537,1.8085431437859102e-10
40.01284880382538,1.597487999567246e-10
40.022848803825376,1.4105490622911178e-10
40.032848803825374,1.245032390390181e-10
40.04284880382538,1.0985376976998875e-10
40.052848803825384,9.68927185055182e-11
40.06284880382538,8.542975846503675e-11
40.07284880382538,7.529550965890133e-11
40.082848803825385,6.633929278888279e-11
40.09284880382539,5.842711721991918e-11
40.10284880382539,5.143987938876576e-11
40.112848803825386,4.527175031851586e-11
40.12284880382539,3.982873299560955e-11
40.1328488038254,3.502737225730585e-11
40.142848803825395,3.0793601550269995e-11
40.15284880382539,2.7061712471071036e-11
40.1628488038254,2.3773434401638184e-11
40.1728488038254,2.0877112820646202e-11
40.1828488038254,1.832697601771808e-11
40.1928488038254,1.6082480972477825e-11
40.202848803825404,1.410773009508738e-11
40.21284880382541,1.2370951368322049e-11
40.22284880382541,1.0844035192050611e-11
40.232848803825405,9.50212191692747e-12
40.24284880382541,8.323234672236363e-12
40.252848803825415,7.287952649590748e-12
40.26284880382541,6.379120505469917e-12
40.27284880382541,5.581589996656364e-12
40.282848803825416,4.881990368364761e-12
40.29284880382542,4.268524379607473e-12
40.30284880382542,3.7307871781228735e-12
40.31284880382542,3.2596055315995845e-12
40.32284880382542,2.8468951862360486e-12
