33.371424809307484,0.46064131751556836
33.42142480930748,0.4606944917547729
33.47142480930748,0.46075455997835757
33.521424809307476,0.46082276668378763
33.57142480930747,0.46090065018556226
33.62142480930747,0.4609901298921427
33.67142480930747,0.4610936253679025
33.721424809307464,0.46121422111763266
33.77142480930746,0.4613558982948569
33.82142480930746,0.46152386625640357
33.871424809307456,0.46172504626402505
33.92142480930745,0.46196879254378814
33.97142480930745,0.462267993501848
34.02142480930745,0.46264080010273645
34.071424809307445,0.4631134242581696
34.12142480930744,0.4637248343246785
34.17142480930744,0.4645349669309391
34.221424809307436,0.4656398036564385
34.27142480930743,0.4672006990846235
34.32142480930743,0.46950556092136747
34.37142480930743,0.47310793725562406
34.421424809307425,0.4791792669975176
34.47142480930742,0.4905329316193131
34.52142480930742,0.5151714581063837
34.571424809307416,0.5810505724300636
34.62142480930741,0.7765948602425783
34.67142480930741,0.814846918660773
34.72142480930741,0.598130570608849
34.771424809307405,0.5208907999913821
34.8214248093074,0.4929293319876218
34.8714248093074,0.4803768964417964
34.921424809307396,0.47378469643895865
34.97142480930739,0.46992308118531967
35.02142480930739,0.4674756300351097
35.07142480930739,0.4658301309751933
35.121424809307385,0.46467203741598867
35.17142480930738,0.46382675609295243
35.22142480930738,0.46319123413385765
35.271424809307376,0.4627015289553172
35.32142480930737,0.4623162891790731
35.37142480930737,0.46200782571879195
35.42142480930737,0.4617570391779893
35.471424809307365,0.4615504134260299
35.52142480930736,0.4613781676229515
35.57142480930736,0.461233083736412
35.621424809307356,0.4611097416545176
35.671424809307354,0.4610040077685026
35.72142480930735,0.46091268545001307
35.77142480930735,0.4608332714312321
35.821424809307345,0.46076378296338244
35.87142480930734,0.4607026332046903
35.92142480930734,0.4606485400562113
35.97142480930734,0.46060045856964243
36.021424809307334,0.4605575302132377
36.07142480930733,0.460519044358253
36.12142480930733,0.4604844087352277
36.171424809307325,0.4604531265504689
36.22142480930732,0.4604247786010218
36.27142480930732,0.4603990091785477
36.32142480930732,0.46037551487203954
36.371424809307314,0.46035403560774457
36.42142480930731,0.4603343474297824
36.47142480930731,0.4603162566455318
36.521424809307305,0.4602995950487665
36.5714248093073,0.46028421599967145
36.6214248093073,0.46026999119050543
36.6714248093073,0.4602568079632269
36.721424809307294,0.46024456707401534
36.77142480930729,0.460233180821596
36.82142480930729,0.46022257147325357
36.871424809307285,0.460212669935639
36.92142480930728,0.460203414627812
36.97142480930728,0.4601947505221093
37.02142480930728,0.46018662832487434
37.071424809307274,0.4601790037742219
37.12142480930727,0.4601718370361135
37.17142480930727,0.46016509218332685
37.221424809307265,0.4601587367445672
37.27142480930726,0.46015274131313416
37.32142480930726,0.4601470792063223
37.37142480930726,0.46014172616817556
37.421424809307254,0.46013666010940246
37.47142480930725,0.46013186087923696
37.52142480930725,0.46012731006483787
37.571424809307246,0.46012299081449287
37.62142480930724,0.4601188876814532
37.67142480930724,0.4601149864856926
37.72142480930724,0.4601112741912779
37.771424809307234,0.4601077387973683
37.82142480930723,0.46010436924113995
37.87142480930723,0.46010115531116685
37.921424809307226,0.4600980875699921
37.97142480930722,0.46009515728479006
38.02142480930722,0.46009235636516915
38.07142480930722,0.46008967730728556
38.121424809307214,0.460087113143548
38.17142480930721,0.46008465739728227
38.22142480930721,0.46008230404180483
38.271424809307206,0.4600800474634224
38.3214248093072,0.46007788242793235
38.3714248093072,0.4600758040502509
38.4214248093072,0.46007380776683987
38.471424809307194,0.4600718893106406
38.52142480930719,0.46007004468825835
38.57142480930719,0.46006827015916907
38.621424809307186,0.46006656221674597
38.67142480930718,0.4600649175709267
38.72142480930718,0.46006333313236036
38.77142480930718,0.46006180599789226
38.821424809307175,0.4600603334372584
38.87142480930717,0.46005891288087636
38.92142480930717,0.46005754190863024
38.971424809307166,0.4600562182395582
39.02142480930716,0.46005493972236094
39.07142480930716,0.4600537043266562
39.12142480930716,0.4600525101349147
39.171424809307155,0.46005135533501595
39.22142480930715,0.4600502382133709
39.27142480930715,0.46004915714856237
39.321424809307146,0.46004811060545936
39.37142480930714,0.46004709712976494
39.42142480930714,0.4600461153429623
39.47142480930714,0.4600451639376251
39.521424809307135,0.46004424167306324
39.57142480930713,0.4600433473712766
39.62142480930713,0.46004247991319214
39.671424809307126,0.46004163823516175
39.72142480930712,0.4600408213257006
39.77142480930712,0.46004002822244733
39.82142480930712,0.46003925800932877
39.871424809307115,0.46003850981391387
39.92142480930711,0.4600377828049424
39.97142480930711,0.4600370761900153
40.021424809307106,0.4600363892134349
40.0714248093071,0.4600357211541839
40.1214248093071,0.4600350713240327
40.1714248093071,0.4600344390657668
40.221424809307095,0.46003382375152424
40.27142480930709,0.4600332247812366
40.32142480930709,0.46003264158116564
40.371424809307086,0.4600320736025289
40.421424809307084,0.46003152032020844
40.47142480930708,0.46003098123153674
40.52142480930708,0.4600304558551549
40.571424809307075,0.4600299437299375
40.62142480930707,0.4600294444139808
40.67142480930707,0.46002895748364925
40.72142480930707,0.4600284825326764
40.771424809307064,0.4600280191713177
40.82142480930706,0.46002756702555053
40.87142480930706,0.46002712573631915
40.921424809307055,0.4600266949588221
40.97142480930705,0.4600262743618381
41.02142480930705,0.46002586362708936
41.07142480930705,0.46002546244863957
41.121424809307044,0.46002507053232383
41.17142480930704,0.46002468759520937
41.22142480930704,0.4600243133650847
41.271424809307035,0.46002394757997606
41.32142480930703,0.46002358998768855
41.37142480930703,0.4600232403453715
41.42142480930703,0.46002289841910593
41.471424809307024,0.46002256398351354
41.52142480930702,0.4600222368213849
41.57142480930702,0.46002191672332693
41.621424809307015,0.46002160348742765
41.67142480930701,0.4600212969189379
41.72142480930701,0.46002099682996844
41.77142480930701,0.46002070303920195
41.821424809307004,0.4600204153716193
41.871424809307,0.4600201336582388
41.921424809307,0.4600198577358678
41.971424809306995,0.46001958744686655
42.02142480930699,0.46001932263892303
42.07142480930699,0.460019063164838
42.12142480930699,0.4600188088823208
42.171424809306984,0.46001855965379407
42.22142480930698,0.46001831534620763
42.27142480930698,0.46001807583086085
42.321424809306976,0.46001784098323334
42.37142480930697,0.4600176106828228
42.42142480930697,0.4600173848129906
42.47142480930697,0.46001716326081393
42.521424809306964,0.46001694591694486
42.57142480930696,0.46001673267547527
42.62142480930696,0.4600165234338077
42.671424809306956,0.46001631809253224
42.72142480930695,0.46001611655530805
42.77142480930695,0.46001591872875064
42.82142480930695,0.4600157245223236
42.871424809306944,0.46001553384823496
42.92142480930694,0.4600153466213379
42.97142480930694,0.4600151627590359
43.021424809306936,0.46001498218119147
43.07142480930693,0.46001480481003876
43.12142480930693,0.4600146305701
43.17142480930693,0.460014459388105
43.221424809306924,0.4600142911929143
43.27142480930692,0.4600141259154452
43.32142480930692,0.46001396348860074
43.371424809306916,0.4600138038472016
43.42142480930691,0.4600136469279208
43.47142480930691,0.4600134926692208
43.52142480930691,0.4600133410112933
43.571424809306905,0.460013191896001
43.6214248093069,0.4600130452668222
43.6714248093069,0.4600129010687969
43.721424809306896,0.46001275924847557
43.77142480930689,0.46001261975386953
43.82142480930689,0.46001248253440324
43.87142480930689,0.4600123475408685
43.921424809306885,0.4600122147253803
43.97142480930688,0.4600120840413344
44.02142480930688,0.4600119554433665
44.071424809306876,0.46001182888731257
44.12142480930687,0.46001170433017136
44.17142480930687,0.4600115817300675
44.22142480930687,0.4600114610462166
44.271424809306865,0.460011342238891
44.32142480930686,0.4600112252693874
44.37142480930686,0.46001111009999524
44.421424809306856,0.460010996693966
44.47142480930685,0.4600108850154844
44.52142480930685,0.4600107750296398
44.57142480930685,0.46001066670239876
44.621424809306845,0.4600105600005792
44.67142480930684,0.4600104548918246
44.72142480930684,0.4600103513445796
44.771424809306836,0.4600102493280662
44.82142480930683,0.46001014881226115
44.87142480930683,0.4600100497678735
44.92142480930683,0.4600099521663235
44.971424809306825,0.4600098559797221
45.02142480930682,0.46000976118085063
45.07142480930682,0.46000966774314184
45.121424809306816,0.46000957564066125
45.171424809306814,0.4600094848480891
45.22142480930681,0.46000939534070295
45.27142480930681,0.4600093070943609
45.321424809306805,0.46000922008548517
45.3714248093068,0.4600091342910466
45.4214248093068,0.4600090496885491
45.4714248093068,0.46000896625601523
45.521424809306794,0.4600088839719716
45.57142480930679,0.4600088028154353
45.62142480930679,0.4600087227659005
45.671424809306785,0.46000864380332523
45.72142480930678,0.4600085659081192
45.77142480930678,0.46000848906113156
45.82142480930678,0.4600084132436388
45.871424809306774,0.46000833843733374
45.92142480930677,0.4600082646243144
45.97142480930677,0.46000819178707303
46.021424809306765,0.46000811990848617
46.07142480930676,0.46000804897180414
46.12142480930676,0.46000797896064155
46.17142480930676,0.4600079098589677
46.221424809306754,0.4600078416510977
46.27142480930675,0.460007774321683
46.32142480930675,0.4600077078557033
46.371424809306745,0.4600076422384579
46.42142480930674,0.4600075774555577
46.47142480930674,0.4600075134929172
46.52142480930674,0.4600074503367469
46.571424809306734,0.46000738797354573
46.62142480930673,0.4600073263900943
46.67142480930673,0.4600072655734471
46.721424809306725,0.46000720551092655
46.77142480930672,0.4600071461901158
46.82142480930672,0.4600070875988525
46.87142480930672,0.4600070297252226
46.921424809306714,0.46000697255755435
46.97142480930671,0.4600069160844122
47.02142480930671,0.46000686029459126
47.071424809306706,0.46000680517711173
47.1214248093067,0.46000675072121344
47.1714248093067,0.46000669691635054
47.2214248093067,0.46000664375218664
47.271424809306694,0.46000659121858956
47.32142480930669,0.46000653930562657
47.37142480930669,0.46000648800355987
47.421424809306686,0.46000643730284185
47.47142480930668,0.4600063871941107
47.52142480930668,0.46000633766818605
47.57142480930668,0.4600062887160648
47.621424809306674,0.4600062403289171
47.67142480930667,0.4600061924980822
47.72142480930667,0.46000614521506483
47.771424809306666,0.46000609847153096
47.82142480930666,0.4600060522593048
47.87142480930666,0.4600060065703646
47.92142480930666,0.4600059613968395
47.971424809306654,0.46000591673100616
48.02142480930665,0.46000587256528525
48.07142480930665,0.4600058288922384
48.121424809306646,0.46000578570456496
48.17142480930664,0.46000574299509916
48.22142480930664,0.4600057007568068
48.27142480930664,0.4600056589827827
48.321424809306635,0.46000561766624753
48.37142480930663,0.46000557680054543
48.42142480930663,0.46000553637914116
48.471424809306626,0.4600054963956172
48.52142480930662,0.46000545684367183
48.57142480930662,0.460005417717116
48.62142480930662,0.46000537900987143
48.671424809306615,0.4600053407159679
48.72142480930661,0.460005302829541
48.77142480930661,0.4600052653448301
48.821424809306606,0.4600052282561759
48.8714248093066,0.46000519155801856
48.9214248093066,0.46000515524489527
48.9714248093066,0.46000511931143856
49.021424809306595,0.4600050837523741
49.07142480930659,0.4600050485625188
49.12142480930659,0.460005013736779
49.171424809306586,0.46000497927014855
49.22142480930658,0.4600049451577071
49.27142480930658,0.46000491139461824
49.32142480930658,0.4600048779761278
49.371424809306575,0.4600048448975623
49.42142480930657,0.46000481215432715
49.47142480930657,0.46000477974190507
49.521424809306566,0.4600047476558547
49.57142480930656,0.4600047158918089
49.62142480930656,0.4600046844454734
49.67142480930656,0.4600046533126252
49.721424809306555,0.4600046224891112
49.77142480930655,0.46000459197084703
49.82142480930655,0.4600045617538153
49.871424809306546,0.46000453183406464
49.921424809306544,0.4600045022077082
49.97142480930654,0.4600044728709224
50.02142480930654,0.4600044438199458
50.071424809306535,0.46000441505107786
50.12142480930653,0.4600043865606777
50.17142480930653,0.460004358345163
50.22142480930653,0.46000433040100885
50.271424809306524,0.4600043027247467
50.32142480930652,0.46000427531296306
50.37142480930652,0.46000424816229896
50.421424809306515,0.46000422126944834
50.47142480930651,0.4600041946311574
50.52142480930651,0.4600041682442234
50.57142480930651,0.46000414210549395
50.621424809306504,0.4600041162118658
50.6714248093065,0.46000409056028424
50.7214248093065,0.4600040651477417
50.771424809306495,0.46000403997127753
50.82142480930649,0.46000401502797644
50.87142480930649,0.46000399031496825
50.92142480930649,0.4600039658294267
50.971424809306484,0.4600039415685687
51.02142480930648,0.4600039175296538
51.07142480930648,0.46000389370998296
51.121424809306475,0.4600038701068982
51.17142480930647,0.46000384671778155
51.22142480930647,0.46000382354005476
51.27142480930647,0.46000380057117796
51.321424809306464,0.4600037778086495
51.37142480930646,0.4600037552500051
51.42142480930646,0.460003732892817
51.471424809306455,0.4600037107346936
51.52142480930645,0.46000368877327874
51.57142480930645,0.4600036670062508
51.62142480930645,0.4600036454313225
51.671424809306444,0.46000362404624
51.72142480930644,0.46000360284878256
51.77142480930644,0.4600035818367616
51.821424809306436,0.4600035610080205
51.87142480930643,0.4600035403604339
51.92142480930643,0.4600035198919071
51.97142480930643,0.4600034996003756
52.021424809306424,0.4600034794838047
52.07142480930642,0.4600034595401887
52.12142480930642,0.4600034397675505
52.171424809306416,0.46000342016394136
52.22142480930641,0.4600034007274401
52.27142480930641,0.4600033814561529
52.32142480930641,0.46000336234821243
52.371424809306404,0.4600033434017779
52.4214248093064,0.4600033246150343
52.4714248093064,0.46000330598619205
52.521424809306396,0.4600032875134866
52.57142480930639,0.46000326919517787
52.62142480930639,0.4600032510295501
52.67142480930639,0.4600032330149112
52.721424809306384,0.4600032151495924
52.77142480930638,0.4600031974319481
52.82142480930638,0.46000317986035527
52.871424809306376,0.4600031624332129
52.92142480930637,0.4600031451489421
52.97142480930637,0.46000312800598536
53.02142480930637,0.4600031110028065
53.071424809306365,0.46000309413788987
53.12142480930636,0.4600030774097406
53.17142480930636,0.46000306081688386
53.221424809306356,0.46000304435786454
53.27142480930635,0.46000302803124715
53.32142480930635,0.4600030118356155
53.37142480930635,0.460002995769572
53.421424809306345,0.4600029798317379
53.47142480930634,0.4600029640207526
53.52142480930634,0.4600029483352736
53.571424809306336,0.4600029327739761
53.62142480930633,0.46000291733555254
53.67142480930633,0.46000290201871286
53.72142480930633,0.4600028868221836
53.771424809306325,0.4600028717447081
53.82142480930632,0.460002856785046
53.87142480930632,0.460002841941973
53.921424809306316,0.46000282721428076
53.97142480930631,0.46000281260077647
54.02142480930631,0.46000279810028283
54.07142480930631,0.46000278371163744
54.121424809306305,0.46000276943369306
54.1714248093063,0.4600027552653169
54.2214248093063,0.46000274120539086
54.271424809306296,0.4600027272528109
54.32142480930629,0.4600027134064869
54.37142480930629,0.46000269966534285
54.42142480930629,0.460002686028316
54.471424809306285,0.4600026724943572
54.52142480930628,0.4600026590624305
54.57142480930628,0.46000264573151267
54.621424809306276,0.46000263250059364
54.671424809306274,0.4600026193686756
54.72142480930627,0.4600026063347734
54.77142480930627,0.46000259339791394
54.821424809306265,0.46000258055713633
54.87142480930626,0.46000256781149146
54.92142480930626,0.4600025551600418
54.97142480930626,0.4600025426018615
55.021424809306254,0.46000253013603604
55.07142480930625,0.46000251776166207
55.12142480930625,0.46000250547784716
55.171424809306245,0.46000249328370985
55.22142480930624,0.46000248117837933
55.27142480930624,0.46000246916099535
55.32142480930624,0.46000245723070804
55.371424809306234,0.46000244538667784
55.42142480930623,0.46000243362807514
55.47142480930623,0.4600024219540804
55.521424809306225,0.46000241036388384
55.57142480930622,0.46000239885668537
55.62142480930622,0.4600023874316944
55.67142480930622,0.4600023760881297
55.721424809306214,0.4600023648252194
55.77142480930621,0.46000235364220066
55.82142480930621,0.4600023425383196
55.871424809306205,0.46000233151283143
55.9214248093062,0.4600023205649998
55.9714248093062,0.4600023096940972
56.0214248093062,0.4600022988994046
56.071424809306194,0.46000228818021116
56.12142480930619,0.46000227753581463
56.17142480930619,0.4600022669655206
56.221424809306185,0.46000225646864296
56.27142480930618,0.46000224604450324
56.32142480930618,0.4600022356924311
56.37142480930618,0.4600022254117636
56.421424809306174,0.46000221520184564
56.47142480930617,0.4600022050620295
56.52142480930617,0.4600021949916749
56.571424809306166,0.4600021849901488
56.62142480930616,0.46000217505682545
56.67142480930616,0.4600021651910861
56.72142480930616,0.46000215539231903
56.771424809306154,0.4600021456599194
56.82142480930615,0.4600021359932894
56.87142480930615,0.46000212639183746
56.921424809306146,0.46000211685497916
56.97142480930614,0.4600021073821363
57.02142480930614,0.46000209797273733
57.07142480930614,0.46000208862621683
57.121424809306134,0.4600020793420158
57.17142480930613,0.46000207011958155
57.22142480930613,0.4600020609583674
57.271424809306126,0.4600020518578325
57.32142480930612,0.46000204281744234
57.37142480930612,0.46000203383666805
57.42142480930612,0.46000202491498654
57.471424809306114,0.46000201605188057
57.52142480930611,0.46000200724683854
57.57142480930611,0.46000199849935425
57.621424809306106,0.4600019898089272
57.6714248093061,0.46000198117506225
57.7214248093061,0.4600019725972696
57.7714248093061,0.4600019640750648
57.821424809306095,0.4600019556079684
57.87142480930609,0.4600019471955065
57.92142480930609,0.46000193883720997
57.971424809306086,0.4600019305326148
58.02142480930608,0.4600019222812619
58.07142480930608,0.4600019140826972
58.12142480930608,0.4600019059364713
58.171424809306075,0.4600018978421397
58.22142480930607,0.4600018897992625
58.27142480930607,0.4600018818074046
58.321424809306066,0.4600018738661353
58.37142480930606,0.4600018659750285
58.42142480930606,0.46000185813366273
58.47142480930606,0.4600018503416208
58.521424809306055,0.4600018425984898
58.57142480930605,0.4600018349038613
58.62142480930605,0.4600018272573311
58.671424809306046,0.460001819658499
58.72142480930604,0.4600018121069693
58.77142480930604,0.46000180460235
58.82142480930604,0.4600017971442536
58.871424809306035,0.46000178973229616
58.92142480930603,0.460001782366098
58.97142480930603,0.46000177504528317
59.021424809306026,0.4600017677694796
59.07142480930602,0.4600017605383191
59.12142480930602,0.46000175335143717
59.17142480930602,0.460001746208473
59.221424809306015,0.46000173910906955
59.27142480930601,0.46000173205287326
59.32142480930601,0.46000172503953435
59.371424809306006,0.4600017180687063
59.421424809306004,0.46000171114004634
59.471424809306,0.460001704253215
59.521424809306,0.46000169740787633
59.571424809305995,0.46000169060369756
59.62142480930599,0.46000168384034945
59.67142480930599,0.46000167711750595
59.72142480930599,0.46000167043484425
59.771424809305984,0.46000166379204477
59.82142480930598,0.46000165718879116
59.87142480930598,0.46000165062477005
59.921424809305975,0.4600016440996713
59.97142480930597,0.46000163761318785
60.02142480930597,0.4600016311650155
60.07142480930597,0.46000162475485323
60.121424809305964,0.4600016183824028
60.17142480930596,0.460001612047369
60.22142480930596,0.46000160574945953
60.271424809305955,0.46000159948838487
60.32142480930595,0.46000159326385825
60.37142480930595,0.4600015870755958
60.42142480930595,0.4600015809233164
60.471424809305944,0.4600015748067416
60.52142480930594,0.46000156872559567
60.57142480930594,0.46000156267960546
60.621424809305935,0.46000155666850057
60.67142480930593,0.4600015506920131
60.72142480930593,0.46000154474987776
60.77142480930593,0.46000153884183176
60.821424809305924,0.46000153296761487
60.87142480930592,0.4600015271269693
60.92142480930592,0.46000152131963973
60.971424809305915,0.4600015155453732
61.02142480930591,0.4600015098039193
61.07142480930591,0.4600015040950299
61.12142480930591,0.460001498418459
61.171424809305904,0.46000149277396335
61.2214248093059,0.4600014871613016
61.2714248093059,0.4600014815802349
61.321424809305896,0.4600014760305265
61.37142480930589,0.46000147051194196
61.42142480930589,0.460001465024249
61.47142480930589,0.4600014595672174
61.521424809305884,0.46000145414061916
61.57142480930588,0.46000144874422855
61.62142480930588,0.4600014433778216
61.671424809305876,0.46000143804117677
61.72142480930587,0.46000143273407423
61.77142480930587,0.4600014274562964
61.82142480930587,0.46000142220762763
61.871424809305864,0.46000141698785424
61.92142480930586,0.4600014117967645
61.97142480930586,0.46000140663414874
62.021424809305856,0.4600014014997989
62.07142480930585,0.4600013963935092
62.12142480930585,0.4600013913150754
62.17142480930585,0.4600013862642953
62.221424809305844,0.46000138124096857
62.27142480930584,0.46000137624489645
62.32142480930584,0.46000137127588225
62.371424809305836,0.46000136633373095
62.42142480930583,0.46000136141824916
62.47142480930583,0.4600013565292454
62.52142480930583,0.46000135166652983
62.571424809305825,0.46000134682991434
62.62142480930582,0.4600013420192125
62.67142480930582,0.4600013372342394
62.721424809305816,0.46000133247481206
62.77142480930581,0.4600013277407488
62.82142480930581,0.4600013230318698
62.87142480930581,0.4600013183479968
62.921424809305805,0.4600013136889529
62.9714248093058,0.46000130905456305
63.0214248093058,0.4600013044446536
63.071424809305796,0.46000129985905236
63.12142480930579,0.46000129529758876
63.17142480930579,0.4600012907600937
63.22142480930579,0.4600012862463996
63.271424809305785,0.46000128175634014
63.32142480930578,0.46000127728975077
63.37142480930578,0.4600012728464681
63.421424809305776,0.46000126842633027
63.47142480930577,0.46000126402917685
63.52142480930577,0.4600012596548487
63.57142480930577,0.4600012553031882
63.621424809305765,0.46000125097403893
63.67142480930576,0.4600012466672459
63.72142480930576,0.46000124238265544
63.771424809305756,0.46000123812011523
63.82142480930575,0.4600012338794742
63.87142480930575,0.4600012296605826
63.92142480930575,0.460001225463292
63.971424809305745,0.4600012212874551
64.02142480930574,0.4600012171329259
64.07142480930574,0.46000121299955987
64.12142480930574,0.46000120888721335
64.17142480930573,0.46000120479574413
64.22142480930573,0.4600012007250111
64.27142480930573,0.4600011966748744
64.32142480930573,0.4600011926451953
64.37142480930572,0.4600011886358362
64.42142480930572,0.46000118464666084
64.47142480930572,0.46000118067753387
64.52142480930571,0.4600011767283212
64.57142480930571,0.4600011727988898
64.62142480930571,0.46000116888910786
64.6714248093057,0.46000116499884447
64.7214248093057,0.46000116112797
64.7714248093057,0.4600011572763558
64.8214248093057,0.4600011534438744
64.8714248093057,0.4600011496303991
64.92142480930569,0.4600011458358046
64.97142480930569,0.46000114205996634
65.02142480930569,0.460001138302761
65.07142480930568,0.46000113456406616
65.12142480930568,0.46000113084376043
65.17142480930568,0.46000112714172336
65.22142480930567,0.46000112345783556
65.27142480930567,0.4600011197919786
65.32142480930567,0.46000111614403505
65.37142480930567,0.4600011125138883
65.42142480930566,0.4600011089014228
65.47142480930566,0.46000110530652394
65.52142480930566,0.460001101729078
65.57142480930565,0.46000109816897217
65.62142480930565,0.46000109462609456
65.67142480930565,0.46000109110033416
65.72142480930565,0.460001087591581
65.77142480930564,0.46000108409972573
65.82142480930564,0.46000108062466005
65.87142480930564,0.4600010771662766
65.92142480930563,0.46000107372446863
65.97142480930563,0.4600010702991305
66.02142480930563,0.46000106689015724
66.07142480930563,0.46000106349744474
66.12142480930562,0.4600010601208898
66.17142480930562,0.46000105676038994
66.22142480930562,0.4600010534158436
66.27142480930561,0.46000105008714987
66.32142480930561,0.4600010467742088
66.37142480930561,0.4600010434769211
66.4214248093056,0.46000104019518834
66.4714248093056,0.4600010369289128
66.5214248093056,0.4600010336779976
66.5714248093056,0.4600010304423466
66.6214248093056,0.46000102722186426
66.67142480930559,0.46000102401645604
66.72142480930559,0.460001020826028
66.77142480930559,0.4600010176504869
66.82142480930558,0.46000101448974023
66.87142480930558,0.4600010113436963
66.92142480930558,0.4600010082122641
66.97142480930557,0.46000100509535313
67.02142480930557,0.4600010019928739
67.07142480930557,0.4600009989047374
67.12142480930557,0.4600009958308553
67.17142480930556,0.4600009927711401
67.22142480930556,0.4600009897255048
67.27142480930556,0.4600009866938632
67.32142480930555,0.4600009836761297
67.37142480930555,0.4600009806722193
67.42142480930555,0.46000097768204773
67.47142480930555,0.46000097470553136
67.52142480930554,0.46000097174258714
67.57142480930554,0.46000096879313274
67.62142480930554,0.46000096585708633
67.67142480930553,0.46000096293436676
67.72142480930553,0.46000096002489355
67.77142480930553,0.46000095712858674
67.82142480930553,0.460000954245367
67.87142480930552,0.4600009513751556
67.92142480930552,0.4600009485178745
67.97142480930552,0.460000945673446
68.02142480930551,0.4600009428417932
68.07142480930551,0.46000094002283975
68.12142480930551,0.46000093721650975
68.1714248093055,0.46000093442272794
68.2214248093055,0.4600009316414197
68.2714248093055,0.4600009288725108
68.3214248093055,0.46000092611592774
68.3714248093055,0.46000092337159737
68.42142480930549,0.46000092063944725
68.47142480930549,0.46000091791940534
68.52142480930549,0.46000091521140024
68.57142480930548,0.46000091251536107
68.62142480930548,0.4600009098312174
68.67142480930548,0.4600009071588993
68.72142480930547,0.4600009044983375
68.77142480930547,0.4600009018494631
68.82142480930547,0.4600008992122077
68.87142480930547,0.46000089658650356
68.92142480930546,0.4600008939722832
68.97142480930546,0.4600008913694798
69.02142480930546,0.460000888778027
69.07142480930546,0.46000088619785884
69.12142480930545,0.4600008836289099
69.17142480930545,0.4600008810711153
69.22142480930545,0.4600008785244105
69.27142480930544,0.4600008759887315
69.32142480930544,0.46000087346401475
69.37142480930544,0.4600008709501971
69.42142480930544,0.460000868447216
69.47142480930543,0.46000086595500916
69.52142480930543,0.4600008634735149
69.57142480930543,0.46000086100267185
69.62142480930542,0.4600008585424192
69.67142480930542,0.4600008560926965
69.72142480930542,0.4600008536534437
69.77142480930542,0.4600008512246012
69.82142480930541,0.46000084880611
69.87142480930541,0.4600008463979112
69.9214248093054,0.46000084399994656
69.9714248093054,0.46000084161215815
70.0214248093054,0.4600008392344885
70.0714248093054,0.4600008368668805
70.1214248093054,0.4600008345092774
70.17142480930539,0.460000832161623
70.22142480930539,0.46000082982386137
70.27142480930539,0.46000082749593696
70.32142480930538,0.4600008251777947
70.37142480930538,0.4600008228693799
70.42142480930538,0.46000082057063807
70.47142480930538,0.4600008182815154
70.52142480930537,0.46000081600195825
70.57142480930537,0.4600008137319133
70.62142480930537,0.4600008114713279
70.67142480930536,0.46000080922014935
70.72142480930536,0.4600008069783256
70.77142480930536,0.460000804745805
70.82142480930536,0.46000080252253606
70.87142480930535,0.4600008003084677
70.92142480930535,0.4600007981035492
70.97142480930535,0.46000079590773035
71.02142480930534,0.46000079372096103
71.07142480930534,0.4600007915431917
71.12142480930534,0.460000789374373
71.17142480930534,0.46000078721445675
71.22142480930533,0.4600007850633972
71.27142480930533,0.46000078292115965
71.32142480930533,0.46000078078775614
71.37142480930532,0.46000077866338995
71.42142480930532,0.46000077654901644
71.47142480930532,0.4600007744484097
71.52142480930532,0.46000077237540976
71.57142480930531,0.4600007703780901
71.62142480930531,0.4600007686153401
71.67142480930531,0.46000076758732955
71.7214248093053,0.4600007687936089
71.7714248093053,0.4600007765146076
71.8214248093053,0.4600008023782036
71.8714248093053,0.4600008764287302
71.9214248093053,0.4600010724551505
71.97142480930529,0.460001562585457
72.02142480930529,0.46000272783299423
72.07142480930528,0.46000536760435756
72.12142480930528,0.4600110694549214
72.17142480930528,0.4600228123206155
72.22142480930528,0.46004586584786267
72.27142480930527,0.4600889916853097
72.32142480930527,0.46016582568000247
72.37142480930527,0.46029611444776425
72.42142480930526,0.46050622611821174
72.47142480930526,0.4608281423123616
72.52142480930526,0.4612961129865563
72.57142480930526,0.46194047927454196
72.62142480930525,0.46277893195346903
72.67142480930525,0.46380658856802554
72.72142480930525,0.46498741581780906
72.77142480930524,0.46625018078963787
72.82142480930524,0.4674917707604145
72.87142480930524,0.4685891429230231
72.92142480930524,0.46941863085397567
72.97142480930523,0.46987865547658153
73.02142480930523,0.4699101401079432
73.07142480930523,0.46950897304433187
73.12142480930522,0.46872688946348595
73.17142480930522,0.467660511634652
73.22142480930522,0.4664317515433034
73.27142480930522,0.4651650578230203
73.32142480930521,0.4639673243276976
73.37142480930521,0.4629147445088583
73.42142480930521,0.46204828323318536
73.4714248093052,0.46137682232526894
73.5214248093052,0.4608852904221436
73.5714248093052,0.46054457155286
73.6214248093052,0.46032052885053554
73.6714248093052,0.460180588013885
73.72142480930519,0.4600974700921432
73.77142480930519,0.460050486676065
73.82142480930519,0.460025194350462
73.87142480930518,0.46001222038595574
73.92142480930518,0.4600058756886809
73.97142480930518,0.46000291624326034
74.02142480930517,0.46000159885089964
74.07142480930517,0.4600010386877135
74.12142480930517,0.46000081074073196
74.17142480930517,0.4600007215425679
74.22142480930516,0.4600006875371668
74.27142480930516,0.4600006744535418
74.32142480930516,0.46000066893193625
74.37142480930515,0.4600006660191634
