33.371424809307484,0.0
33.42142480930748,0.0
33.47142480930748,0.0
33.521424809307476,0.0
33.57142480930747,0.0
33.62142480930747,0.0
33.67142480930747,0.0
33.721424809307464,0.0
33.77142480930746,0.0
33.82142480930746,0.0
33.871424809307456,0.0
33.92142480930745,0.0
33.97142480930745,0.0
34.02142480930745,0.0
34.071424809307445,0.0
34.12142480930744,0.0
34.17142480930744,0.0
34.221424809307436,0.0
34.27142480930743,0.0
34.32142480930743,0.0
34.37142480930743,0.0
34.421424809307425,0.0
34.47142480930742,0.0
34.52142480930742,0.0
34.571424809307416,0.0
34.62142480930741,0.0
34.67142480930741,0.0
34.72142480930741,0.0
34.771424809307405,0.0
34.8214248093074,0.0
34.8714248093074,0.0
34.921424809307396,0.0
34.97142480930739,0.0
35.02142480930739,0.0
35.07142480930739,0.0
35.121424809307385,0.0
35.17142480930738,0.0
35.22142480930738,0.0
35.271424809307376,0.0
35.32142480930737,0.0
35.37142480930737,0.0
35.42142480930737,0.0
35.471424809307365,0.0
35.52142480930736,0.0
35.57142480930736,0.0
35.621424809307356,0.0
35.671424809307354,0.0
35.72142480930735,0.0
35.77142480930735,0.0
35.821424809307345,0.0
35.87142480930734,0.0
35.92142480930734,0.0
35.97142480930734,0.0
36.021424809307334,0.0
36.07142480930733,0.0
36.12142480930733,0.0
36.171424809307325,0.0
36.22142480930732,0.0
36.27142480930732,0.0
36.32142480930732,0.0
36.371424809307314,0.0
36.42142480930731,0.0
36.47142480930731,0.0
36.521424809307305,0.0
36.5714248093073,0.0
36.6214248093073,0.0
36.6714248093073,0.0
36.721424809307294,0.0
36.77142480930729,0.0
36.82142480930729,0.0
36.871424809307285,0.0
36.92142480930728,0.0
36.97142480930728,0.0
37.02142480930728,0.0
37.071424809307274,0.0
37.12142480930727,0.0
37.17142480930727,0.0
37.221424809307265,0.0
37.27142480930726,0.0
37.32142480930726,0.0
37.37142480930726,0.0
37.421424809307254,0.0
37.47142480930725,0.0
37.52142480930725,0.0
37.571424809307246,0.0
37.62142480930724,0.0
37.67142480930724,0.0
37.72142480930724,0.0
37.771424809307234,0.0
37.82142480930723,0.0
37.87142480930723,0.0
37.921424809307226,0.0
37.97142480930722,0.0
38.02142480930722,0.0
38.07142480930722,0.0
38.121424809307214,0.0
38.17142480930721,0.0
38.22142480930721,0.0
38.271424809307206,0.0
38.3214248093072,0.0
38.3714248093072,0.0
38.4214248093072,0.0
38.471424809307194,0.0
38.52142480930719,0.0
38.57142480930719,0.0
38.621424809307186,0.0
38.67142480930718,0.0
38.72142480930718,0.0
38.77142480930718,0.0
38.821424809307175,0.0
38.87142480930717,0.0
38.92142480930717,0.0
38.971424809307166,0.0
39.02142480930716,0.0
39.07142480930716,0.0
39.12142480930716,0.0
39.171424809307155,0.0
39.22142480930715,0.0
39.27142480930715,0.0
39.321424809307146,0.0
39.37142480930714,0.0
39.42142480930714,0.0
39.47142480930714,0.0
39.521424809307135,0.0
39.57142480930713,0.0
39.62142480930713,0.0
39.671424809307126,0.0
39.72142480930712,0.0
39.77142480930712,0.0
39.82142480930712,0.0
39.871424809307115,0.0
39.92142480930711,0.0
39.97142480930711,0.0
40.021424809307106,0.0
40.0714248093071,0.0
40.1214248093071,0.0
40.1714248093071,0.0
40.221424809307095,0.0
40.27142480930709,0.0
40.32142480930709,0.0
40.371424809307086,0.0
40.421424809307084,0.0
40.47142480930708,0.0
40.52142480930708,0.0
40.571424809307075,0.0
40.62142480930707,0.0
40.67142480930707,0.0
40.72142480930707,0.0
40.771424809307064,0.0
40.82142480930706,0.0
40.87142480930706,0.0
40.921424809307055,0.0
40.97142480930705,0.0
41.02142480930705,0.0
41.07142480930705,0.0
41.121424809307044,0.0
41.17142480930704,0.0
41.22142480930704,0.0
41.271424809307035,0.0
41.32142480930703,0.0
41.37142480930703,0.0
41.42142480930703,0.0
41.471424809307024,0.0
41.52142480930702,0.0
41.57142480930702,0.0
41.621424809307015,0.0
41.67142480930701,0.0
41.72142480930701,0.0
41.77142480930701,0.0
41.821424809307004,0.0
41.871424809307,0.0
41.921424809307,0.0
41.971424809306995,0.0
42.02142480930699,0.0
42.07142480930699,0.0
42.12142480930699,0.0
42.171424809306984,0.0
42.22142480930698,0.0
42.27142480930698,0.0
42.321424809306976,0.0
42.37142480930697,0.0
42.42142480930697,0.0
42.47142480930697,0.0
42.521424809306964,0.0
42.57142480930696,0.0
42.62142480930696,0.0
42.671424809306956,0.0
42.72142480930695,0.0
42.77142480930695,0.0
42.82142480930695,0.0
42.871424809306944,0.0
42.92142480930694,0.0
42.97142480930694,0.0
43.021424809306936,0.0
43.07142480930693,0.0
43.12142480930693,0.0
43.17142480930693,0.0
43.221424809306924,0.0
43.27142480930692,0.0
43.32142480930692,0.0
43.371424809306916,0.0
43.42142480930691,0.0
43.47142480930691,0.0
43.52142480930691,0.0
43.571424809306905,0.0
43.6214248093069,0.0
43.6714248093069,0.0
43.721424809306896,0.0
43.77142480930689,0.0
43.82142480930689,0.0
43.87142480930689,0.0
43.921424809306885,0.0
43.97142480930688,0.0
44.02142480930688,0.0
44.071424809306876,0.0
44.12142480930687,0.0
44.17142480930687,0.0
44.22142480930687,0.0
44.271424809306865,0.0
44.32142480930686,0.0
44.37142480930686,0.0
44.421424809306856,0.0
44.47142480930685,0.0
44.52142480930685,0.0
44.57142480930685,0.0
44.621424809306845,0.0
44.67142480930684,0.0
44.72142480930684,0.0
44.771424809306836,0.0
44.82142480930683,0.0
44.87142480930683,0.0
44.92142480930683,0.0
44.971424809306825,0.0
45.02142480930682,0.0
45.07142480930682,0.0
45.121424809306816,0.0
45.171424809306814,0.0
45.22142480930681,0.0
45.27142480930681,0.0
45.321424809306805,0.0
45.3714248093068,0.0
45.4214248093068,0.0
45.4714248093068,0.0
45.521424809306794,0.0
45.57142480930679,0.0
45.62142480930679,0.0
45.671424809306785,0.0
45.72142480930678,0.0
45.77142480930678,0.0
45.82142480930678,0.0
45.871424809306774,0.0
45.92142480930677,0.0
45.97142480930677,0.0
46.021424809306765,0.0
46.07142480930676,0.0
46.12142480930676,0.0
46.17142480930676,0.0
46.221424809306754,0.0
46.27142480930675,0.0
46.32142480930675,0.0
46.371424809306745,0.0
46.42142480930674,0.0
46.47142480930674,0.0
46.52142480930674,0.0
46.571424809306734,0.0
46.62142480930673,0.0
46.67142480930673,0.0
46.721424809306725,0.0
46.77142480930672,0.0
46.82142480930672,0.0
46.87142480930672,0.0
46.921424809306714,0.0
46.97142480930671,0.0
47.02142480930671,0.0
47.071424809306706,0.0
47.1214248093067,0.0
47.1714248093067,0.0
47.2214248093067,0.0
47.271424809306694,0.0
47.32142480930669,0.0
47.37142480930669,0.0
47.421424809306686,0.0
47.47142480930668,0.0
47.52142480930668,0.0
47.57142480930668,0.0
47.621424809306674,0.0
47.67142480930667,0.0
47.72142480930667,0.0
47.771424809306666,0.0
47.82142480930666,0.0
47.87142480930666,0.0
47.92142480930666,0.0
47.971424809306654,0.0
48.02142480930665,0.0
48.07142480930665,0.0
48.121424809306646,0.0
48.17142480930664,0.0
48.22142480930664,0.0
48.27142480930664,0.0
48.321424809306635,0.0
48.37142480930663,0.0
48.42142480930663,0.0
48.471424809306626,0.0
48.52142480930662,0.0
48.57142480930662,0.0
48.62142480930662,0.0
48.671424809306615,0.0
48.72142480930661,0.0
48.77142480930661,0.0
48.821424809306606,0.0
48.8714248093066,0.0
48.9214248093066,0.0
48.9714248093066,0.0
49.021424809306595,0.0
49.07142480930659,0.0
49.12142480930659,0.0
49.171424809306586,0.0
49.22142480930658,0.0
49.27142480930658,0.0
49.32142480930658,0.0
49.371424809306575,0.0
49.42142480930657,0.0
49.47142480930657,0.0
49.521424809306566,0.0
49.57142480930656,0.0
49.62142480930656,0.0
49.67142480930656,0.0
49.721424809306555,0.0
49.77142480930655,0.0
49.82142480930655,0.0
49.871424809306546,0.0
49.921424809306544,0.0
49.97142480930654,0.0
50.02142480930654,0.0
50.071424809306535,0.0
50.12142480930653,0.0
50.17142480930653,0.0
50.22142480930653,0.0
50.271424809306524,0.0
50.32142480930652,0.0
50.37142480930652,0.0
50.421424809306515,0.0
50.47142480930651,0.0
50.52142480930651,0.0
50.57142480930651,0.0
50.621424809306504,0.0
50.6714248093065,0.0
50.7214248093065,0.0
50.771424809306495,0.0
50.82142480930649,0.0
50.87142480930649,0.0
50.92142480930649,0.0
50.971424809306484,0.0
51.02142480930648,0.0
51.07142480930648,0.0
51.121424809306475,0.0
51.17142480930647,0.0
51.22142480930647,0.0
51.27142480930647,0.0
51.321424809306464,0.0
51.37142480930646,0.0
51.42142480930646,0.0
51.471424809306455,0.0
51.52142480930645,0.0
51.57142480930645,0.0
51.62142480930645,0.0
51.671424809306444,0.0
51.72142480930644,0.0
51.77142480930644,0.0
51.821424809306436,0.0
51.87142480930643,0.0
51.92142480930643,0.0
51.97142480930643,0.0
52.021424809306424,0.0
52.07142480930642,0.0
52.12142480930642,0.0
52.171424809306416,0.0
52.22142480930641,0.0
52.27142480930641,0.0
52.32142480930641,0.0
52.371424809306404,0.0
52.4214248093064,0.0
52.4714248093064,0.0
52.521424809306396,0.0
52.57142480930639,0.0
52.62142480930639,0.0
52.67142480930639,0.0
52.721424809306384,0.0
52.77142480930638,0.0
52.82142480930638,0.0
52.871424809306376,0.0
52.92142480930637,0.0
52.97142480930637,0.0
53.02142480930637,0.0
53.071424809306365,0.0
53.12142480930636,0.0
53.17142480930636,0.0
53.221424809306356,0.0
53.27142480930635,0.0
53.32142480930635,0.0
53.37142480930635,0.0
53.421424809306345,0.0
53.47142480930634,0.0
53.52142480930634,0.0
53.571424809306336,0.0
53.62142480930633,0.0
53.67142480930633,0.0
53.72142480930633,0.0
53.771424809306325,0.0
53.82142480930632,0.0
53.87142480930632,0.0
53.921424809306316,0.0
53.97142480930631,0.0
54.02142480930631,0.0
54.07142480930631,0.0
54.121424809306305,0.0
54.1714248093063,0.0
54.2214248093063,0.0
54.271424809306296,0.0
54.32142480930629,0.0
54.37142480930629,0.0
54.42142480930629,0.0
54.471424809306285,0.0
54.52142480930628,0.0
54.57142480930628,0.0
54.621424809306276,0.0
54.671424809306274,0.0
54.72142480930627,0.0
54.77142480930627,0.0
54.821424809306265,0.0
54.87142480930626,0.0
54.92142480930626,0.0
54.97142480930626,0.0
55.021424809306254,0.0
55.07142480930625,0.0
55.12142480930625,0.0
55.171424809306245,0.0
55.22142480930624,0.0
55.27142480930624,0.0
55.32142480930624,0.0
55.371424809306234,0.0
55.42142480930623,0.0
55.47142480930623,0.0
55.521424809306225,0.0
55.57142480930622,0.0
55.62142480930622,0.0
55.67142480930622,0.0
55.721424809306214,0.0
55.77142480930621,0.0
55.82142480930621,0.0
55.871424809306205,0.0
55.9214248093062,0.0
55.9714248093062,0.0
56.0214248093062,0.0
56.071424809306194,0.0
56.12142480930619,0.0
56.17142480930619,0.0
56.221424809306185,0.0
56.27142480930618,0.0
56.32142480930618,0.0
56.37142480930618,0.0
56.421424809306174,0.0
56.47142480930617,0.0
56.52142480930617,0.0
56.571424809306166,0.0
56.62142480930616,0.0
56.67142480930616,0.0
56.72142480930616,0.0
56.771424809306154,0.0
56.82142480930615,0.0
56.87142480930615,0.0
56.921424809306146,0.0
56.97142480930614,0.0
57.02142480930614,0.0
57.07142480930614,0.0
57.121424809306134,0.0
57.17142480930613,0.0
57.22142480930613,0.0
57.271424809306126,0.0
57.32142480930612,0.0
57.37142480930612,0.0
57.42142480930612,0.0
57.471424809306114,0.0
57.52142480930611,0.0
57.57142480930611,0.0
57.621424809306106,0.0
57.6714248093061,0.0
57.7214248093061,0.0
57.7714248093061,0.0
57.821424809306095,0.0
57.87142480930609,0.0
57.92142480930609,0.0
57.971424809306086,0.0
58.02142480930608,0.0
58.07142480930608,0.0
58.12142480930608,0.0
58.171424809306075,0.0
58.22142480930607,0.0
58.27142480930607,0.0
58.321424809306066,0.0
58.37142480930606,0.0
58.42142480930606,0.0
58.47142480930606,0.0
58.521424809306055,0.0
58.57142480930605,0.0
58.62142480930605,0.0
58.671424809306046,0.0
58.72142480930604,0.0
58.77142480930604,0.0
58.82142480930604,0.0
58.871424809306035,0.0
58.92142480930603,0.0
58.97142480930603,0.0
59.021424809306026,0.0
59.07142480930602,0.0
59.12142480930602,0.0
59.17142480930602,0.0
59.221424809306015,0.0
59.27142480930601,0.0
59.32142480930601,0.0
59.371424809306006,0.0
59.421424809306004,0.0
59.471424809306,0.0
59.521424809306,0.0
59.571424809305995,0.0
59.62142480930599,0.0
59.67142480930599,0.0
59.72142480930599,0.0
59.771424809305984,0.0
59.82142480930598,0.0
59.87142480930598,0.0
59.921424809305975,0.0
59.97142480930597,0.0
60.02142480930597,0.0
60.07142480930597,0.0
60.121424809305964,0.0
60.17142480930596,0.0
60.22142480930596,0.0
60.271424809305955,0.0
60.32142480930595,0.0
60.37142480930595,0.0
60.42142480930595,0.0
60.471424809305944,0.0
60.52142480930594,0.0
60.57142480930594,0.0
60.621424809305935,0.0
60.67142480930593,0.0
60.72142480930593,0.0
60.77142480930593,0.0
60.821424809305924,0.0
60.87142480930592,0.0
60.92142480930592,0.0
60.971424809305915,0.0
61.02142480930591,0.0
61.07142480930591,0.0
61.12142480930591,0.0
61.171424809305904,0.0
61.2214248093059,0.0
61.2714248093059,0.0
61.321424809305896,0.0
61.37142480930589,0.0
61.42142480930589,0.0
61.47142480930589,0.0
61.521424809305884,0.0
61.57142480930588,0.0
61.62142480930588,0.0
61.671424809305876,0.0
61.72142480930587,0.0
61.77142480930587,0.0
61.82142480930587,0.0
61.871424809305864,0.0
61.92142480930586,0.0
61.97142480930586,0.0
62.021424809305856,0.0
62.07142480930585,0.0
62.12142480930585,0.0
62.17142480930585,0.0
62.221424809305844,0.0
62.27142480930584,0.0
62.32142480930584,0.0
62.371424809305836,0.0
62.42142480930583,0.0
62.47142480930583,0.0
62.52142480930583,0.0
62.571424809305825,0.0
62.62142480930582,0.0
62.67142480930582,0.0
62.721424809305816,0.0
62.77142480930581,0.0
62.82142480930581,0.0
62.87142480930581,0.0
62.921424809305805,0.0
62.9714248093058,0.0
63.0214248093058,0.0
63.071424809305796,0.0
63.12142480930579,0.0
63.17142480930579,0.0
63.22142480930579,0.0
63.271424809305785,0.0
63.32142480930578,0.0
63.37142480930578,0.0
63.421424809305776,0.0
63.47142480930577,0.0
63.52142480930577,0.0
63.57142480930577,0.0
63.621424809305765,0.0
63.67142480930576,0.0
63.72142480930576,0.0
63.771424809305756,0.0
63.82142480930575,0.0
63.87142480930575,0.0
63.92142480930575,2.33e-321
63.971424809305745,7.37114e-318
64.02142480930574,2.229644189e-314
64.07142480930574,6.450700878563e-311
64.12142480930574,1.785043057544029e-307
64.17142480930573,4.724555336544941e-304
64.22142480930573,1.1960343015768176e-300
64.27142480930573,2.8959881577779106e-297
64.32142480930573,6.706877582884976e-294
64.37142480930572,1.485642889434377e-290
64.42142480930572,3.147595598017535e-287
64.47142480930572,6.378431285071841e-284
64.52142480930571,1.2362869489113403e-280
64.57142480930571,2.291897227612108e-277
64.62142480930571,4.063885332879514e-274
64.6714248093057,6.892205258251407e-271
64.7214248093057,1.1180092882193875e-267
64.7714248093057,1.7346148968946278e-264
64.8214248093057,2.5741341921647026e-261
64.8714248093057,3.653673592701628e-258
64.92142480930569,4.960195118437182e-255
64.97142480930569,6.440776458812221e-252
65.02142480930569,7.999229248419839e-249
65.07142480930568,9.502295059778838e-246
65.12142480930568,1.079640907430889e-242
65.17142480930568,1.173277122995242e-239
65.22142480930567,1.2195295422387356e-236
65.27142480930567,1.2124239288098554e-233
65.32142480930567,1.152888015009853e-230
65.37142480930567,1.0485525508297003e-227
65.42142480930566,9.121446792273889e-225
65.47142480930566,7.589404640798302e-222
65.52142480930566,6.039794180158911e-219
65.57142480930565,4.597344212038833e-216
65.62142480930565,3.3470511931858116e-213
65.67142480930565,2.3307094649663522e-210
65.72142480930565,1.5523311632469857e-207
65.77142480930564,9.888970098766655e-205
65.82142480930564,6.025432182231408e-202
65.87142480930564,3.51152522969218e-199
65.92142480930563,1.9573740883150617e-196
65.97142480930563,1.043571783478083e-193
66.02142480930563,5.321588296801143e-191
66.07142480930563,2.5955575833940722e-188
66.12142480930562,1.2108504723744994e-185
66.17142480930562,5.40282392231143e-183
66.22142480930562,2.3057996244647e-180
66.27142480930561,9.412235077512358e-178
66.32142480930561,3.6748060117694666e-175
66.37142480930561,1.372291970673681e-172
66.4214248093056,4.9015007986729304e-170
66.4714248093056,1.6744881735170152e-167
66.5214248093056,5.471489155454553e-165
66.5714248093056,1.7100131587929743e-162
66.6214248093056,5.111681823154581e-160
66.67142480930559,1.4614993469556207e-157
66.72142480930559,3.996721523695237e-155
66.77142480930559,1.0453930401589688e-152
66.82142480930558,2.615325635772087e-150
66.87142480930558,6.258098415860012e-148
66.92142480930558,1.4322850466748394e-145
66.97142480930557,3.135356859155131e-143
67.02142480930557,6.564701001297969e-141
67.07142480930557,1.3146597710631523e-138
67.12142480930557,2.5181537797960555e-136
67.17142480930556,4.613404918709887e-134
67.22142480930556,8.084093943918672e-132
67.27142480930556,1.3549135328561259e-129
67.32142480930555,2.1720122018174145e-127
67.37142480930555,3.3303002671430175e-125
67.42142480930555,4.883992351034991e-123
67.47142480930555,6.8507324904818474e-121
67.52142480930554,9.191142405787572e-119
67.57142480930554,1.1794307108297313e-116
67.62142480930554,1.4475908203387024e-114
67.67142480930553,1.6993767031800717e-112
67.72142480930553,1.9081123889830784e-110
67.77142480930553,2.049220509499333e-108
67.82142480930553,2.1049601950675432e-106
67.87142480930552,2.0680904681978324e-104
67.92142480930552,1.9434153540917653e-102
67.97142480930552,1.7467557340233629e-100
68.02142480930551,1.5016515784598577e-98
68.07142480930551,1.23474315618525e-96
68.12142480930551,9.710789270254532e-95
68.1714248093055,7.3047083906975e-93
68.2214248093055,5.255592547332781e-91
68.2714248093055,3.616687160100428e-89
68.3214248093055,2.380513517611945e-87
68.3714248093055,1.4986520458752758e-85
68.42142480930549,9.024048509723871e-84
68.47142480930549,5.197236537461237e-82
68.52142480930549,2.862951533906579e-80
68.57142480930548,1.50843277628468e-78
68.62142480930548,7.60165886818151e-77
68.67142480930548,3.66404875181085e-75
68.72142480930547,1.6892135719159835e-73
68.77142480930547,7.448663104711315e-72
68.82142480930547,3.141539707443036e-70
68.87142480930547,1.2672935544817978e-68
68.92142480930546,4.8897015269046826e-67
68.97142480930546,1.8045043175838905e-65
69.02142480930546,6.369479619336798e-64
69.07142480930546,2.150405838409628e-62
69.12142480930545,6.943962391605098e-61
69.17142480930545,2.1446910575211377e-59
69.22142480930545,6.3356703612382045e-58
69.27142480930544,1.7901559111835734e-56
69.32142480930544,4.837930130112028e-55
69.37142480930544,1.2505434284215933e-53
69.42142480930544,3.0917788084317153e-52
69.47142480930543,7.311197322593018e-51
69.52142480930543,1.6536326774393577e-49
69.57142480930543,3.5773385096312366e-48
69.62142480930542,7.402040908436893e-47
69.67142480930542,1.464918203115701e-45
69.72142480930542,2.772973515014773e-44
69.77142480930542,5.020517890126351e-43
69.82142480930541,8.694042677515989e-42
69.87142480930541,1.44000986684115e-40
69.9214248093054,2.2812853911155392e-39
69.9714248093054,3.456720157779795e-38
70.0214248093054,5.009787173098078e-37
70.0714248093054,6.944560760676552e-36
70.1214248093054,9.207479043470247e-35
70.17142480930539,1.1676351152714312e-33
70.22142480930539,1.4162633190186873e-32
70.27142480930539,1.6430520372856107e-31
70.32142480930538,1.8231780380859137e-30
70.37142480930538,1.9349836269986855e-29
70.42142480930538,1.9642463724725759e-28
70.47142480930538,1.90715098412842e-27
70.52142480930537,1.771106367013416e-26
70.57142480930537,1.5731664056506186e-25
70.62142480930537,1.3365189915987685e-24
70.67142480930536,1.0860405885514682e-23
70.72142480930536,8.440874241525138e-23
70.77142480930536,6.274790851572184e-22
70.82142480930536,4.4615065085535095e-21
70.87142480930535,3.0341305160187894e-20
70.92142480930535,1.973592278639566e-19
70.97142480930535,1.2278662654944833e-18
71.02142480930534,7.306596918308222e-18
71.07142480930534,4.1586242566233865e-17
71.12142480930534,2.2638865893213345e-16
71.17142480930534,1.1787727908031571e-15
71.22142480930533,5.870512130524905e-15
71.27142480930533,2.7963551522625975e-14
71.32142480930533,1.2740284265721203e-13
71.37142480930532,5.551832559257273e-13
71.42142480930532,2.3140037167176144e-12
71.47142480930532,9.224911240638726e-12
71.52142480930532,3.517473154736738e-11
71.57142480930531,1.282832158264248e-10
71.62142480930531,4.474858804062227e-10
71.67142480930531,1.4929982064949475e-09
71.7214248093053,4.764416136766966e-09
71.7714248093053,1.4542214261905176e-08
71.8214248093053,4.245431547414796e-08
71.8714248093053,1.185450973897766e-07
71.9214248093053,3.166035674700965e-07
71.97142480930529,8.087577621718721e-07
72.02142480930529,1.9760210696734254e-06
72.07142480930528,4.617800128667693e-06
72.12142480930528,1.0321650356650745e-05
72.17142480930528,2.2066507726103546e-05
72.22142480930528,4.512201870247798e-05
72.27142480930527,8.824983197459587e-05
72.32142480930527,0.0001650857946303912
72.37142480930527,0.0002953765225347598
72.42142480930526,0.0005054901453458029
72.47142480930526,0.0008274082841211998
72.52142480930526,0.0012953808952444012
72.57142480930526,0.001939749112501988
72.62142480930525,0.002778203713084738
72.67142480930525,0.0038058622417207386
72.72142480930525,0.00498669139804732
72.77142480930524,0.0062494582689222615
72.82142480930524,0.007491050131287327
72.87142480930524,0.00858842417806573
72.92142480930524,0.009417913985808182
72.97142480930523,0.009877940477862472
73.02142480930523,0.009909426971369402
73.07142480930523,0.009508261762638137
73.12142480930522,0.008726180029444804
73.17142480930522,0.007659804041073471
73.22142480930522,0.006431045783034833
73.27142480930522,0.005164353888945997
73.32142480930521,0.003966622212738667
73.37142480930521,0.0029140442059722945
73.42142480930521,0.0020475847353663207
73.4714248093052,0.0013761256255467908
73.5214248093052,0.000884595513584251
73.5714248093052,0.0005438784285648752
73.6214248093052,0.0003198375036414916
73.6714248093052,0.00017989843756399345
73.72142480930519,9.678227960214014e-05
73.77142480930519,4.980062054557352e-05
73.82142480930519,2.45100452402624e-05
73.87142480930518,1.1537824342036585e-05
73.92142480930518,5.194864019727379e-06
73.97142480930518,2.2371489299268684e-06
74.02142480930517,9.214803118282496e-07
74.07142480930517,3.630343135639076e-07
74.12142480930517,1.3679799832964436e-07
74.17142480930517,4.930401204345679e-08
74.22142480930516,1.6996332956472696e-08
74.27142480930516,5.604006768294612e-09
74.32142480930516,1.7673091394154264e-09
74.37142480930515,5.330854719399937e-10
