0,3.458320973414113e-08
1,6.957242501233215e-08
2,1.385689861387615e-07
3,2.7324485459451237e-07
4,5.334515741315559e-07
5,1.0310864142751854e-06
6,1.973114023876072e-06
7,3.73823291631392e-06
8,7.011930234057924e-06
9,1.302164558098739e-05
10,2.394149192439651e-05
11,4.358064010715294e-05
12,7.854039021543207e-05
13,0.00014013594925029748
14,0.00024755010785653856
15,0.00043294600372092333
16,0.0007496549376329216
17,0.0012851272472238987
18,0.002181161948102224
19,0.003665107764250257
20,0.006097371267364863
21,0.010042817862915132
22,0.016376669630999572
23,0.026439463895795146
24,0.04226070686079657
25,0.0668771757002345
26,0.10477945771694012
27,0.16252920984726268
28,0.24959952626644255
29,0.3795011922720453
30,0.5712675926653978
31,0.851379298570227
32,1.2562140299512066
33,1.835106392776945
34,2.6540916272977513
35,3.800385312206029
36,5.387613160836812
37,7.561748598473496
38,10.507638401960081
39,14.455897453131046
40,19.68983395276721
41,26.55193056989176
42,35.44926288032771
43,46.85709600998151
44,61.31977958797334
45,79.44797933878715
46,101.91126254032909
47,129.4251160623842
48,162.7316393289704
49,202.57343434334558
50,249.66061599156336
51,304.63138122837057
52,368.00718393531616
53,440.14422598945936
54,521.1836420252386
55,611.0033607354653
56,709.1750971216501
57,814.9301952249077
58,927.1380349918524
59,1044.3003927158213
60,1164.5644804034973
61,1285.7563964768262
62,1405.4354457366915
63,1520.9683137670906
64,1629.6205243373865
65,1728.6611040191165
66,1815.4750709736188
67,1887.6773926010599
68,1943.221534378231
69,1980.4957270364634
70,1998.4006398293666
71,1999.3313508264246
72,1995.2500159593658
73,1987.481497573472
74,1976.068931489602
75,1961.075483212323
76,1942.5837656229062
77,1920.695080824961
78,1895.5284958771474
79,1867.2197642105436
80,1835.92010639795
81,1801.7948655896116
82,1765.0220543299895
83,1725.79081060357
84,1684.2997818097638
85,1640.7554559285886
86,1595.3704594064404
87,1548.3618412666897
88,1499.9493626402261
89,1450.3538103286514
90,1399.7953521744062
91,1348.491950938843
92,1296.6578521058175
93,1244.5021595625994
94,1192.2275114919842
95,1140.028867071343
96,1088.0924127489193
97,1036.594594988215
98,985.7012844707194
99,935.5670748574092
100,886.3347173607273
101,838.1346905992871
102,791.0849035229978
103,745.2905276292664
104,700.8439532608002
105,657.8248634981678
106,616.300418047976
107,576.3255385888617
108,537.9432862775088
109,501.1853215370386
110,466.0724358485751
111,432.61514503861076
112,400.81433349232185
113,370.66193881601487
114,342.1416667082111
115,315.22972616452785
116,289.8955756212548
117,266.1026712201655
118,243.80920903596598
119,222.96885383099266
120,203.53144767265124
121,185.44369255145614
122,168.6498019559527
123,153.092117180878
124,138.71168495341917
125,125.4487937475041
126,113.24346690731578
127,102.03591140979903
128,91.76692175454995
129,82.37823907240671
130,73.81286608711862
131,66.01533904490914
132,58.93195814321744
133,52.510978342293974
134,46.702762732676554
135,41.45990085991327
136,36.73729457811801
137,32.49221411963348
138,28.6843271333988
139,25.27570346414681
140,22.230798423159012
141,19.51641724400668
142,17.101663328577338
143,14.957872774739787
144,13.058537542107493
145,11.37921946116606
146,9.89745712789898
147,8.592667555008
148,7.446044275544308
149,6.440453418517032
150,5.560329101695031
151,4.791569316830222
152,4.121433318969381
153,3.5384413760641955
154,3.0322775890480558
155,2.593696356893632
156,2.2144329365553532
157,1.8871184345117011
158,1.6051994649808476
159,1.3628626196998588
160,1.154963815159892
161,0.9769625149525408
162,0.8248607668598453
163,0.6951469458728937
164,0.5847440547452238
165,0.49096240222671517
166,0.41145645500855266
167,0.3441856418616045
168,0.2873788767017689
169,0.2395025606216377
170,0.19923182057721225
171,0.16542474374121607
172,0.13709937090808652
173,0.113413219187946
174,0.09364511303912336
175,0.07717911299625933
176,0.06349034284244848
177,0.05213252808992133
178,0.04272707116500044
179,0.03495350137677335
180,0.028541150366088463
181,0.02326191610288019
182,0.01892399048247548
183,0.015366437054674302
184,0.012454516320807529
185,0.010075666296238765
186,0.00813605562278685
187,0.006557635409219049
188,0.005275624175205255
189,0.004236367784052113
190,0.003395523091005644
191,0.0027165202332941943
192,0.0021692640773415496
193,0.0017290403535876416
194,0.0013755964884791078
195,0.001092371126098797
196,0.0008658498585744364
197,0.0006850277943455852
198,0.0005409623249788842
199,0.0004264018413311498
200,0.00033547823337196433
201,0.0002634528176340739
202,0.0002065069024965373
203,0.00016156955238092195
204,0.00012617627312906917
205,9.835333566268933e-05
206,7.652330456554277e-05
207,5.9428061384627044e-05
208,4.606622609099064e-05
209,3.5642399252577934e-05
210,2.752608528103744e-05
211,2.121852525107044e-05
212,1.6325976429618753e-05
213,1.2538233656178359e-05
214,9.611402772169514e-06
215,7.354115046826951e-06
216,5.616519702165168e-06
217,4.281514095924452e-06
218,3.257772058694193e-06
219,2.474213854942721e-06
220,1.8756292607753614e-06
221,1.4192208689169388e-06
222,1.0718800857760843e-06
223,8.080451734260652e-07
224,6.080206133162956e-07
225,4.566612805714898e-07
226,3.4234445795524607e-07
227,2.5616844831109586e-07
228,1.9132917463440613e-07
229,1.426362731340996e-07
230,1.0613826696619837e-07
231,7.883284968009895e-08
232,5.8443428337887835e-08
233,4.32471374612083e-08
234,3.194274788734242e-08
235,2.354943029959521e-08
236,1.732932957020245e-08
237,1.272847405458899e-08
238,9.331772584713356e-09
239,6.828812302124721e-09
240,4.987919428185941e-09
241,3.6365277645899686e-09
242,2.646351998309807e-09
243,1.9222131211001336e-09
244,1.3936338582848674e-09
245,1.0085305655823728e-09
246,7.28488441303693e-10
247,5.252299590291145e-10
248,3.7798062562102726e-10
249,2.715081141818969e-10
250,1.9466564427484242e-10
251,1.3931216263276272e-10
252,9.951349543418007e-11
253,7.095257357962773e-11
254,5.0494903750103294e-11
