0,1.9999999999956695
1,1.9999999999956695
2,1.9999999999956695
3,1.9999999999956695
4,1.9999999999956695
5,1.9999999999956695
6,1.9999999999956695
7,1.9999999999956695
8,1.9999999999956695
9,1.9999999999956695
10,1.9999999999956695
11,1.9999999999956695
12,1.9999999999956695
13,1.9999999999956695
14,1.9999999999956695
15,1.9999999999956695
16,1.9999999999956695
17,1.9999999999956695
18,1.9999999999956695
19,1.9999999999956695
20,1.9999999999956695
21,1.9999999999956695
22,1.9999999999956695
23,1.9999999999956695
24,1.9999999999956695
25,1.9999999999956695
26,1.9999999999956695
27,1.9999999999956695
28,1.9999999999956695
29,1.9999999999956695
30,1.9999999999956695
31,1.9999999999956695
32,1.9999999999956695
33,1.9999999999956695
34,1.9999999999956695
35,1.9999999999956695
36,1.9999999999956695
37,1.9999999999956695
38,1.9999999999956695
39,1.9999999999956695
40,1.9999999999956695
41,1.9999999999956695
42,1.9999999999956695
43,1.9999999999956695
44,1.9999999999956695
45,1.9999999999956695
46,1.9999999999956695
47,1.9999999999956695
48,1.9999999999956695
49,1.9999999999956695
50,1.9999999999956695
51,1.9999999999956695
52,1.9999999999956695
53,1.9999999999956695
54,1.9999999999956695
55,1.9999999999956695
56,1.9999999999956695
57,1.9999999999956695
58,1.9999999999956695
59,1.9999999999956695
60,1.9999999999956695
61,1.9999999999956695
62,1.9999999999956695
63,1.9999999999956695
64,1.9999999999956695
65,1.9999999999956695
66,1.9999999999956695
67,1.9999999999956695
68,1.9999999999956695
69,1.9999999999956695
70,1.9999999999956695
71,1.9999999999956695
72,1.9999999999956695
73,1.9999999999956695
74,1.9999999999956695
75,1.9999999999956695
76,1.9999999999956695
77,1.9999999999956695
78,1.9999999999956695
79,1.9999999999956695
80,1.9999999999956695
81,1.9999999999956695
82,1.9999999999956695
83,1.9999999999956695
84,1.9999999999956695
85,1.9999999999956695
86,1.9999999999956695
87,1.9999999999956695
88,1.9999999999956695
89,1.9999999999956695
90,1.9999999999956695
91,1.9999999999956695
92,1.9999999999956697
93,1.9999999999956728
94,1.9999999999958016
95,2.0000000000001332
96,2.000000000123869
97,2.0000000031260954
98,2.0000000649884937
99,2.0000011472849444
100,2.000017219735693
101,2.0002197493675795
102,2.002384397518452
103,2.0219980826777286
104,2.1725664893892302
105,3.1511021676959867
106,8.529750001988557
107,33.50506772486938
108,131.33303458297698
109,454.0152730664481
110,1348.5027389997283
111,3427.834379366619
112,7473.365917585762
113,14054.455096610312
114,23016.5692622629
115,33276.93136103641
116,43182.82518260979
117,51460.04459824313
118,57065.462151744854
119,57741.71014176476
120,52665.668704690346
121,46647.75851361075
122,41210.76589699884
123,36396.464262794965
124,31998.70345493895
125,27815.84493502372
126,23763.980301494976
127,19872.482800290323
128,16229.892198527617
129,12931.426124087104
130,10047.373562311386
131,7611.409759436702
132,5621.662204310354
133,4048.1017295658985
134,2842.068811450312
135,1945.506316544958
136,1298.6058660810104
137,845.3248940804699
138,536.7450438359798
139,332.5700660318454
140,201.22562120115225
141,119.05548358310708
142,69.05068915944791
143,39.44377588353018
144,22.38547977116346
145,12.819997129319459
146,7.598842656776892
147,4.824452586199175
148,3.389105475718345
149,2.6660411569481424
150,2.3113377757973588
151,2.1418820579414257
152,2.063035913139065
153,2.0273031984912517
154,2.011529325830429
155,2.004746343964792
156,2.0019049317113256
157,2.0007453573230913
158,2.000284324667579
159,2.000105737602504
160,2.0000383362180423
161,2.000013550456433
162,2.000004669424056
163,2.0000015686898447
164,2.0000005137763357
165,2.0000001640479
166,2.000000051063973
167,2.000000015494025
168,2.000000004581149
169,2.000000001318331
170,2.0000000003676135
171,2.0000000000976392
172,2.0000000000229234
173,2.000000000002771
174,1.9999999999974736
175,1.9999999999961162
176,1.9999999999957774
177,1.999999999995695
178,1.9999999999956752
179,1.9999999999956708
180,1.9999999999956697
181,1.9999999999956697
182,1.9999999999956695
183,1.9999999999956695
184,1.9999999999956695
185,1.9999999999956695
186,1.9999999999956695
187,1.9999999999956695
188,1.9999999999956695
189,1.9999999999956695
190,1.9999999999956695
191,1.9999999999956695
192,1.9999999999956695
193,1.9999999999956695
194,1.9999999999956695
195,1.9999999999956695
196,1.9999999999956695
197,1.9999999999956695
198,1.9999999999956695
199,1.9999999999956695
200,1.9999999999956695
201,1.9999999999956695
202,1.9999999999956695
203,1.9999999999956695
204,1.9999999999956695
205,1.9999999999956695
206,1.9999999999956695
207,1.9999999999956695
208,1.9999999999956695
209,1.9999999999956695
210,1.9999999999956695
211,1.9999999999956695
212,1.9999999999956695
213,1.9999999999956695
214,1.9999999999956695
215,1.9999999999956695
216,1.9999999999956695
217,1.9999999999956695
218,1.9999999999956695
219,1.9999999999956695
220,1.9999999999956695
221,1.9999999999956695
222,1.9999999999956695
223,1.9999999999956695
224,1.9999999999956695
225,1.9999999999956695
226,1.9999999999956695
227,1.9999999999956695
228,1.9999999999956695
229,1.9999999999956695
230,1.9999999999956695
231,1.9999999999956695
232,1.9999999999956695
233,1.9999999999956695
234,1.9999999999956695
235,1.9999999999956695
236,1.9999999999956695
237,1.9999999999956695
238,1.9999999999956695
239,1.9999999999956695
240,1.9999999999956695
241,1.9999999999956695
242,1.9999999999956695
243,1.9999999999956695
244,1.9999999999956695
245,1.9999999999956695
246,1.9999999999956695
247,1.9999999999956695
248,1.9999999999956695
249,1.9999999999956695
250,1.9999999999956695
251,1.9999999999956695
252,1.9999999999956695
253,1.9999999999956695
254,1.9999999999956695
