0,1.6618856936126352e-112
1,1.334835276327108e-110
2,1.0335707235539477e-108
3,7.715049564484928e-107
4,5.5516648385067476e-105
5,3.8511794508820133e-103
6,2.575433078959883e-101
7,1.6603237522443294e-99
8,1.0318612174520465e-97
9,6.1820967317283235e-96
10,3.570559710474246e-94
11,1.988029395354282e-92
12,1.0670758735516664e-90
13,5.52145830813309e-89
14,2.754217866855757e-87
15,1.3244293088034836e-85
16,6.139673435491074e-84
17,2.743770349542112e-82
18,1.1820510762832135e-80
19,4.9091999875917686e-79
20,1.965491652321174e-77
21,7.586084578171836e-76
22,2.8226053128995288e-74
23,1.0124384410799883e-72
24,3.5008467166891695e-71
25,1.166980401799415e-69
26,3.750075633984913e-68
27,1.1617227355967763e-66
28,3.4693726319954995e-65
29,9.988158033697309e-64
30,2.772080639181005e-62
31,7.416727309799003e-61
32,1.912955031994782e-59
33,4.756452983361848e-58
34,1.1401123569720076e-56
35,2.634499344405513e-55
36,5.86860033994928e-54
37,1.2602507703628493e-52
38,2.6089478988375486e-51
39,5.206667429314334e-50
40,1.0017059839395861e-48
41,1.8578330965175411e-47
42,3.321690161409932e-46
43,5.725290695869175e-45
44,9.5130978150797e-44
45,1.5238154745855984e-42
46,2.3530372070736495e-41
47,3.502766655823002e-40
48,5.026661226032746e-39
49,6.953989397460908e-38
50,9.274156689624218e-37
51,1.1923419711377497e-35
52,1.4777917293952e-34
53,1.7656785015856765e-33
54,2.0337427804900656e-32
55,2.2582208705562022e-31
56,2.417256890961596e-30
57,2.4943948121810216e-29
58,2.481381727158874e-28
59,2.3796219291093757e-27
60,2.1999273686182558e-26
61,1.9606258323420456e-25
62,1.6844847969429873e-24
63,1.39516466503587e-23
64,1.1139606214481107e-22
65,8.574330245725931e-22
66,6.362335577717373e-21
67,4.551126791859108e-20
68,3.1383927748132175e-19
69,2.086323515981715e-18
70,1.3370326375179204e-17
71,8.260158135430759e-17
72,4.919497137508418e-16
73,2.824483618477403e-15
74,1.563303880138381e-14
75,8.341300149002356e-14
76,4.2905215685227686e-13
77,2.127514005097872e-12
78,1.0169995560162183e-11
79,4.686569874341664e-11
80,2.0819746019220774e-10
81,8.916240113511383e-10
82,3.681070043073039e-09
83,1.4650498575049997e-08
84,5.62104064138081e-08
85,2.079060099528532e-07
86,7.413159758554597e-07
87,2.5481540088815e-06
88,8.4437231208997e-06
89,2.697294037213799e-05
90,8.306318853170618e-05
91,0.00024658968269441345
92,0.0007057115133286007
93,0.0019469979817423376
94,0.005178330883366531
95,0.013277004149631512
96,0.03281681147280952
97,0.07819494360263961
98,0.17961680085221995
99,0.3977418052996438
100,0.8490661397687927
101,1.74730130219768
102,3.4664111808919644
103,6.629462993047245
104,12.22257249802422
105,21.723654689224123
106,37.22109600806729
107,61.479654903673676
108,97.89481330505802
109,150.27057265215163
110,222.36897688469924
111,317.2199204561958
112,436.24725112690606
113,578.3502830315222
114,739.154455363506
115,910.6792540049014
116,1081.6373730732705
117,1238.465531239834
118,1367.011476266358
119,1454.6094167341278
120,1492.1298773615802
121,1493.0021196261064
122,1492.3270416325443
123,1491.1354081262998
124,1489.428457058036
125,1487.2079605759343
126,1484.4762219596557
127,1481.2360716388935
128,1477.4908623061458
129,1473.2444631355236
130,1468.5012531215466
131,1463.2661135539847
132,1457.5444196468397
133,1451.3420313415697
134,1444.6652833065746
135,1437.5209741568376
136,1429.9163549193959
137,1421.859116772034
138,1413.3573780842123
139,1404.4196707907904
140,1395.0549261305462
141,1385.2724597828417
142,1375.081956437042
143,1364.4934538304321
144,1353.517326291421
145,1342.164267825756
146,1330.4452747842809
147,1318.371628151491
148,1305.9548754947234
149,1293.2068126142979
150,1280.139464935298
151,1266.7650686819127
152,1253.096051875409
153,1239.1450151968077
154,1224.924712755251
155,1210.4480328028367
156,1195.7279784363761
157,1180.7776483261102
158,1165.610217510884
159,1150.2389182986485
160,1134.6770213104226
161,1118.9378167050243
162,1103.034595620952
163,1086.9806318707945
164,1070.7891639224536
165,1054.4733772002858
166,1038.046386738035
167,1021.5212202140985
168,1004.9108013983009
169,988.2279340378997
170,971.4852862090637
171,954.6953751585149
172,937.8705526584447
173,921.0229908961936
174,904.1646689185285
175,887.3073596486714
176,870.4626174925421
177,853.6417665489467
178,836.8558894367427
179,820.1158167502615
180,803.4321171525645
181,786.8150881143771
182,770.2747473048414
183,753.8208246385497
184,737.4627549816403
185,721.2096715181076
186,705.0703997758667
187,689.053452310538
188,673.1670240433914
189,657.4189882483911
190,641.8168931818453
191,626.3679593467745
192,611.0790773827683
193,595.9568065708273
194,581.0073739414541
195,566.2366739731092
196,551.6502688670361
197,537.2533893834442
198,523.0509362230587
199,509.04748193715704
200,495.2472733483882
201,481.65423446390474
202,468.27196986165706
203,455.1037685300827
204,442.1526081408757
205,429.42115973405015
206,416.91179279410215
207,404.62658069574496
208,392.5673064974194
209,380.7354690605861
210,369.13228947266833
211,357.75871775144793
212,346.61543980870727
213,335.70288465096536
214,325.0212317952683
215,314.57041887816314
216,304.3501494362109
217,294.359900836663
218,284.59893233726063
219,275.066293254479
220,265.7608312199618
221,256.68120050534407
222,247.82587039616322
223,239.19313359608552
224,230.7811146432448
225,222.5877783210854
226,214.6109380467234
227,206.84826422048877
228,199.29729252098227
229,191.95543213066725
230,184.8199738777214
231,177.8880982805932
232,171.15688348243484
233,164.6233130633194
234,158.28428371889478
235,152.13661279487036
236,146.17704566747676
237,140.40226296078777
238,134.80888759252792
239,129.39349164072908
240,124.15260302432162
241,119.08271199146351
242,114.18027741011663
243,109.44173285606853
244,104.86349249427612
245,100.44195675006594
246,96.17351776737002
247,92.05456465179734
248,88.08148849694454
249,84.2506871929334
250,80.55857001671879
251,77.00156200425192
252,73.57610810509537
253,70.27867712057623
254,67.10576542703056
