564.3245719251835,0.0025321902295734615
564.4245719251835,0.003084862432367844
564.5245719251835,0.003745509635323741
564.6245719251835,0.004532331629320963
564.7245719251836,0.005465980581066122
564.8245719251836,0.006569769510490715
564.9245719251836,0.007869874851729509
565.0245719251836,0.009395527391405598
565.1245719251837,0.011179185016682365
565.2245719251837,0.013256679864309909
565.3245719251837,0.015667331672535492
565.4245719251837,0.01845401843648137
565.5245719251837,0.021663194894406813
565.6245719251838,0.025344848970031694
565.7245719251838,0.029552386109370478
565.8245719251838,0.034342431524090104
565.9245719251838,0.03977454073050921
566.0245719251839,0.04591080949370853
566.1245719251839,0.052815375383807095
566.2245719251839,0.06055380465222071
566.3245719251839,0.06919236005521134
566.424571925184,0.07879714759315676
566.524571925184,0.08943314288486082
566.624571925184,0.10116310102851528
566.724571925184,0.1140463572683978
566.824571925184,0.1281375295242408
566.9245719251841,0.1434851377649856
567.0245719251841,0.16013015921898097
567.1245719251841,0.17810454239093262
567.2245719251841,0.1974297066705925
567.3245719251842,0.21811505782745302
567.4245719251842,0.24015655274163228
567.5245719251842,0.2635353491747
567.6245719251842,0.28821657809103457
567.7245719251843,0.31414827686677443
567.8245719251843,0.34126052155297765
567.9245719251843,0.369464795098991
568.0245719251843,0.39865362602724236
568.1245719251843,0.42870052845222917
568.2245719251844,0.45946026956361796
568.3245719251844,0.49076948479724164
568.4245719251844,0.5224476539928611
568.5245719251844,0.5542984440216369
568.6245719251845,0.5861114148384328
568.7245719251845,0.6176640768909719
568.8245719251845,0.6487242785479967
568.9245719251845,0.6790528929649683
569.0245719251845,0.708406764877212
569.1245719251846,0.7365418694911626
569.2245719251846,0.7632166282236917
569.3245719251846,0.7881953197902861
569.4245719251846,0.811251520310473
569.5245719251847,0.832171502890827
569.6245719251847,0.8507575257223068
569.7245719251847,0.8668309381946252
569.8245719251847,0.8802350369299606
569.9245719251848,0.8908376079512472
570.0245719251848,0.8985330973406833
570.1245719251848,0.9032443605623202
570.2245719251848,0.9049239499093666
570.3245719251848,0.9026539385432368
570.4245719251849,0.8953755846295627
570.5245719251849,0.8832074654422334
570.6245719251849,0.8663507032290243
570.7245719251849,0.8450808305777827
570.824571925185,0.8197402993662276
570.924571925185,0.7907293132149507
571.024571925185,0.7584953262080671
571.124571925185,0.7235215924209587
571.224571925185,0.6863151745247706
571.3245719251851,0.6473948248468423
571.4245719251851,0.6072791392114528
571.5245719251851,0.5664753540884928
571.6245719251851,0.5254691133009212
571.7245719251852,0.4847154747117769
571.8245719251852,0.4446313633105727
571.9245719251852,0.4055896085589088
572.0245719251852,0.36791463435005595
572.1245719251853,0.33187980289095137
572.2245719251853,0.2977063522378797
572.3245719251853,0.265563813581616
572.4245719251853,0.23557175052047194
572.5245719251853,0.20780262963156385
572.6245719251854,0.18228561011578562
572.7245719251854,0.15901102996945068
572.8245719251854,0.13793536627742012
572.9245719251854,0.11898645661914754
573.0245719251855,0.10206878568139081
573.1245719251855,0.08706866421999629
573.2245719251855,0.07385915466479966
573.3245719251855,0.062304627104563186
573.4245719251855,0.052264859441143736
573.5245719251856,0.043598624688754965
573.6245719251856,0.03616673550038566
573.7245719251856,0.029834540103997463
573.8245719251856,0.024473884297986966
573.9245719251857,0.01996457064572404
574.0245719251857,0.01619535843785228
574.1245719251857,0.01306455649301141
574.2245719251857,0.010480265751541375
574.3245719251858,0.008360330317811767
574.4245719251858,0.00663205463989045
574.5245719251858,0.005231741431602505
574.6245719251858,0.004104100292229569
574.7245719251858,0.0032015712831052617
574.8245719251859,0.0024836014452163896
574.9245719251859,0.0019159057871338428
575.0245719251859,0.0014697379625295782
575.1245719251859,0.0011211899388067637
575.224571925186,0.0008505346071342659
575.324571925186,0.0006416206069976994
575.424571925186,0.00048132468546478144
575.524571925186,0.0003590636860543065
575.624571925186,0.000266365731656235
575.7245719251861,0.00019649827189367164
575.8245719251861,0.00014414933276806217
575.9245719251861,0.00010515745212159716
576.0245719251861,7.628532323462295e-05
576.1245719251862,5.503201868006685e-05
576.2245719251862,3.9478751904683465e-05
576.3245719251862,2.81633882347925e-05
576.4245719251862,1.997928338989758e-05
576.5245719251863,1.4094459609342392e-05
576.6245719251863,9.8875904428604e-06
576.7245719251863,6.897727385744839e-06
576.8245719251863,4.785144977737053e-06
576.9245719251863,3.301092485232454e-06
577.0245719251864,2.264611982136685e-06
577.1245719251864,1.5449108635781433e-06
577.2245719251864,1.048061024415289e-06
577.3245719251864,7.070387745180499e-07
577.4245719251865,4.7432215407923613e-07
577.5245719251865,3.164296020935081e-07
577.6245719251865,2.0992024178260036e-07
577.7245719251865,1.384857374487694e-07
577.8245719251865,9.085091286398674e-08
577.9245719251866,5.926892635582383e-08
578.0245719251866,3.845017689747012e-08
578.1245719251866,2.4805223333317015e-08
578.2245719251866,1.5913344262346504e-08
578.3245719251867,1.015203934417086e-08
578.4245719251867,6.4404860439892395e-09
578.5245719251867,4.063100008281843e-09
578.6245719251867,2.5490003670477436e-09
578.7245719251868,1.5902148371682033e-09
578.8245719251868,9.865411881275498e-10
578.9245719251868,6.086227186131414e-10
579.0245719251868,3.7338306363082636e-10
579.1245719251868,2.2778996468841207e-10
579.2245719251869,1.3819364662880744e-10
579.3245719251869,8.337101410226278e-11
579.4245719251869,5.0016766119037655e-11
579.5245719251869,2.9839370047786704e-11
579.624571925187,1.7702606236878642e-11
579.724571925187,1.0443793729990051e-11
579.824571925187,6.127070526590153e-12
579.924571925187,3.574546823730985e-12
580.024571925187,2.0737796987705648e-12
580.1245719251871,1.1964037462442149e-12
580.2245719251871,6.863828555218261e-13
580.3245719251871,3.9158730822041325e-13
580.4245719251871,2.2215920107041173e-13
580.5245719251872,1.2533533316127182e-13
580.6245719251872,7.031633911608758e-14
580.7245719251872,3.922947548216777e-14
580.8245719251872,2.176417795312547e-14
580.9245719251873,1.2007305275125897e-14
581.0245719251873,6.5875261732695436e-15
581.1245719251873,3.593955310141399e-15
581.2245719251873,1.9498289241545657e-15
