564.3245719251835,0.012535151053354373
564.4245719251835,0.013088406421303066
564.5245719251835,0.013749745613572882
564.6245719251835,0.014537387508100538
564.7245719251836,0.015472006470393755
564.8245719251836,0.016576941294748834
564.9245719251836,0.017878398290570828
565.0245719251836,0.019405642814418506
565.1245719251837,0.02119117268770215
565.2245719251837,0.023270866099317833
565.3245719251837,0.025684095803742372
565.4245719251837,0.028473800724450497
565.5245719251837,0.03168650549992905
565.6245719251838,0.03537227810791174
565.7245719251838,0.03958461551729471
565.8245719251838,0.04438024739128903
565.9245719251838,0.049818848242953045
566.0245719251839,0.055962649165019834
566.1245719251839,0.06287594135385934
566.2245719251839,0.07062446514841778
566.3245719251839,0.07927468022459044
566.424571925184,0.08889291492658576
566.524571925184,0.09954439546754501
566.624571925184,0.11129215886359885
566.724571925184,0.1241958569324256
566.824571925184,0.13831046242439324
566.9245719251841,0.15368489227804163
567.0245719251841,0.170360567000603
567.1245719251841,0.18836992915077266
567.2245719251841,0.20773494771353762
567.3245719251842,0.22846563866367567
567.4245719251842,0.2505586350675811
567.5245719251842,0.2739958425233291
567.6245719251842,0.2987432174419745
567.7245719251843,0.32474970649533136
567.8245719251843,0.35194638538033163
567.9245719251843,0.3802458337842737
568.0245719251843,0.40954178101482125
568.1245719251843,0.4397090531540502
568.2245719251844,0.47060384781639797
568.3245719251844,0.5020643566872396
568.4245719251844,0.5339117490864961
568.5245719251844,0.5659515219780268
568.6245719251845,0.5979752133097127
568.7245719251845,0.6297624665378122
568.8245719251845,0.6610834249109468
568.9245719251845,0.6917014248370781
569.0245719251845,0.7213759487199104
569.1245719251846,0.7498657893238091
569.2245719251846,0.7769323702978961
569.3245719251846,0.802343161233515
569.4245719251846,0.8258751207902593
569.5245719251847,0.8473180982118952
569.6245719251847,0.8664781221251082
569.7245719251847,0.8831805059763066
569.8245719251847,0.8972727018590269
569.9245719251848,0.9086268387966577
570.0245719251848,0.9171418876865646
570.1245719251848,0.9227454029327792
570.2245719251848,0.9253948000861225
570.3245719251848,0.9241771678241659
570.4245719251849,0.918038917651147
570.5245719251849,0.9071039010757783
570.6245719251849,0.89157861596196
570.7245719251849,0.871744049710006
570.824571925185,0.8479481632899599
570.924571925185,0.8205966960076402
571.024571925185,0.7901426337540747
571.124571925185,0.7570747252916713
571.224571925185,0.7219054548907758
571.3245719251851,0.6851588847720984
571.4245719251851,0.6473587677899796
571.5245719251851,0.609017301030699
571.6245719251851,0.5706248467606413
571.7245719251852,0.532640891367414
571.8245719251852,0.49548644897498906
571.9245719251852,0.45953804789297775
572.0245719251852,0.4251233685936581
572.1245719251853,0.39251853490170874
572.2245719251853,0.3619469985405301
572.3245719251853,0.33357990357750417
572.4245719251853,0.30753777348442435
572.5245719251853,0.28389333062906214
572.6245719251854,0.2626752365028886
572.7245719251854,0.24387253068676773
572.8245719251854,0.2274395467124777
572.9245719251854,0.21330109238304223
573.0245719251855,0.20135769921953856
573.1245719251855,0.19149076874648358
573.2245719251855,0.18356747046838484
573.3245719251855,0.17744527581454878
573.4245719251855,0.17297604235574027
573.5245719251856,0.17000959174969085
573.6245719251856,0.16839675193790035
573.7245719251856,0.16799185816862977
573.8245719251856,0.16865472783261223
573.9245719251857,0.17025214052633292
574.0245719251857,0.17265886711829936
574.1245719251857,0.1757583000216787
574.2245719251857,0.1794427416815381
574.3245719251858,0.18361340990275352
574.4245719251858,0.18818021759114598
574.5245719251858,0.19306138130783732
574.6245719251858,0.19818290829684257
574.7245719251858,0.2034780058596073
574.8245719251859,0.20888645058576408
574.9245719251859,0.21435394840754213
575.0245719251859,0.21983151005158208
575.1245719251859,0.225274860465217
575.224571925186,0.23064389536990634
575.324571925186,0.23590219335115972
575.424571925186,0.2410165878832246
575.524571925186,0.24595680041237125
575.624571925186,0.25069513305292296
575.7245719251861,0.2552062175275344
575.8245719251861,0.2594668156333624
575.9245719251861,0.26345566565591505
576.0245719251861,0.26715336869768136
576.1245719251862,0.2705423087572114
576.2245719251862,0.2736066005106497
576.3245719251862,0.2763320590449545
576.4245719251862,0.2787061862130851
576.5245719251863,0.280718168779232
576.6245719251863,0.2823588840592907
576.7245719251863,0.28362090930963285
576.8245719251863,0.2844985316549213
576.9245719251863,0.2849877558588643
577.0245719251864,0.2850881543869896
577.1245719251864,0.28484104734583726
577.2245719251864,0.2842646235348971
577.3245719251864,0.28336088829864553
577.4245719251865,0.2821330389628224
577.5245719251865,0.2805854399559653
577.6245719251865,0.27872359256145196
577.7245719251865,0.2765540991492364
577.8245719251865,0.27408462187797755
577.9245719251866,0.27132383597821136
578.0245719251866,0.2682813778284878
578.1245719251866,0.2649677881214442
578.2245719251866,0.26139445048768206
578.3245719251867,0.2575735260037762
578.4245719251867,0.2535178840581539
578.5245719251867,0.24924103008606321
578.6245719251867,0.2447570307133207
578.7245719251868,0.2400804368687198
578.8245719251868,0.23522620543751374
578.9245719251868,0.23020962003378972
579.0245719251868,0.22504621146829157
579.1245719251868,0.21975167848077132
579.2245719251869,0.2143418092926772
579.3245719251869,0.2088324045173463
579.4245719251869,0.20323920194130057
579.5245719251869,0.19757780366219757
579.624571925187,0.19186360603693098
579.724571925187,0.18611173285780128
579.824571925187,0.1803369721360865
579.924571925187,0.17455371683125334
580.024571925187,0.1687759098209881
580.1245719251871,0.16301699336271733
580.2245719251871,0.15728986325186198
580.3245719251871,0.15160682783623905
580.4245719251871,0.14597957200029166
580.5245719251872,0.1404191261876842
580.6245719251872,0.1349358404866901
580.7245719251872,0.12953936376016406
580.8245719251872,0.12423862776111515
580.9245719251873,0.11904183613634499
581.0245719251873,0.11395645818459484
581.1245719251873,0.10898922720243613
581.2245719251873,0.1041461432209647
