0,1.9264257632151882
1,2.321077245624119
2,2.789298028941713
3,3.343245397051372
4,3.9967740807426
5,4.765615007601175
6,5.667562508585447
7,6.722668436068802
8,7.953441211472882
9,9.385047345133879
10,11.04551246147634
11,12.965918325519256
12,15.180591810814006
13,17.7272811848252
14,20.647314528379304
15,23.985734566126766
16,27.791403682043647
17,32.11707244676329
18,37.019404612509184
19,42.55895125836228
20,48.800066616080926
21,55.810758097431716
22,63.662463200255196
23,72.42974631332869
24,82.1899089884864
25,93.02250801848076
26,105.00877666291616
27,118.23094560969542
28,132.771461747567
29,148.71210455183905
30,166.13300183822884
31,185.11154879945812
32,205.72123657773957
33,228.03039910753677
34,252.10088954247192
35,277.986700205681
36,305.73254261470174
37,335.3724066643414
38,366.92812043315337
39,400.4079342370523
40,435.8051544116433
41,473.09685378808547
42,512.2426868637397
43,553.1838381918444
44,595.8421324652309
45,640.1193340991456
46,685.8966627917871
47,733.0345495371022
48,781.3726548782785
49,830.7301678357553
50,880.9063999530222
51,931.6816843289173
52,982.8185844177613
53,1034.0634118680762
54,1085.1480468434042
55,1135.7920482463196
56,1185.7050351827797
57,1234.5893150010684
58,1282.1427274656642
59,1328.0616692304313
60,1372.044257903634
61,1413.7935907878289
62,1453.0210499574296
63,1489.4496028162025
64,1522.8170457471078
65,1552.879137995353
66,1579.4125735542275
67,1602.2177405663745
68,1621.1212205957481
69,1635.9779840237209
70,1646.6732427040401
71,1653.1239267761978
72,1655.2797590611794
73,1640.6854304719864
74,1597.6700972978515
75,1528.4694417058545
76,1436.5947741547386
77,1326.5379301874852
78,1203.4081014480132
79,1072.5413819314233
80,939.1242447611937
81,807.8670884943961
82,682.7546197951132
83,566.8879783639296
84,462.42117766598824
85,370.5834770397766
86,291.77108911141795
87,225.6868887217457
88,171.50558639059318
89,128.04366021860156
90,93.91733447046309
91,67.6770319795633
92,47.91204616789126
93,33.32391371000699
94,22.770635540203898
95,15.286292708773452
96,10.081776347758385
97,6.532505960876446
98,4.1584399914794705
99,2.600692056153911
100,1.5979209537526555
101,0.9645606058019407
102,0.5720205324028859
103,0.3332741146204342
104,0.19076531636121302
105,0.10727662927583397
106,0.059267784005466916
107,0.03216919017083575
108,0.01715415914950268
109,0.008986831732769629
110,0.004625425108772949
111,0.0023388618247905256
112,0.0011618908867524484
113,0.0005670665025668096
114,0.0002719008155467712
115,0.00012808400388141485
116,5.927712724728208e-05
117,2.6951768624219166e-05
118,1.203913430556066e-05
119,5.2833711130690525e-06
120,2.2779009914321644e-06
121,9.64864745175209e-07
122,4.015188150558536e-07
123,1.6415466611902087e-07
124,6.593384935826411e-08
125,2.6017855611254042e-08
126,1.0086545110059653e-08
127,3.841680466612425e-09
128,1.4375001938470074e-09
129,5.284482362445404e-10
130,1.9085557999283406e-10
131,6.7719717726959e-11
132,2.360659149954167e-11
133,8.084614175616954e-12
134,2.7201520515928896e-12
135,8.991557615898012e-13
136,2.9200114221085076e-13
137,9.316269372591517e-14
138,2.9201650087508445e-14
139,8.992503515938957e-15
140,2.7205812975113386e-15
141,8.086315246654159e-16
142,2.3612800445373405e-16
143,6.774109205119638e-17
144,1.9092586138040638e-17
145,5.286706395753145e-18
146,1.4381808232252443e-18
147,3.8437015904811513e-19
148,1.0092382493666253e-19
149,2.6034282196106836e-20
150,6.5978947406048476e-21
151,1.6427558626114707e-21
152,4.018357177737306e-22
153,9.656770642425026e-23
154,2.2799386687652066e-23
155,5.2883754517600095e-24
156,1.2051171446781614e-24
157,2.6980134956371047e-25
158,5.934263667187722e-26
159,1.2823229882430613e-26
160,2.7222993877553837e-27
161,5.677827727084045e-28
162,1.1634196787117565e-28
163,2.3420624319539223e-29
164,4.631998376195946e-30
165,9.000076427377095e-31
166,1.7180344365721477e-31
167,3.221998991655834e-32
168,5.9364498588371225e-33
169,1.074573375764101e-33
170,1.91096712760729e-34
171,3.338706364670929e-35
172,5.73074523494278e-36
173,9.663887090660725e-37
174,1.6010336528757964e-37
175,2.6058951790055754e-38
176,4.166978814717292e-39
177,6.546263926143457e-40
178,1.0103540749989355e-40
179,1.5320098313962126e-41
180,2.2822193091970273e-42
181,3.3401122861911538e-43
182,4.80255809059481e-44
183,6.784097090782375e-45
184,9.414978899168895e-46
185,1.2836733221398552e-46
186,1.7194816618667635e-47
187,2.2628118771363735e-48
188,2.9255479393287735e-49
189,3.7159841829919835e-50
190,4.637120298795724e-51
191,5.685003508271801e-52
192,6.847325598664129e-53
193,8.102500946362461e-54
194,9.419439684566865e-55
195,1.0758182738986541e-55
196,1.2071483153678849e-56
197,1.3307308238636134e-57
198,1.4412113340172228e-58
199,1.5334618975376406e-59
200,1.6029728926284657e-60
201,1.6462175802785517e-61
202,1.66094847670154e-62
203,1.6463908899604723e-63
204,1.603310424372947e-64
205,1.5339462656617595e-65
206,1.441818338406954e-66
207,1.3314314514834842e-67
208,1.2079110294724901e-68
209,1.0766113405969465e-69
210,9.427375849333972e-71
211,8.11018127992422e-72
212,6.854537708384455e-73
213,5.6915905077870286e-74
214,4.642981905594107e-75
215,3.721073120842617e-76
216,2.929862812726092e-77
217,2.2663878595713024e-78
218,1.72238031377444e-79
219,1.2859726708363119e-80
220,9.432836212654431e-82
221,6.797679999723531e-83
222,4.812680237201833e-84
223,3.347504478052851e-85
224,2.287511016241335e-86
225,1.535723712478804e-87
226,1.0129099894494621e-88
227,6.563515068662252e-90
228,4.178399754817635e-91
229,2.6133125634655574e-92
230,1.605759845804123e-93
231,9.693434925991896e-95
232,5.748872448575194e-96
233,3.34961980019389e-97
234,1.917415463251111e-98
235,1.0783129084079068e-99
236,5.957735949458281e-101
237,3.2338924047528077e-102
238,1.724557780830335e-103
239,9.03520065059626e-105
240,4.650565031584391e-106
241,2.3516977849824817e-107
242,1.1683290268291686e-108
243,5.702387049221844e-110
244,2.7343624719689346e-111
245,1.2881408305285275e-112
246,5.961814736064968e-114
247,2.7108249503626953e-115
248,1.2109670897616212e-116
249,5.3146060206173316e-118
250,2.2914884790604244e-119
251,9.7067121128135e-121
252,4.039563958611186e-122
253,1.6515993241052943e-123
254,6.634111592228933e-125
