0,2.4610010546603088e-14
1,5.6058897990024355e-14
2,1.2658839601173495e-13
3,2.8337388380504525e-13
4,6.288431471589398e-13
5,1.3833797915142766e-12
6,3.0168735431029187e-12
7,6.522128787966153e-12
8,1.397778057849573e-11
9,2.969638956061423e-11
10,6.254400233489889e-11
11,1.3058228729567813e-10
12,2.7027100606435337e-10
13,5.545378951485804e-10
14,1.1279233452953362e-09
15,2.2742831103711048e-09
16,4.545964618721331e-09
17,9.007912543195991e-09
18,1.76945228243093e-08
19,3.4456418547870666e-08
20,6.651475530419565e-08
21,1.2728652959310375e-07
22,2.4147016478754097e-07
23,4.541100314794623e-07
24,8.465942171555073e-07
25,1.5646099365699285e-06
26,2.8665099597641476e-06
27,5.2061587967816465e-06
28,9.373417275761841e-06
29,1.6729966668731666e-05
30,2.9601163730374216e-05
31,5.192052546072874e-05
32,9.027883740067256e-05
33,0.00015561427037591875
34,0.0002659068152636279
35,0.0004504287479132301
36,0.0007563787477671371
37,0.0012591257896986702
38,0.0020778562810683317
39,0.0033992137602664066
40,0.005512619682961133
41,0.008862457617685428
42,0.014124298775976533
43,0.022314964733350543
44,0.03494959105704213
45,0.05426309696638776
46,0.08351868341507611
47,0.1274322311194413
48,0.19274872720828254
49,0.2890149681276129
50,0.4296014481792123
51,0.6330349999790383
52,0.9247115726848363
53,1.3390643494568537
54,1.9222646848050786
55,2.735530185646844
56,3.8591034446648917
57,5.396944021251763
58,7.482142777700369
59,10.283019368884462
60,14.009798885280068
61,18.92168170226664
62,25.334022319119914
63,33.62522117565777
64,44.242813312616974
65,57.708117197884846
66,74.61869676940086
67,95.64780301332863
68,121.53991344301593
69,153.10149485802046
70,191.18619242002273
71,236.67380971196084
72,290.44269893102654
73,353.3355299784566
74,426.11884563449405
75,509.4373208461852
76,603.7642002182126
77,709.349951461354
78,826.171697396156
79,953.8864228817265
80,1091.7912419060399
81,1238.7941038534937
82,1393.3981759221563
83,1553.702735251402
84,1717.422734181965
85,1881.928283568712
86,2044.3041757236983
87,2201.4283079386432
88,2350.066557329909
89,2486.980399318077
90,2609.0424617351837
91,2713.3543656488746
92,2797.3607084376263
93,2858.9529555225686
94,2896.557353197374
95,2909.2017480949166
96,2906.8893505640535
97,2899.9631802721615
98,2888.456216602665
99,2872.4231344380814
100,2851.939871414614
101,2827.1030288076
102,2798.029112661673
103,2764.8536235069014
104,2727.73000461174
105,2686.828460193474
106,2642.3346563173127
107,2594.4483183495986
108,2543.3817397748953
109,2489.3582179302457
110,2432.6104327453386
111,2373.3787849007044
112,2311.909709926794
113,2248.4539846676626
114,2183.2650422300067
115,2116.597311040577
116,2048.704592954364
117,1979.8384945069417
118,1910.2469244036354
119,1840.1726692043246
120,1769.852057915803
121,1699.5137248649346
122,1629.377478817266
123,1559.6532848495526
124,1490.540364003044
125,1422.2264142589815
126,1354.8869549096655
127,1288.684794967285
128,1223.7696248769591
129,1160.2777294967918
130,1098.331819090943
131,1038.040973964686
132,979.5006973635923
133,922.7930703708907
134,867.9870017736705
135,815.138565233877
136,764.2914155955835
137,715.477275785416
138,668.7164855158046
139,624.0186028767507
140,581.383049895107
141,540.7997932437193
142,502.2500514876043
143,465.70702055113884
144,431.1366094686826
145,398.4981789303406
146,367.7452756434702
147,338.8263560878005
148,311.6854938364252
149,286.263065235519
150,262.496408871885
151,240.32045489943997
152,219.66832093420717
153,200.47187185387975
154,182.66224144494012
155,166.17031442101418
156,150.92716788490836
157,136.86447181888872
158,123.91484865946177
159,112.01219244139004
160,101.09194837901386
161,91.09135409011498
162,81.94964395828347
163,73.60821837451591
164,66.0107797986981
165,59.103437738396934
166,52.834784858171446
167,47.155946509985775
168,42.02060601714952
169,37.385008053648754
170,33.207942441043194
171,29.450710639668227
172,26.077077143085884
173,23.053207897940986
174,20.347597768872358
175,17.93098895304892
176,15.776282124224124
177,13.858441954710157
178,12.154398527926197
179,10.642946016494118
180,9.304639863318945
181,8.12169356752438
182,7.07787604509007
183,6.158410406885099
184,5.349874875603148
185,4.640106448743367
186,4.0181078079021315
187,3.473957875703815
188,2.9987263309856167
189,2.584392310485811
190,2.2237674512507013
191,1.9104233621354465
192,1.6386235548884616
193,1.4032598150542441
194,1.1997929499131417
195,1.0241978144551362
196,0.8729124864765985
197,0.742791437788555
198,0.6310625297135748
199,0.535287647004933
200,0.4533267745313014
201,0.38330531503154136
202,0.3235844434757842
203,0.27273429361358303
204,0.22950977471874
205,0.1928288209551554
206,0.16175288182295874
207,0.13546946946684474
208,0.11327658693981056
209,0.09456887054928058
210,0.07882528893474164
211,0.0655982513329035
212,0.05450398740337875
213,0.04521407086725411
214,0.03744796892989628
215,0.030966508917877607
216,0.025566162678503562
217,0.02107405800792414
218,0.01734363464528537
219,0.014250870165033746
220,0.011691008398761195
221,0.009575729813680049
222,0.007830709567461267
223,0.006393514756426934
224,0.0052117976893987705
225,0.004241746870833315
226,0.0034467617856080166
227,0.0027963215678177876
228,0.0022650212326905746
229,0.0018317523806622958
230,0.0014790081725396063
231,0.0011922949511558494
232,0.0009596351740890507
233,0.0007711483491160776
234,0.000618698453298208
235,0.0004955978908519803
236,0.00039635942580620984
237,0.00031648873298932594
238,0.00025231126376293507
239,0.00020082803827302568
240,0.00015959576953128137
241,0.00012662741065895466
242,0.00010030980806783971
243,7.933565188156698e-05
244,6.264735097833369e-05
245,4.939083300737291e-05
246,3.887758790544931e-05
247,3.05535441764506e-05
248,2.397359699023325e-05
249,1.8780801713937557e-05
250,1.4689410808765279e-05
251,1.1471070470185672e-05
252,8.943609753986393e-06
253,6.961952503581777e-06
254,5.410764017518083e-06
