33.33461872470366,0.0011948991639141172
33.38461872470366,0.0012923677590724804
33.434618724703654,0.0014022605380067782
33.48461872470365,0.0015267811005321673
33.53461872470365,0.0016686438327269317
33.584618724703645,0.0018312227538524806
33.63461872470364,0.0020187534962633875
33.68461872470364,0.00223661123309258
33.73461872470364,0.0024916989997027443
33.784618724703634,0.0027929994602103616
33.83461872470363,0.00315237363505111
33.88461872470363,0.0035857412942892518
33.934618724703626,0.004114866237697557
33.98461872470362,0.004770127741724424
34.03461872470362,0.005594952084092398
34.08461872470362,0.006653142523850668
34.134618724703614,0.008041487288135784
34.18461872470361,0.009912460908718243
34.23461872470361,0.012517374062334859
34.284618724703606,0.016293910479397402
34.3346187247036,0.022058448022727644
34.3846187247036,0.03147285623337412
34.4346187247036,0.04833126721143722
34.484618724703594,0.08274384802406592
34.53461872470359,0.16783411830393233
34.58461872470359,0.4331141748182596
34.634618724703586,0.879292171413779
34.68461872470358,0.4092458012658515
34.73461872470358,0.1605759514549978
34.78461872470358,0.08006745917290715
34.834618724703574,0.047104982767267836
34.88461872470357,0.03081976819936966
34.93461872470357,0.021672200759554137
34.984618724703566,0.01604743976912621
35.03461872470356,0.012350827576733718
35.08461872470356,0.009794793690538284
35.13461872470356,0.007955342019060684
35.184618724703554,0.006588215794743697
35.23461872470355,0.005544821657983911
35.28461872470355,0.0047306249241043895
35.334618724703546,0.004083191016861153
35.38461872470354,0.003559957241019547
35.43461872470354,0.0031311073406383874
35.48461872470354,0.002775255159522711
35.534618724703535,0.0024767406113356126
35.58461872470353,0.002223885211204095
35.63461872470353,0.00200783713333884
35.684618724703526,0.0018217887795257957
35.73461872470352,0.0016604356959244683
35.78461872470352,0.0015195954055307213
35.83461872470352,0.001395934363773484
35.884618724703515,0.001286769370549905
35.93461872470351,0.0011899211171342366
35.98461872470351,0.0011036047990538541
36.034618724703506,0.0010263474527933895
36.0846187247035,0.0009569248097380162
36.1346187247035,0.0008943125749016696
36.1846187247035,0.0008376484850204433
36.234618724703495,0.0007862025049078118
36.28461872470349,0.0007393532270868009
36.33461872470349,0.0006965690421889445
36.384618724703486,0.0006573930092140955
36.43461872470348,0.0006214306177245489
36.48461872470348,0.0005883398271970308
36.53461872470348,0.0005578229119400965
36.584618724703475,0.0005296197470587257
36.63461872470347,0.0005035022516808439
36.68461872470347,0.00047926976700767194
36.734618724703466,0.0004567451937104782
36.78461872470346,0.000435771749395875
36.83461872470346,0.0004162102349514565
36.88461872470346,0.00039793672051776974
36.934618724703455,0.00038084057906300546
36.98461872470345,0.0003648228091495412
37.03461872470345,0.00034979459929473033
37.084618724703446,0.00033567609496256323
37.134618724703444,0.0003223953361514044
37.18461872470344,0.00030988733912937135
37.23461872470344,0.0002980933003935759
37.284618724703435,0.00028695990461021534
37.33461872470343,0.00027643872129929725
37.38461872470343,0.0002664856774939141
37.43461872470343,0.0002570605956344808
37.484618724703424,0.00024812678763638574
37.53461872470342,0.00023965069746122582
37.58461872470342,0.0002316015856800265
37.634618724703415,0.00022395125048396962
37.68461872470341,0.0002166737804082781
37.73461872470341,0.0002097453347156247
37.78461872470341,0.00020314394795912028
37.834618724703404,0.00019684935572981914
37.8846187247034,0.0001908428390046385
37.9346187247034,0.00018510708485985043
37.984618724703395,0.0001796260616128857
38.03461872470339,0.00017438490670939566
38.08461872470339,0.00016936982589019266
38.13461872470339,0.00016456800235953328
38.184618724703384,0.00015996751483694855
38.23461872470338,0.00015555726351342724
38.28461872470338,0.0001513269030525202
38.334618724703375,0.00014726678188064658
38.38461872470337,0.0001433678871008662
38.43461872470337,0.00013962179444262492
38.48461872470337,0.0001360206227281308
38.534618724703364,0.00013255699239550338
38.58461872470336,0.0001292239876708446
38.63461872470336,0.00012601512202693396
38.684618724703355,0.00012292430660622053
38.73461872470335,0.00011994582132091582
38.78461872470335,0.00011707428837391664
38.83461872470335,0.00011430464797155881
38.884618724703344,0.0001116321360232864
38.93461872470334,0.00010905226364462329
38.98461872470334,0.00010656079829870406
39.034618724703336,0.00010415374642836033
39.08461872470333,0.0001018273374456301
39.13461872470333,9.957800895878677e-05
39.18461872470333,9.740239312876831e-05
39.234618724703324,9.52973040573999e-05
39.28461872470332,9.325972611918999e-05
39.33461872470332,9.128680315687695e-05
39.384618724703316,8.937582846841941e-05
39.43461872470331,8.752423551986266e-05
39.48461872470331,8.572958932456139e-05
39.53461872470331,8.398957843467413e-05
39.584618724703304,8.230200749573255e-05
39.6346187247033,8.06647903194925e-05
39.6846187247033,7.907594343424212e-05
39.734618724703296,7.753358007532479e-05
39.78461872470329,7.603590458187162e-05
39.83461872470329,7.458120716866396e-05
39.88461872470329,7.316785904469699e-05
39.934618724703284,7.179430785241614e-05
39.98461872470328,7.045907340377572e-05
40.03461872470328,6.916074369124655e-05
40.084618724703276,6.789797115369607e-05
40.13461872470327,6.666946917869861e-05
40.18461872470327,6.547400882432135e-05
40.23461872470327,6.4310415744787e-05
40.284618724703265,6.317756730565067e-05
40.33461872470326,6.207438987525627e-05
40.38461872470326,6.099985628026917e-05
40.434618724703256,5.9952983414023356e-05
40.48461872470325,5.893282998728421e-05
40.53461872470325,5.793849441181655e-05
40.58461872470325,5.696911280787203e-05
40.634618724703245,5.602385712737232e-05
40.68461872470324,5.5101933385174184e-05
40.73461872470324,5.420257999136094e-05
40.784618724703236,5.332506617801944e-05
40.83461872470323,5.246869051443372e-05
40.88461872470323,5.163277950506183e-05
40.93461872470323,5.081668626506259e-05
40.984618724703225,5.0019789268509114e-05
41.03461872470322,4.924149116476506e-05
41.08461872470322,4.8481217658814995e-05
41.134618724703216,4.773841645163004e-05
41.18461872470321,4.701255623691775e-05
41.23461872470321,4.630312575085318e-05
41.28461872470321,4.5609632871618084e-05
41.334618724703205,4.493160376578617e-05
41.3846187247032,4.426858207879023e-05
41.4346187247032,4.3620128166888295e-05
41.484618724703196,4.298581836821537e-05
41.53461872470319,4.236524431066406e-05
41.58461872470319,4.175801225448262e-05
41.63461872470319,4.116374246761452e-05
41.684618724703185,4.058206863192922e-05
41.73461872470318,4.001263727861016e-05
41.78461872470318,3.945510725107562e-05
41.834618724703176,3.890914919390814e-05
41.884618724703174,3.8374445066363317e-05
41.93461872470317,3.785068767911624e-05
41.98461872470317,3.733758025298548e-05
42.034618724703165,3.683483599845109e-05
42.08461872470316,3.6342177714854556e-05
42.13461872470316,3.5859337408234385e-05
42.18461872470316,3.5386055926814005e-05
42.234618724703154,3.492208261321605e-05
42.28461872470315,3.446717497253155e-05
42.33461872470315,3.402109835542352e-05
42.384618724703145,3.358362565549162e-05
42.43461872470314,3.315453702016892e-05
42.48461872470314,3.273361957446413e-05
42.53461872470314,3.232066715690054e-05
42.584618724703134,3.1915480067040715e-05
42.63461872470313,3.151786482401914e-05
42.68461872470313,3.112763393553793e-05
42.734618724703125,3.074460567681083e-05
42.78461872470312,3.036860387896839e-05
42.83461872470312,2.9999457726464836e-05
42.88461872470312,2.9637001563051396e-05
42.934618724703114,2.9281074705904565e-05
42.98461872470311,2.893152126752011e-05
43.03461872470311,2.858818998500405e-05
43.084618724703105,2.8250934056411616e-05
43.1346187247031,2.7919610983803754e-05
43.1846187247031,2.7594082422707677e-05
43.2346187247031,2.727421403768464e-05
43.284618724703094,2.6959875363723545e-05
43.33461872470309,2.6650939673193058e-05
43.38461872470309,2.6347283848099302e-05
43.434618724703085,2.60487882574084e-05
43.48461872470308,2.575533663920577e-05
43.53461872470308,2.546681598747555e-05
43.58461872470308,2.5183116443294134e-05
43.634618724703074,2.49041311902423e-05
43.68461872470307,2.4629756353850106e-05
43.73461872470307,2.4359890904897657e-05
43.784618724703066,2.4094436566403867e-05
43.83461872470306,2.383329772414319e-05
43.88461872470306,2.3576381340538302e-05
43.93461872470306,2.3323596871783935e-05
43.984618724703054,2.3074856188064006e-05
44.03461872470305,2.28300734967308e-05
44.08461872470305,2.2589165268321282e-05
44.134618724703046,2.2352050165291218e-05
44.18461872470304,2.211864897335385e-05
44.23461872470304,2.18888845353147e-05
44.28461872470304,2.166268168729941e-05
44.334618724703034,2.1439967197276265e-05
44.38461872470303,2.1220669705779422e-05
44.43461872470303,2.1004719668743304e-05
44.484618724703026,2.079204930236273e-05
44.53461872470302,2.0582592529897035e-05
44.58461872470302,2.0376284930340375e-05
44.63461872470302,2.0173063688883643e-05
44.684618724703014,1.9972867549096985e-05
44.73461872470301,1.9775636766764913e-05
44.78461872470301,1.9581313065309063e-05
44.834618724703006,1.9389839592736477e-05
44.884618724703,1.9201160880054126e-05
44.934618724703,1.9015222801092744e-05
44.984618724703,1.8831972533685813e-05
45.034618724702995,1.865135852215153e-05
45.08461872470299,1.847333044102817e-05
45.13461872470299,1.829783916001517e-05
45.184618724702986,1.8124836710074254e-05
45.23461872470298,1.7954276250647077e-05
45.28461872470298,1.7786112037947454e-05
45.33461872470298,1.7620299394288133e-05
45.384618724702975,1.745679467840375e-05
45.43461872470297,1.729555525673312e-05
45.48461872470297,1.713653947562556e-05
45.534618724702966,1.6979706634437543e-05
45.58461872470296,1.6825016959487074e-05
45.63461872470296,1.667243157883479e-05
45.68461872470296,1.652191249786191e-05
45.734618724702955,1.6373422575616325e-05
45.78461872470295,1.622692550189947e-05
45.83461872470295,1.6082385775067425e-05
45.884618724702946,1.5939768680521034e-05
45.93461872470294,1.579904026986067e-05
45.98461872470294,1.5660167340682248e-05
46.03461872470294,1.5523117416992094e-05
46.084618724702935,1.5387858730219078e-05
46.13461872470293,1.5254360200803243e-05
46.18461872470293,1.5122591420341102e-05
46.234618724702926,1.4992522634268374e-05
46.28461872470292,1.4864124725061773e-05
46.33461872470292,1.4737369195942167e-05
46.38461872470292,1.4612228155062053e-05
46.434618724702915,1.4488674300160956e-05
46.48461872470291,1.4366680903673057e-05
46.53461872470291,1.4246221798271791e-05
46.584618724702906,1.4127271362836909e-05
46.634618724702904,1.4009804508829893e-05
46.6846187247029,1.3893796667064212e-05
46.7346187247029,1.3779223774857442e-05
46.784618724702895,1.3666062263552635e-05
46.83461872470289,1.355428904639688e-05
46.88461872470289,1.3443881506765496e-05
46.93461872470289,1.3334817486720473e-05
46.984618724702884,1.3227075275892567e-05
47.03461872470288,1.3120633600676441e-05
47.08461872470288,1.301547161372895e-05
47.134618724702875,1.2911568883760803e-05
47.18461872470287,1.2808905385612368e-05
47.23461872470287,1.270746149060448e-05
47.28461872470287,1.2607217957155723e-05
47.334618724702864,1.2508155921657707e-05
47.38461872470286,1.241025688960031e-05
47.43461872470286,1.2313502726939065e-05
47.484618724702855,1.2217875651697214e-05
47.53461872470285,1.212335822579511e-05
47.58461872470285,1.2029933347099992e-05
47.63461872470285,1.1937584241689385e-05
47.684618724702844,1.1846294456321506e-05
47.73461872470284,1.1756047851106528e-05
47.78461872470284,1.1666828592372405e-05
47.834618724702835,1.1578621145719547e-05
47.88461872470283,1.1491410269258539e-05
47.93461872470283,1.1405181007025474e-05
47.98461872470283,1.1319918682569589e-05
48.034618724702824,1.1235608892708006e-05
48.08461872470282,1.1152237501442713e-05
48.13461872470282,1.1069790634034891e-05
48.184618724702815,1.098825467123205e-05
48.23461872470281,1.0907616243643383e-05
48.28461872470281,1.0827862226259115e-05
48.33461872470281,1.0748979733109544e-05
48.384618724702804,1.06709561120598e-05
48.4346187247028,1.0593778939736351e-05
48.4846187247028,1.0517436016581455e-05
48.534618724702796,1.0441915362031953e-05
48.58461872470279,1.0367205209818724e-05
48.63461872470279,1.0293294003383477e-05
48.68461872470279,1.0220170391409475e-05
48.734618724702784,1.014782322346298e-05
48.78461872470278,1.007624154574234e-05
48.83461872470278,1.0005414596931603e-05
48.884618724702776,9.93533180415582e-06
48.93461872470277,9.865982779035139e-06
48.98461872470277,9.797357313834963e-06
49.03461872470277,9.7294453777095e-06
49.084618724702764,9.662237113036155e-06
49.13461872470276,9.595722831838215e-06
49.18461872470276,9.529893012293427e-06
49.234618724702756,9.464738295326138e-06
49.28461872470275,9.400249481280676e-06
49.33461872470275,9.336417526673827e-06
49.38461872470275,9.273233541024204e-06
49.434618724702744,9.210688783756463e-06
49.48461872470274,9.14877466117837e-06
49.53461872470274,9.08748272352872e-06
49.584618724702736,9.026804662094275e-06
49.63461872470273,8.96673230639384e-06
49.68461872470273,8.907257621427696e-06
49.73461872470273,8.848372704990692e-06
49.784618724702725,8.790069785047302e-06
49.83461872470272,8.732341217166991e-06
49.88461872470272,8.675179482018385e-06
49.934618724702716,8.618577182920617e-06
49.98461872470271,8.562527043450436e-06
50.03461872470271,8.507021905103597e-06
50.08461872470271,8.452054725009124e-06
50.134618724702705,8.397618573695129e-06
50.1846187247027,8.343706632904801e-06
50.2346187247027,8.290312193461324e-06
50.284618724702696,8.237428653180467e-06
50.33461872470269,8.185049514829606e-06
50.38461872470269,8.133168384132063e-06
50.43461872470269,8.081778967815542e-06
50.484618724702685,8.030875071703602e-06
50.53461872470268,7.980450598849072e-06
50.58461872470268,7.930499547708357e-06
50.634618724702676,7.881016010355591e-06
50.68461872470267,7.831994170735717e-06
50.73461872470267,7.783428302955434e-06
50.78461872470267,7.735312769611142e-06
50.834618724702665,7.687642020152952e-06
50.88461872470266,7.64041058928386e-06
50.93461872470266,7.593613095393267e-06
50.984618724702656,7.547244239023944e-06
51.03461872470265,7.5012988013716855e-06
51.08461872470265,7.455771642816821e-06
51.13461872470265,7.41065770148682e-06
51.184618724702645,7.365951991849271e-06
51.23461872470264,7.321649603334452e-06
51.28461872470264,7.277745698986819e-06
51.334618724702636,7.234235514144716e-06
51.384618724702634,7.191114355147626e-06
51.43461872470263,7.1483775980703e-06
51.48461872470263,7.106020687483162e-06
51.534618724702625,7.064039135238329e-06
51.58461872470262,7.022428519280651e-06
51.63461872470262,6.9811844824832226e-06
51.68461872470262,6.940302731506714e-06
51.734618724702614,6.899779035682062e-06
51.78461872470261,6.859609225915895e-06
51.83461872470261,6.819789193618211e-06
51.884618724702605,6.780314889651768e-06
51.9346187247026,6.741182323302707e-06
51.9846187247026,6.702387561271905e-06
52.0346187247026,6.6639267266865876e-06
52.084618724702594,6.625795998131731e-06
52.13461872470259,6.587991608700803e-06
52.18461872470259,6.5505098450654285e-06
52.234618724702585,6.51334704656349e-06
52.28461872470258,6.476499604305318e-06
52.33461872470258,6.4399639602975185e-06
52.38461872470258,6.403736606584038e-06
52.434618724702574,6.367814084404112e-06
52.48461872470257,6.332192983366679e-06
52.53461872470257,6.296869940640939e-06
52.584618724702565,6.261841640162649e-06
52.63461872470256,6.227104811855832e-06
52.68461872470256,6.192656230869571e-06
52.73461872470256,6.1584927168295144e-06
52.784618724702554,6.124611133103822e-06
52.83461872470255,6.0910083860831815e-06
52.88461872470255,6.057681424474627e-06
52.934618724702545,6.024627238608842e-06
52.98461872470254,5.991842859760651e-06
53.03461872470254,5.959325359482418e-06
53.08461872470254,5.927071848950082e-06
53.134618724702534,5.895079478321537e-06
53.18461872470253,5.863345436107096e-06
53.23461872470253,5.831866948551804e-06
53.284618724702526,5.8006412790292975e-06
53.33461872470252,5.769665727447026e-06
53.38461872470252,5.738937629662529e-06
53.43461872470252,5.708454356910589e-06
53.484618724702514,5.678213315240987e-06
53.53461872470251,5.648211944966668e-06
53.58461872470251,5.618447720122079e-06
53.634618724702506,5.588918147931475e-06
53.6846187247025,5.559620768286972e-06
53.7346187247025,5.530553153236159e-06
53.7846187247025,5.501712906479059e-06
53.834618724702494,5.4730976628742426e-06
53.88461872470249,5.444705087953918e-06
53.93461872470249,5.4165328774477995e-06
53.984618724702486,5.3885787568155665e-06
54.03461872470248,5.360840480787763e-06
54.08461872470248,5.333315832914928e-06
54.13461872470248,5.3060026251248274e-06
54.184618724702474,5.278898697287589e-06
54.23461872470247,5.2520019167885915e-06
54.28461872470247,5.225310178108959e-06
54.334618724702466,5.198821402413488e-06
54.38461872470246,5.172533537145882e-06
54.43461872470246,5.146444555631117e-06
54.48461872470246,5.120552456684813e-06
54.534618724702455,5.094855264229471e-06
54.58461872470245,5.069351026917432e-06
54.63461872470245,5.044037817760417e-06
54.684618724702446,5.018913733765539e-06
54.73461872470244,4.993976895577636e-06
54.78461872470244,4.969225447127812e-06
54.83461872470244,4.944657555288051e-06
54.884618724702435,4.920271409531807e-06
54.93461872470243,4.896065221600428e-06
54.98461872470243,4.872037225175313e-06
55.034618724702426,4.848185675555686e-06
55.08461872470242,4.824508849341876e-06
55.13461872470242,4.8010050441239975e-06
55.18461872470242,4.777672578175934e-06
55.234618724702415,4.754509790154503e-06
55.28461872470241,4.7315150388037174e-06
55.33461872470241,4.708686702664046e-06
55.384618724702406,4.6860231797865624e-06
55.4346187247024,4.663522887451904e-06
55.4846187247024,4.641184261893946e-06
55.5346187247024,4.619005758028084e-06
55.584618724702395,4.596985849184066e-06
55.63461872470239,4.575123026843263e-06
55.68461872470239,4.553415800380295e-06
55.734618724702386,4.531862696808957e-06
55.78461872470238,4.510462260532329e-06
55.83461872470238,4.48921305309701e-06
55.88461872470238,4.468113652951395e-06
55.934618724702375,4.447162655207918e-06
55.98461872470237,4.426358671409195e-06
56.03461872470237,4.405700329297974e-06
56.084618724702366,4.385186272590847e-06
56.134618724702364,4.364815160755631e-06
56.18461872470236,4.344585668792368e-06
56.23461872470236,4.32449648701786e-06
56.284618724702355,4.304546320853697e-06
56.33461872470235,4.284733890617685e-06
56.38461872470235,4.265057931318636e-06
56.43461872470235,4.245517192454445e-06
56.484618724702344,4.226110437813392e-06
56.53461872470234,4.2068364452786316e-06
56.58461872470234,4.187694006635777e-06
56.634618724702335,4.168681927383557e-06
56.68461872470233,4.149799026547464e-06
56.73461872470233,4.131044136496355e-06
56.78461872470233,4.11241610276195e-06
56.834618724702324,4.093913783861162e-06
56.88461872470232,4.075536051121233e-06
56.93461872470232,4.057281788507598e-06
56.984618724702315,4.039149892454445e-06
57.03461872470231,4.021139271697932e-06
57.08461872470231,4.003248847111977e-06
57.13461872470231,3.985477551546623e-06
57.184618724702304,3.967824329668894e-06
57.2346187247023,3.950288137806118e-06
57.2846187247023,3.932867943791665e-06
57.334618724702295,3.915562726813069e-06
57.38461872470229,3.898371477262474e-06
57.43461872470229,3.881293196589376e-06
57.48461872470229,3.864326897155622e-06
57.534618724702284,3.847471602092616e-06
57.58461872470228,3.8307263451607116e-06
57.63461872470228,3.8140901706107236e-06
57.684618724702275,3.797562133047557e-06
57.73461872470227,3.7811412972958943e-06
57.78461872470227,3.7648267382679014e-06
57.83461872470227,3.7486175408329486e-06
57.884618724702264,3.732512799689266e-06
57.93461872470226,3.7165116192375443e-06
57.98461872470226,3.700613113456416e-06
58.034618724702256,3.684816405779801e-06
58.08461872470225,3.6691206289760814e-06
58.13461872470225,3.6535249250290748e-06
58.18461872470225,3.63802844502077e-06
58.234618724702244,3.6226303490158053e-06
58.28461872470224,3.607329805947651e-06
58.33461872470224,3.59212599350647e-06
58.384618724702236,3.5770180980286335e-06
58.43461872470223,3.562005314387856e-06
58.48461872470223,3.547086845887928e-06
58.53461872470223,3.5322619041570153e-06
58.584618724702224,3.5175297090435035e-06
58.63461872470222,3.5028894885133603e-06
58.68461872470222,3.4883404785489877e-06
58.734618724702216,3.473881923049544e-06
58.78461872470221,3.459513073732704e-06
58.83461872470221,3.4452331900378475e-06
58.88461872470221,3.431041539030629e-06
58.934618724702204,3.4169373953089405e-06
58.9846187247022,3.402920040910204e-06
59.0346187247022,3.3889887652200065e-06
59.084618724702196,3.3751428648820355e-06
59.13461872470219,3.3613816437092983e-06
59.18461872470219,3.347704412596612e-06
59.23461872470219,3.3341104894343337e-06
59.284618724702185,3.3205991990233084e-06
59.33461872470218,3.307169872991031e-06
59.38461872470218,3.29382184970899e-06
59.434618724702176,3.280554474211166e-06
59.48461872470217,3.267367098113697e-06
59.53461872470217,3.25425907953565e-06
59.58461872470217,3.241229783020915e-06
59.634618724702165,3.228278579461196e-06
59.68461872470216,3.215404846020059e-06
59.73461872470216,3.202607966058061e-06
59.784618724702156,3.189887329058896e-06
59.83461872470215,3.177242330556586e-06
59.88461872470215,3.1646723720636686e-06
59.93461872470215,3.152176861000378e-06
59.984618724702145,3.1397552106248112e-06
60.03461872470214,3.1274068399640406e-06
60.08461872470214,3.1151311737461864e-06
60.134618724702136,3.102927642333418e-06
60.18461872470213,3.09079568165586e-06
60.23461872470213,3.078734733146426e-06
60.28461872470213,3.066744243676507e-06
60.334618724702125,3.0548236654925655e-06
60.38461872470212,3.0429724561535768e-06
60.43461872470212,3.031190078469313e-06
60.484618724702116,3.0194760004394765e-06
60.53461872470211,3.0078296951936377e-06
60.58461872470211,2.996250640931997e-06
60.63461872470211,2.9847383208669375e-06
60.684618724702105,2.973292223165357e-06
60.7346187247021,2.9619118408917857e-06
60.7846187247021,2.950596671952246e-06
60.834618724702096,2.9393462190388822e-06
60.884618724702094,2.9281599895753113e-06
60.93461872470209,2.9170374956627037e-06
60.98461872470209,2.9059782540265933e-06
61.034618724702085,2.894981785964367e-06
61.08461872470208,2.8840476172934733e-06
61.13461872470208,2.8731752783002967e-06
61.18461872470208,2.862364303689712e-06
61.234618724702074,2.8516142325353074e-06
61.28461872470207,2.840924608230247e-06
61.33461872470207,2.8302949784387906e-06
61.384618724702065,2.8197248950484377e-06
61.43461872470206,2.8092139141226987e-06
61.48461872470206,2.7987615958544884e-06
61.53461872470206,2.7883675045201076e-06
61.584618724702054,2.7780312084338452e-06
61.63461872470205,2.767752279903145e-06
61.68461872470205,2.757530295184367e-06
61.734618724702045,2.747364834439121e-06
61.78461872470204,2.737255481691146e-06
61.83461872470204,2.7272018247837653e-06
61.88461872470204,2.7172034553378687e-06
61.934618724702034,2.707259968710446e-06
61.98461872470203,2.6973709639536456e-06
62.03461872470203,2.687536043774353e-06
62.084618724702025,2.6777548144942914e-06
62.13461872470202,2.6680268860106206e-06
62.18461872470202,2.6583518717570427e-06
62.23461872470202,2.6487293886654007e-06
62.284618724702014,2.639159057127754e-06
62.33461872470201,2.6296405009589486e-06
62.38461872470201,2.6201733473596395e-06
62.434618724702005,2.6107572268797954e-06
62.484618724702,2.601391773382651e-06
62.534618724702,2.592076624009114e-06
62.584618724702,2.5828114191426214e-06
62.634618724701994,2.5735958023744263e-06
62.68461872470199,2.564429420469326e-06
62.73461872470199,2.555311923331811e-06
62.784618724701986,2.5462429639726343e-06
62.83461872470198,2.5372221984758054e-06
62.88461872470198,2.528249285965971e-06
62.93461872470198,2.5193238885762268e-06
62.984618724701974,2.5104456714163013e-06
63.03461872470197,2.5016143025411464e-06
63.08461872470197,2.4928294529199114e-06
63.134618724701966,2.4840907964052897e-06
63.18461872470196,2.4753980097032545e-06
63.23461872470196,2.466750772343151e-06
63.28461872470196,2.4581487666481614e-06
63.334618724701954,2.449591677706133e-06
63.38461872470195,2.441079193340746e-06
63.43461872470195,2.432611004083054e-06
63.484618724701946,2.424186803143345e-06
63.53461872470194,2.4158062863833624e-06
63.58461872470194,2.4074691522888536e-06
63.63461872470194,2.3991751019424453e-06
63.684618724701934,2.3909238389968563e-06
63.73461872470193,2.38271506964842e-06
63.78461872470193,2.374548502610933e-06
63.834618724701926,2.366423849089818e-06
63.88461872470192,2.3583408227565825e-06
63.93461872470192,2.3502991397236034e-06
63.98461872470192,2.342298518519189e-06
64.03461872470191,2.3343386800629595e-06
64.08461872470191,2.3264193476414986e-06
64.13461872470191,2.3185402468843126e-06
64.1846187247019,2.310701105740064e-06
64.2346187247019,2.3029016544530837e-06
64.2846187247019,2.2951416255401702e-06
64.3346187247019,2.28742075376765e-06
64.3846187247019,2.2797387761287164e-06
64.43461872470189,2.2720954318210344e-06
64.48461872470189,2.2644904622245967e-06
64.53461872470189,2.256923610879857e-06
64.58461872470188,2.2493946234661003e-06
64.63461872470188,2.241903247780077e-06
64.68461872470188,2.2344492337148826e-06
64.73461872470187,2.227032333239081e-06
64.78461872470187,2.219652300376073e-06
64.83461872470187,2.2123088911836996e-06
64.88461872470187,2.2050018637340834e-06
64.93461872470186,2.1977309780937078e-06
64.98461872470186,2.1904959963037125e-06
65.03461872470186,2.1832966823604315e-06
65.08461872470185,2.176132802196142e-06
65.13461872470185,2.1690041236600383e-06
65.18461872470185,2.161910416499431e-06
65.23461872470185,2.1548514523411446e-06
65.28461872470184,2.1478270046731453e-06
65.33461872470184,2.140836848826364e-06
65.38461872470184,2.1338807619567326e-06
65.43461872470183,2.1269585230274283e-06
65.48461872470183,2.1200699127913066e-06
65.53461872470183,2.1132147137735468e-06
65.58461872470183,2.1063927102544837e-06
65.63461872470182,2.0996036882526403e-06
65.68461872470182,2.092847435507944e-06
65.73461872470182,2.086123741465137e-06
65.78461872470182,2.0794323972573765e-06
65.83461872470181,2.072773195690004e-06
65.88461872470181,2.066145931224516e-06
65.9346187247018,2.059550399962696e-06
65.9846187247018,2.0529863996309353e-06
66.0346187247018,2.0464537295647253e-06
66.0846187247018,2.0399521906933163e-06
66.1346187247018,2.033481585524559e-06
66.18461872470179,2.0270417181298994e-06
66.23461872470179,2.020632394129551e-06
66.28461872470179,2.014253420677826e-06
66.33461872470178,2.0079046064486304e-06
66.38461872470178,2.001585761621116e-06
66.43461872470178,1.995296697865491e-06
66.48461872470178,1.9890372283289896e-06
66.53461872470177,1.9828071676219925e-06
66.58461872470177,1.9766063318042976e-06
66.63461872470177,1.9704345383715476e-06
66.68461872470176,1.964291606241795e-06
66.73461872470176,1.9581773557422235e-06
66.78461872470176,1.952091608596012e-06
66.83461872470176,1.946034187909332e-06
66.88461872470175,1.940004918158501e-06
66.93461872470175,1.934003625177261e-06
66.98461872470175,1.9280301361442045e-06
67.03461872470174,1.9220842795703315e-06
67.08461872470174,1.9161658852867395e-06
67.13461872470174,1.9102747844324516e-06
67.18461872470174,1.9044108094423677e-06
67.23461872470173,1.8985737940353532e-06
67.28461872470173,1.8927635732024464e-06
67.33461872470173,1.8869799831951994e-06
67.38461872470172,1.8812228615141428e-06
67.43461872470172,1.8754920468973654e-06
67.48461872470172,1.8697873793092284e-06
67.53461872470172,1.8641086999291869e-06
67.58461872470171,1.8584558511407382e-06
67.63461872470171,1.8528286765204864e-06
67.6846187247017,1.847227020827317e-06
67.7346187247017,1.8416507299916943e-06
67.7846187247017,1.8360996511050638e-06
67.8346187247017,1.8305736324093712e-06
67.8846187247017,1.8250725232866923e-06
67.93461872470169,1.8195961742489654e-06
67.98461872470169,1.81414443692784e-06
68.03461872470169,1.8087171640646243e-06
68.08461872470168,1.8033142095003423e-06
68.13461872470168,1.7979354281658952e-06
68.18461872470168,1.7925806760723186e-06
68.23461872470168,1.787249810301153e-06
68.28461872470167,1.7819426889949006e-06
68.33461872470167,1.7766591713475917e-06
68.38461872470167,1.7713991175954466e-06
68.43461872470166,1.766162389007627e-06
68.48461872470166,1.7609488478770956e-06
68.53461872470166,1.7557583575115573e-06
68.58461872470166,1.7505907822245019e-06
68.63461872470165,1.7454459873263376e-06
68.68461872470165,1.7403238391156112e-06
68.73461872470165,1.7352242048703251e-06
68.78461872470164,1.7301469528393364e-06
68.83461872470164,1.7250919522338508e-06
68.88461872470164,1.7200590732189959e-06
68.93461872470164,1.7150481869054862e-06
68.98461872470163,1.7100591653413737e-06
69.03461872470163,1.705091881503874e-06
69.08461872470163,1.7001462092912866e-06
69.13461872470162,1.6952220235149882e-06
69.18461872470162,1.6903191998915115e-06
69.23461872470162,1.6854376150347046e-06
69.28461872470162,1.680577146447964e-06
69.33461872470161,1.6757376725165552e-06
69.38461872470161,1.6709190725000011e-06
69.43461872470161,1.6661212265245511e-06
69.4846187247016,1.6613440155757298e-06
69.5346187247016,1.6565873214909517e-06
69.5846187247016,1.6518510269522169e-06
69.6346187247016,1.647135015478876e-06
69.6846187247016,1.6424391714204687e-06
69.73461872470159,1.6377633799496366e-06
69.78461872470159,1.633107527055097e-06
69.83461872470158,1.6284714995346995e-06
69.88461872470158,1.6238551849885407e-06
69.93461872470158,1.6192584718121529e-06
69.98461872470158,1.6146812491897598e-06
70.03461872470157,1.6101234070875948e-06
70.08461872470157,1.6055848362472917e-06
70.13461872470157,1.6010654281793325e-06
70.18461872470156,1.5965650751565685e-06
70.23461872470156,1.5920836702077984e-06
70.28461872470156,1.58762110711141e-06
70.33461872470156,1.5831772803890917e-06
70.38461872470155,1.578752085299591e-06
70.43461872470155,1.5743454178325506e-06
70.48461872470155,1.5699571747023922e-06
70.53461872470155,1.5655872533422643e-06
70.58461872470154,1.5612355518980526e-06
70.63461872470154,1.5569019692224399e-06
70.68461872470154,1.5525864048690323e-06
70.73461872470153,1.5482887590865376e-06
70.78461872470153,1.544008932812999e-06
70.83461872470153,1.5397468276700913e-06
70.88461872470153,1.5355023459574616e-06
70.93461872470152,1.5312753906471363e-06
70.98461872470152,1.5270658653779697e-06
71.03461872470152,1.522873674450157e-06
71.08461872470151,1.5186987228197938e-06
71.13461872470151,1.5145409160934877e-06
71.18461872470151,1.5104001605230248e-06
71.2346187247015,1.5062763630000834e-06
71.2846187247015,1.502169431051001e-06
71.3346187247015,1.4980792728315906e-06
71.3846187247015,1.4940057971220032e-06
71.4346187247015,1.4899489133216457e-06
71.48461872470149,1.4859085314441402e-06
71.53461872470149,1.4818845621123338e-06
71.58461872470149,1.4778769165533596e-06
71.63461872470148,1.4738855065937338e-06
71.68461872470148,1.469910244654514e-06
71.73461872470148,1.4659510437464876e-06
71.78461872470147,1.4620078174654182e-06
71.83461872470147,1.4580804799873288e-06
71.88461872470147,1.4541689460638318e-06
71.93461872470147,1.4502731310175054e-06
71.98461872470146,1.446392950737307e-06
72.03461872470146,1.442528321674037e-06
72.08461872470146,1.4386791608358378e-06
72.13461872470145,1.4348453857837414e-06
72.18461872470145,1.431026914627253e-06
72.23461872470145,1.4272236660199791e-06
72.28461872470145,1.423435559155295e-06
72.33461872470144,1.4196625137620518e-06
72.38461872470144,1.4159044501003244e-06
72.43461872470144,1.4121612889571997e-06
72.48461872470143,1.4084329516425994e-06
72.53461872470143,1.404719359985148e-06
72.58461872470143,1.4010204363280724e-06
72.63461872470143,1.397336103525143e-06
72.68461872470142,1.3936662849366522e-06
72.73461872470142,1.3900109044254267e-06
72.78461872470142,1.3863698863528807e-06
72.83461872470141,1.3827431555751022e-06
72.88461872470141,1.3791306374389741e-06
72.93461872470141,1.375532257778336e-06
72.9846187247014,1.3719479429101744e-06
73.0346187247014,1.3683776196308531e-06
73.0846187247014,1.364821215212373e-06
73.1346187247014,1.36127865739867e-06
73.1846187247014,1.357749874401946e-06
73.23461872470139,1.3542347948990292e-06
73.28461872470139,1.3507333480277726e-06
73.33461872470139,1.347245463383481e-06
73.38461872470138,1.3437710710153727e-06
73.43461872470138,1.3403101014230722e-06
73.48461872470138,1.3368624855531344e-06
73.53461872470137,1.3334281547956001e-06
73.58461872470137,1.3300070409805824e-06
73.63461872470137,1.326599076374884e-06
73.68461872470137,1.323204193678646e-06
73.73461872470136,1.3198223260220213e-06
