33.33461872470366,3.103913144942494e-07
33.38461872470366,3.111753044562392e-07
33.434618724703654,3.119622684799181e-07
33.48461872470365,3.127522216270602e-07
33.53461872470365,3.135451790549087e-07
33.584618724703645,3.1434115601690255e-07
33.63461872470364,3.1514016786340967e-07
33.68461872470364,3.1594223004246764e-07
33.73461872470364,3.167473581005301e-07
33.784618724703634,3.1755556768321975e-07
33.83461872470363,3.1836687453608916e-07
33.88461872470363,3.191812945053871e-07
33.934618724703626,3.1999884353883217e-07
33.98461872470362,3.208195376863942e-07
34.03461872470362,3.216433931010814e-07
34.08461872470362,3.224704260397351e-07
34.134618724703614,3.233006528638323e-07
34.18461872470361,3.2413409004029425e-07
34.23461872470361,3.249707541423034e-07
34.284618724703606,3.2581066185012694e-07
34.3346187247036,3.2665382995194846e-07
34.3846187247036,3.27500275344707e-07
34.4346187247036,3.2835001503494276e-07
34.484618724703594,3.2920306613965235e-07
34.53461872470359,3.3005944588715036e-07
34.58461872470359,3.3091917161793876e-07
34.634618724703586,3.317822607855856e-07
34.68461872470358,3.3264873095761014e-07
34.73461872470358,3.3351859981637675e-07
34.78461872470358,3.3439188515999767e-07
34.834618724703574,3.3526860490324293e-07
34.88461872470357,3.3614877707845893e-07
34.93461872470357,3.3703241983649616e-07
34.984618724703566,3.3791955144764464e-07
35.03461872470356,3.3881019030257854e-07
35.08461872470356,3.397043549133087e-07
35.13461872470356,3.4060206391414536e-07
35.184618724703554,3.4150333606266875e-07
35.23461872470355,3.424081902407083e-07
35.28461872470355,3.4331664545533255e-07
35.334618724703546,3.442287208398468e-07
35.38461872470354,3.4514443565480006e-07
35.43461872470354,3.4606380928900305e-07
35.48461872470354,3.469868612605535e-07
35.534618724703535,3.479136112178721e-07
35.58461872470353,3.488440789407489e-07
35.63461872470353,3.497782843413981e-07
35.684618724703526,3.50716247465523e-07
35.73461872470352,3.516579884933923e-07
35.78461872470352,3.526035277409249e-07
35.83461872470352,3.535528856607854e-07
35.884618724703515,3.545060828434906e-07
35.93461872470351,3.5546314001852587e-07
35.98461872470351,3.5642407805547175e-07
36.034618724703506,3.573889179651421e-07
36.0846187247035,3.5835768090073223e-07
36.1346187247035,3.5933038815897904e-07
36.1846187247035,3.6030706118133007e-07
36.234618724703495,3.6128772155512657e-07
36.28461872470349,3.6227239101479557e-07
36.33461872470349,3.632610914430539e-07
36.384618724703486,3.6425384487212473e-07
36.43461872470348,3.6525067348496445e-07
36.48461872470348,3.662515996165017e-07
36.53461872470348,3.6725664575488897e-07
36.584618724703475,3.682658345427655e-07
36.63461872470347,3.69279188778532e-07
36.68461872470347,3.7029673141763936e-07
36.734618724703466,3.713184855738876e-07
36.78461872470346,3.723444745207393e-07
36.83461872470346,3.733747216926439e-07
36.88461872470346,3.744092506863768e-07
36.934618724703455,3.754480852623903e-07
36.98461872470345,3.764912493461771e-07
37.03461872470345,3.7753876702964907e-07
37.084618724703446,3.785906625725275e-07
37.134618724703444,3.796469604037474e-07
37.18461872470344,3.807076851228768e-07
37.23461872470344,3.8177286150154823e-07
37.284618724703435,3.8284251448490494e-07
37.33461872470343,3.839166691930618e-07
37.38461872470343,3.8499535092257996e-07
37.43461872470343,3.8607858514795546e-07
37.484618724703424,3.8716639752312463e-07
37.53461872470342,3.882588138829819e-07
37.58461872470342,3.893558602449142e-07
37.634618724703415,3.904575628103493e-07
37.68461872470341,3.915639479663214e-07
37.73461872470341,3.926750422870507e-07
37.78461872470341,3.9379087253553803e-07
37.834618724703404,3.949114656651783e-07
37.8846187247034,3.960368488213869e-07
37.9346187247034,3.971670493432436e-07
37.984618724703395,3.9830209476515365e-07
38.03461872470339,3.9944201281852455e-07
38.08461872470339,4.0058683143345906e-07
38.13461872470339,4.017365787404673e-07
38.184618724703384,4.028912830721939e-07
38.23461872470338,4.040509729651637e-07
38.28461872470338,4.0521567716154497e-07
38.334618724703375,4.0638542461093003e-07
38.38461872470337,4.075602444721346e-07
38.43461872470337,4.087401661150139e-07
38.48461872470337,4.099252191222997e-07
38.534618724703364,4.111154332914534e-07
38.58461872470336,4.1231083863653905e-07
38.63461872470336,4.1351146539011666e-07
38.684618724703355,4.147173440051526e-07
38.73461872470335,4.159285051569508e-07
38.78461872470335,4.171449797451039e-07
38.83461872470335,4.183667988954642e-07
38.884618724703344,4.195939939621336e-07
38.93461872470334,4.2082659652947625e-07
38.98461872470334,4.220646384141506e-07
39.034618724703336,4.2330815166716165e-07
39.08461872470333,4.245571685759364e-07
39.13461872470333,4.258117216664191e-07
39.18461872470333,4.2707184370518906e-07
39.234618724703324,4.283375677015994e-07
39.28461872470332,4.2960892690993993e-07
39.33461872470332,4.3088595483162066e-07
39.384618724703316,4.321686852173783e-07
39.43461872470331,4.3345715206950743e-07
39.48461872470331,4.347513896441131e-07
39.53461872470331,4.360514324533871e-07
39.584618724703304,4.3735731526791006e-07
39.6346187247033,4.3866907311897543e-07
39.6846187247033,4.399867413009388e-07
39.734618724703296,4.4131035537359245e-07
39.78461872470329,4.4263995116456413e-07
39.83461872470329,4.4397556477174134e-07
39.88461872470329,4.4531723256572175e-07
39.934618724703284,4.466649911922892e-07
39.98461872470328,4.48018877574916e-07
40.03461872470328,4.493789289172912e-07
40.084618724703276,4.507451827058774e-07
40.13461872470327,4.5211767671249324e-07
40.18461872470327,4.5349644899692364e-07
40.23461872470327,4.548815379095591e-07
40.284618724703265,4.56272982094062e-07
40.33461872470326,4.576708204900617e-07
40.38461872470326,4.590750923358796e-07
40.434618724703256,4.604858371712822e-07
40.48461872470325,4.6190309484026386e-07
40.53461872470325,4.633269054938615e-07
40.58461872470325,4.6475730959299683e-07
40.634618724703245,4.661943479113517e-07
40.68461872470324,4.676380615382732e-07
40.73461872470324,4.690884918817113e-07
40.784618724703236,4.7054568067118747e-07
40.83461872470323,4.720096699607961e-07
40.88461872470323,4.7348050213223936e-07
40.93461872470323,4.749582198978935e-07
40.984618724703225,4.764428663039102e-07
41.03461872470322,4.779344847333517e-07
41.08461872470322,4.794331189093591e-07
41.134618724703216,4.809388128983576e-07
41.18461872470321,4.82451611113295e-07
41.23461872470321,4.839715583169165e-07
41.28461872470321,4.854986996250773e-07
41.334618724703205,4.87033080510089e-07
41.3846187247032,4.885747468041047e-07
41.4346187247032,4.901237447025431e-07
41.484618724703196,4.916801207675466e-07
41.53461872470319,4.932439219314822e-07
41.58461872470319,4.94815195500479e-07
41.63461872470319,4.96393989158005e-07
41.684618724703185,4.979803509684866e-07
41.73461872470318,4.995743293809645e-07
41.78461872470318,5.011759732327941e-07
41.834618724703176,5.027853317533867e-07
41.884618724703174,5.044024545679908e-07
41.93461872470317,5.060273917015189e-07
41.98461872470317,5.07660193582416e-07
42.034618724703165,5.093009110465713e-07
42.08461872470316,5.109495953412762e-07
42.13461872470316,5.126062981292249e-07
42.18461872470316,5.142710714925618e-07
42.234618724703154,5.159439679369755e-07
42.28461872470315,5.176250403958379e-07
42.33461872470315,5.193143422343918e-07
42.384618724703145,5.210119272539859e-07
42.43461872470314,5.227178496963583e-07
42.48461872470314,5.2443216424797e-07
42.53461872470314,5.261549260443864e-07
42.584618724703134,5.278861906747117e-07
42.63461872470313,5.296260141860721e-07
42.68461872470313,5.313744530881523e-07
42.734618724703125,5.331315643577844e-07
42.78461872470312,5.348974054435887e-07
42.83461872470312,5.366720342706702e-07
42.88461872470312,5.384555092453689e-07
42.934618724703114,5.402478892600645e-07
42.98461872470311,5.420492336980389e-07
43.03461872470311,5.438596024383948e-07
43.084618724703105,5.456790558610308e-07
43.1346187247031,5.475076548516772e-07
43.1846187247031,5.493454608069885e-07
43.2346187247031,5.511925356396975e-07
43.284618724703094,5.530489417838297e-07
43.33461872470309,5.549147421999786e-07
43.38461872470309,5.567900003806444e-07
43.434618724703085,5.586747803556356e-07
43.48461872470308,5.60569146697534e-07
43.53461872470308,5.624731645272264e-07
43.58461872470308,5.643868995194997e-07
43.634618724703074,5.663104179087046e-07
43.68461872470307,5.682437864944876e-07
43.73461872470307,5.701870726475883e-07
43.784618724703066,5.7214034431571e-07
43.83461872470306,5.741036700294589e-07
43.88461872470306,5.760771189083544e-07
43.93461872470306,5.780607606669134e-07
43.984618724703054,5.800546656208062e-07
44.03461872470305,5.820589046930881e-07
44.08461872470305,5.840735494205068e-07
44.134618724703046,5.860986719598843e-07
44.18461872470304,5.881343450945791e-07
44.23461872470304,5.901806422410251e-07
44.28461872470304,5.922376374553509e-07
44.334618724703034,5.943054054400805e-07
44.38461872470303,5.963840215509146e-07
44.43461872470303,5.98473561803597e-07
44.484618724703026,6.005741028808639e-07
44.53461872470302,6.026857221394785e-07
44.58461872470302,6.048084976173543e-07
44.63461872470302,6.069425080407641e-07
44.684618724703014,6.090878328316391e-07
44.73461872470301,6.112445521149592e-07
44.78461872470301,6.134127467262333e-07
44.834618724703006,6.155924982190742e-07
44.884618724703,6.177838888728677e-07
44.934618724703,6.199870017005361e-07
44.984618724703,6.222019204564002e-07
45.034618724702995,6.2442872964414e-07
45.08461872470299,6.266675145248532e-07
45.13461872470299,6.289183611252171e-07
45.184618724702986,6.31181356245753e-07
45.23461872470298,6.334565874691933e-07
45.28461872470298,6.357441431689569e-07
45.33461872470298,6.380441125177289e-07
45.384618724702975,6.40356585496152e-07
45.43461872470297,6.426816529016269e-07
45.48461872470297,6.450194063572242e-07
45.534618724702966,6.473699383207109e-07
45.58461872470296,6.49733342093693e-07
45.63461872470296,6.521097118308722e-07
45.68461872470296,6.544991425494258e-07
45.734618724702955,6.569017301385019e-07
45.78461872470295,6.593175713688411e-07
45.83461872470295,6.617467639025208e-07
45.884618724702946,6.641894063028235e-07
45.93461872470294,6.666455980442365e-07
45.98461872470294,6.691154395225787e-07
46.03461872470294,6.715990320652587e-07
46.084618724702935,6.740964779416684e-07
46.13461872470293,6.766078803737104e-07
46.18461872470293,6.791333435464632e-07
46.234618724702926,6.816729726189876e-07
46.28461872470292,6.842268737352718e-07
46.33461872470292,6.867951540353233e-07
46.38461872470292,6.893779216664047e-07
46.434618724702915,6.919752857944187e-07
46.48461872470291,6.945873566154436e-07
46.53461872470291,6.972142453674202e-07
46.584618724702906,6.998560643419952e-07
46.634618724702904,7.025129268965218e-07
46.6846187247029,7.05184947466219e-07
46.7346187247029,7.078722415764929e-07
46.784618724702895,7.105749258554257e-07
46.83461872470289,7.132931180464272e-07
46.88461872470289,7.160269370210603e-07
46.93461872470289,7.187765027920358e-07
46.984618724702884,7.215419365263835e-07
47.03461872470288,7.243233605588021e-07
47.08461872470288,7.271208984051864e-07
47.134618724702875,7.29934674776341e-07
47.18461872470287,7.327648155918793e-07
47.23461872470287,7.356114479943083e-07
47.28461872470287,7.384747003633113e-07
47.334618724702864,7.413547023302193e-07
47.38461872470286,7.442515847926845e-07
47.43461872470286,7.471654799295539e-07
47.484618724702855,7.500965212159453e-07
47.53461872470285,7.530448434385333e-07
47.58461872470285,7.560105827110441e-07
47.63461872470285,7.589938764899659e-07
47.684618724702844,7.619948635904744e-07
47.73461872470284,7.650136842025819e-07
47.78461872470284,7.680504799075083e-07
47.834618724702835,7.71105393694282e-07
47.88461872470283,7.741785699765708e-07
47.93461872470283,7.772701546097482e-07
47.98461872470283,7.80380294908201e-07
48.034618724702824,7.835091396628753e-07
48.08461872470282,7.866568391590743e-07
48.13461872470282,7.898235451945026e-07
48.184618724702815,7.930094110975675e-07
48.23461872470281,7.9621459174594e-07
48.28461872470281,7.994392435853749e-07
48.33461872470281,8.026835246488029e-07
48.384618724702804,8.05947594575693e-07
48.4346187247028,8.092316146316871e-07
48.4846187247028,8.12535747728523e-07
48.534618724702796,8.158601584442345e-07
48.58461872470279,8.19205013043646e-07
48.63461872470279,8.225704794991629e-07
48.68461872470279,8.259567275118561e-07
48.734618724702784,8.293639285328564e-07
48.78461872470278,8.327922557850563e-07
48.83461872470278,8.362418842851246e-07
48.884618724702776,8.39712990865845e-07
48.93461872470277,8.432057541987756e-07
48.98461872470277,8.467203548172411e-07
49.03461872470277,8.502569751396622e-07
49.084618724702764,8.538157994932239e-07
49.13461872470276,8.573970141378927e-07
49.18461872470276,8.610008072907888e-07
49.234618724702756,8.646273691509135e-07
49.28461872470275,8.682768919242467e-07
49.33461872470275,8.719495698492116e-07
49.38461872470275,8.756455992225198e-07
49.434618724702744,8.793651784254011e-07
49.48461872470274,8.831085079502205e-07
49.53461872470274,8.868757904274968e-07
49.584618724702736,8.906672306533233e-07
49.63461872470273,8.944830356171997e-07
49.68461872470273,8.98323414530283e-07
49.73461872470273,9.021885788540625e-07
49.784618724702725,9.060787423294688e-07
49.83461872470272,9.099941210064232e-07
49.88461872470272,9.139349332738332e-07
49.934618724702716,9.179013998900452e-07
49.98461872470271,9.218937440137613e-07
50.03461872470271,9.259121912354246e-07
50.08461872470271,9.299569696090884e-07
50.134618724702705,9.340283096847714e-07
50.1846187247027,9.381264445413091e-07
50.2346187247027,9.422516098197135e-07
50.284618724702696,9.464040437570437e-07
50.33461872470269,9.505839872208035e-07
50.38461872470269,9.5479168374387e-07
50.43461872470269,9.590273795599643e-07
50.484618724702685,9.63291323639675e-07
50.53461872470268,9.675837677270439e-07
50.58461872470268,9.719049663767208e-07
50.634618724702676,9.762551769917059e-07
50.68461872470267,9.806346598616771e-07
50.73461872470267,9.850436782019269e-07
50.78461872470267,9.894824981929116e-07
50.834618724702665,9.939513890204227e-07
50.88461872470266,9.984506229163987e-07
50.93461872470266,1.0029804752003836e-06
50.984618724702656,1.0075412243216425e-06
51.03461872470265,1.0121331519019549e-06
51.08461872470265,1.0167565427790845e-06
51.13461872470265,1.0214116850509524e-06
51.184618724702645,1.0260988701205166e-06
51.23461872470264,1.0308183927413723e-06
51.28461872470264,1.0355705510640925e-06
51.334618724702636,1.0403556466833136e-06
51.384618724702634,1.0451739846855862e-06
51.43461872470263,1.0500258736980043e-06
51.48461872470263,1.0549116259376233e-06
51.534618724702625,1.0598315572616875e-06
51.58461872470262,1.0647859872186796e-06
51.63461872470262,1.0697752391002038e-06
51.68461872470262,1.074799639993725e-06
51.734618724702614,1.0798595208361775e-06
51.78461872470261,1.0849552164684543e-06
51.83461872470261,1.0900870656908057e-06
51.884618724702605,1.095255411319149e-06
51.9346187247026,1.1004606002423212e-06
51.9846187247026,1.105702983480285e-06
52.0346187247026,1.1109829162433035e-06
52.084618724702594,1.1163007579921103e-06
52.13461872470259,1.1216568724990907e-06
52.18461872470259,1.127051627910488e-06
52.234618724702585,1.1324853968096645e-06
52.28461872470258,1.137958556281429e-06
52.33461872470258,1.143471487977456e-06
52.38461872470258,1.14902457818282e-06
52.434618724702574,1.1546182178836555e-06
52.48461872470257,1.1602528028359817e-06
52.53461872470257,1.1659287336356996e-06
52.584618724702565,1.1716464157897914e-06
52.63461872470256,1.1774062597887483e-06
52.68461872470256,1.1832086811802414e-06
52.73461872470256,1.1890541006440717e-06
52.784618724702554,1.1949429440684182e-06
52.83461872470255,1.2008756426274072e-06
52.88461872470255,1.2068526328600382e-06
52.934618724702545,1.2128743567504843e-06
52.98461872470254,1.2189412618097982e-06
53.03461872470254,1.2250538011590562e-06
53.08461872470254,1.2312124336139592e-06
53.134618724702534,1.2374176237709305e-06
53.18461872470253,1.2436698420947353e-06
53.23461872470253,1.2499695650076497e-06
53.284618724702526,1.2563172749802205e-06
53.33461872470252,1.2627134606236387e-06
53.38461872470252,1.269158616783761e-06
53.43461872470252,1.2756532446368213e-06
53.484618724702514,1.2821978517868543e-06
53.53461872470251,1.2887929523648759e-06
53.58461872470251,1.295439067129856e-06
53.634618724702506,1.3021367235715119e-06
53.6846187247025,1.3088864560149722e-06
53.7346187247025,1.3156888057273437e-06
53.7846187247025,1.322544321026216e-06
53.834618724702494,1.3294535573901602e-06
53.88461872470249,1.336417077571242e-06
53.93461872470249,1.3434354517096093e-06
53.984618724702486,1.3505092574501934e-06
54.03461872470248,1.3576390800615581e-06
54.08461872470248,1.3648255125569575e-06
54.13461872470248,1.3720691558176422e-06
54.184618724702474,1.3793706187184563e-06
54.23461872470247,1.3867305182557874e-06
54.28461872470247,1.3941494796779048e-06
54.334618724702466,1.4016281366177494e-06
54.38461872470246,1.4091671312282249e-06
54.43461872470246,1.4167671143200339e-06
54.48461872470246,1.4244287455021333e-06
54.534618724702455,1.4321526933248488e-06
54.58461872470245,1.4399396354257137e-06
54.63461872470245,1.4477902586780905e-06
54.684618724702446,1.4557052593426386e-06
54.73461872470244,1.463685343221683e-06
54.78461872470244,1.4717312258165587e-06
54.83461872470244,1.4798436324879832e-06
54.884618724702435,1.4880232986195381e-06
54.93461872470243,1.4962709697843197e-06
54.98461872470243,1.5045874019148283e-06
55.034618724702426,1.5129733614761742e-06
55.08461872470242,1.5214296256426733e-06
55.13461872470242,1.5299569824779013e-06
55.18461872470242,1.5385562311182961e-06
55.234618724702415,1.5472281819603762e-06
55.28461872470241,1.555973656851664e-06
55.33461872470241,1.5647934892854033e-06
55.384618724702406,1.5736885245991373e-06
55.4346187247024,1.58265962017726e-06
55.4846187247024,1.5917076456576167e-06
55.5346187247024,1.6008334831422454e-06
55.584618724702395,1.6100380274123676e-06
55.63461872470239,1.6193221861477078e-06
55.68461872470239,1.6286868801502594e-06
55.734618724702386,1.6381330435725915e-06
55.78461872470238,1.6476616241507975e-06
55.83461872470238,1.6572735834422069e-06
55.88461872470238,1.666969897067962e-06
55.934618724702375,1.676751554960571e-06
55.98461872470237,1.6866195616165705e-06
56.03461872470237,1.696574936354395e-06
56.084618724702366,1.7066187135775968e-06
56.134618724702364,1.7167519430435376e-06
56.18461872470236,1.7269756901376685e-06
56.23461872470236,1.7372910361535575e-06
56.284618724702355,1.7476990785787787e-06
56.33461872470235,1.7582009313868163e-06
56.38461872470235,1.7687977253351273e-06
56.43461872470235,1.779490608269507e-06
56.484618724702344,1.7902807454349145e-06
56.53461872470234,1.8011693197929181e-06
56.58461872470234,1.8121575323459104e-06
56.634618724702335,1.8232466024682708e-06
56.68461872470233,1.8344377682446466e-06
56.73461872470233,1.8457322868155106e-06
56.78461872470233,1.857131434730203e-06
56.834618724702324,1.8686365083076098e-06
56.88461872470232,1.8802488240047043e-06
56.93461872470232,1.8919697187931107e-06
56.984618724702315,1.9038005505439228e-06
57.03461872470231,1.91574269842096e-06
57.08461872470231,1.9277975632826898e-06
57.13461872470231,1.9399665680930245e-06
57.184618724702304,1.9522511583412264e-06
57.2346187247023,1.964652802471145e-06
57.2846187247023,1.9771729923200257e-06
57.334618724702295,1.9898132435671384e-06
57.38461872470229,2.0025750961924776e-06
57.43461872470229,2.015460114945786e-06
57.48461872470229,2.0284698898261757e-06
57.534618724702284,2.0416060365726217e-06
57.58461872470228,2.0548701971656036e-06
57.63461872470228,2.0682640403401906e-06
57.684618724702275,2.0817892621108736e-06
57.73461872470227,2.095447586308437e-06
57.78461872470227,2.109240765129211e-06
57.83461872470227,2.1231705796970085e-06
57.884618724702264,2.1372388406380952e-06
57.93461872470226,2.1514473886695374e-06
57.98461872470226,2.165798095201283e-06
58.034618724702256,2.180292862952346e-06
58.08461872470225,2.1949336265814663e-06
58.13461872470225,2.209722353332643e-06
58.18461872470225,2.2246610436959433e-06
58.234618724702244,2.239751732083991e-06
58.28461872470224,2.2549964875245735e-06
58.33461872470224,2.2703974143698015e-06
58.384618724702236,2.2859566530222774e-06
58.43461872470223,2.3016763806787358e-06
58.48461872470223,2.3175588120916474e-06
58.53461872470223,2.333606200349268e-06
58.584618724702224,2.349820837674669e-06
58.63461872470222,2.3662050562442513e-06
58.68461872470222,2.3827612290263103e-06
58.734618724702216,2.3994917706401986e-06
58.78461872470221,2.416399138236685e-06
58.83461872470221,2.433485832400087e-06
58.88461872470221,2.4507543980728125e-06
58.934618724702204,2.468207425502941e-06
58.9846187247022,2.485847551215508e-06
59.0346187247022,2.5036774590081615e-06
59.084618724702196,2.52169988097191e-06
59.13461872470219,2.5399175985376645e-06
59.18461872470219,2.558333443549347e-06
59.23461872470219,2.5769502993643198e-06
59.284618724702185,2.595771101981939e-06
59.33461872470218,2.61479884120106e-06
59.38461872470218,2.63403656180735e-06
59.434618724702176,2.653487364791271e-06
59.48461872470217,2.6731544085976646e-06
59.53461872470217,2.6930409104078615e-06
59.58461872470217,2.7131501474552982e-06
59.634618724702165,2.7334854583756377e-06
59.68461872470216,2.7540502445924343e-06
59.73461872470216,2.774847971739424e-06
59.784618724702156,2.795882171120535e-06
59.83461872470215,2.8171564412087794e-06
59.88461872470215,2.8386744491852097e-06
59.93461872470215,2.8604399325191683e-06
59.984618724702145,2.8824567005911002e-06
60.03461872470214,2.9047286363592453e-06
60.08461872470214,2.9272596980715692e-06
60.134618724702136,2.950053921024349e-06
60.18461872470213,2.9731154193688635e-06
60.23461872470213,2.996448387967699e-06
60.28461872470213,3.020057104302236e-06
60.334618724702125,3.043945930432946e-06
60.38461872470212,3.0681193150141516e-06
60.43461872470212,3.0925817953650093e-06
60.484618724702116,3.117337999598501e-06
60.53461872470211,3.142392648810311e-06
60.58461872470211,3.1677505593295054e-06
60.63461872470211,3.1934166450330338e-06
60.684618724702105,3.219395919726107e-06
60.7346187247021,3.2456934995906347e-06
60.7846187247021,3.272314605703926e-06
60.834618724702096,3.299264566629977e-06
60.884618724702094,3.326548821085751e-06
60.93461872470209,3.3541729206849443e-06
60.98461872470209,3.3821425327618006e-06
61.034618724702085,3.410463443277686e-06
61.08461872470208,3.4391415598131727e-06
61.13461872470208,3.468182914648555e-06
61.18461872470208,3.4975936679357696e-06
61.234618724702074,3.5273801109648425e-06
61.28461872470207,3.5575486695280934e-06
61.33461872470207,3.5881059073854677e-06
61.384618724702065,3.619058529834463e-06
61.43461872470206,3.6504133873882924e-06
61.48461872470206,3.682177479566038e-06
61.53461872470206,3.7143579587987242e-06
61.584618724702054,3.7469621344553598e-06
61.63461872470205,3.7799974769931986e-06
61.68461872470205,3.8134716222365977e-06
61.734618724702045,3.847392375789071e-06
61.78461872470204,3.881767717583274e-06
61.83461872470204,3.916605806573883e-06
61.88461872470204,3.951914985578517e-06
61.934618724702034,3.987703786272074e-06
61.98461872470203,4.0239809343400325e-06
62.03461872470203,4.06075535479657e-06
62.084618724702025,4.098036177473511e-06
62.13461872470202,4.135832742686433e-06
62.18461872470202,4.174154607084476e-06
62.23461872470202,4.213011549690707e-06
62.284618724702014,4.252413578140149e-06
62.33461872470201,4.292370935122934e-06
62.38461872470201,4.332894105040277e-06
62.434618724702005,4.373993820881392e-06
62.484618724702,4.41568107132973e-06
62.534618724702,4.4579671081073555e-06
62.584618724702,4.500863453566589e-06
62.634618724701994,4.544381908538512e-06
62.68461872470199,4.588534560448279e-06
62.73461872470199,4.633333791707686e-06
62.784618724701986,4.678792288395851e-06
62.83461872470198,4.724923049239363e-06
62.88461872470198,4.771739394903785e-06
62.93461872470198,4.819254977608897e-06
62.984618724701974,4.867483791080623e-06
63.03461872470197,4.916440180853206e-06
63.08461872470197,4.966138854935761e-06
63.134618724701966,5.016594894858047e-06
63.18461872470196,5.067823767110896e-06
63.23461872470196,5.119841334997543e-06
63.28461872470196,5.172663870912761e-06
63.334618724701954,5.226308069067598e-06
63.38461872470195,5.28079105867824e-06
63.43461872470195,5.336130417638468e-06
63.484618724701946,5.3923441866960815e-06
63.53461872470194,5.449450884154639e-06
63.58461872470194,5.507469521122848e-06
63.63461872470194,5.566419617335079e-06
63.684618724701934,5.626321217567538e-06
63.73461872470193,5.687194908675926e-06
63.78461872470193,5.749061837281543e-06
63.834618724701926,5.811943728134268e-06
63.88461872470192,5.875862903182109e-06
63.93461872470192,5.940842301378651e-06
63.98461872470192,6.006905499261117e-06
64.03461872470191,6.074076732333573e-06
64.08461872470191,6.142380917291429e-06
64.13461872470191,6.211843675125316e-06
64.1846187247019,6.282491355144284e-06
64.2346187247019,6.354351059960405e-06
64.2846187247019,6.427450671478972e-06
64.3346187247019,6.501818877940829e-06
64.3846187247019,6.577485202065788e-06
64.43461872470189,6.654480030348647e-06
64.48461872470189,6.732834643562123e-06
64.53461872470189,6.812581248523771e-06
64.58461872470188,6.893753011187193e-06
64.63461872470188,6.97638409112092e-06
64.68461872470188,7.060509677441949e-06
64.73461872470187,7.1461660262744155e-06
64.78461872470187,7.233390499807885e-06
64.83461872470187,7.322221607033752e-06
64.88461872470187,7.41269904624271e-06
64.93461872470186,7.50486374937078e-06
64.98461872470186,7.598757928286371e-06
65.03461872470186,7.694425123116097e-06
65.08461872470185,7.791910252712591e-06
65.13461872470185,7.891259667373512e-06
65.18461872470185,7.992521203927227e-06
65.23461872470185,8.095744243307398e-06
65.28461872470184,8.200979770745747e-06
65.33461872470184,8.308280438720024e-06
65.38461872470184,8.417700632802176e-06
65.43461872470183,8.529296540560481e-06
65.48461872470183,8.643126223678526e-06
65.53461872470183,8.75924969346386e-06
65.58461872470183,8.877728989929563e-06
65.63461872470182,8.998628264643292e-06
65.68461872470182,9.122013867550248e-06
65.73461872470182,9.247954437989466e-06
65.78461872470182,9.376521000136384e-06
65.83461872470181,9.507787063119474e-06
65.88461872470181,9.641828726074275e-06
65.9346187247018,9.77872478841513e-06
65.9846187247018,9.918556865622794e-06
66.0346187247018,1.0061409510865538e-05
66.0846187247018,1.0207370342791984e-05
66.1346187247018,1.0356530179856195e-05
66.18461872470179,1.0508983181559367e-05
66.23461872470179,1.0664826997018124e-05
66.28461872470179,1.0824162921296942e-05
66.33461872470178,1.0987096059971853e-05
66.38461872470178,1.1153735502424408e-05
66.43461872470178,1.1324194504399232e-05
66.48461872470178,1.149859068039532e-05
66.53461872470177,1.1677046206501135e-05
66.58461872470177,1.1859688034326328e-05
66.63461872470177,1.2046648116729365e-05
66.68461872470176,1.2238063646090013e-05
66.73461872470176,1.2434077305929895e-05
66.78461872470176,1.2634837536742335e-05
66.83461872470176,1.284049881695598e-05
66.88461872470175,1.305122196002462e-05
66.93461872470175,1.3267174428709785e-05
66.98461872470175,1.3488530667702313e-05
67.03461872470174,1.3715472455816159e-05
67.08461872470174,1.394818927908137e-05
67.13461872470174,1.4186878726165684e-05
67.18461872470174,1.4431746907664608e-05
67.23461872470173,1.4683008900920846e-05
67.28461872470173,1.494088922216459e-05
67.33461872470173,1.5205622327909253e-05
67.38461872470172,1.5477453147692416e-05
67.43461872470172,1.5756637650421308e-05
67.48461872470172,1.6043443446766912e-05
67.53461872470172,1.6338150430252627e-05
67.58461872470171,1.6641051459903798e-05
67.63461872470171,1.6952453087565604e-05
67.6846187247017,1.7272676333260386e-05
67.7346187247017,1.760205751224469e-05
67.7846187247017,1.7940949117742608e-05
67.8346187247017,1.828972076367977e-05
67.8846187247017,1.8648760192123458e-05
67.93461872470169,1.9018474350553814e-05
67.98461872470169,1.9399290544551836e-05
68.03461872470169,1.9791657671997957e-05
68.08461872470168,2.0196047545433913e-05
68.13461872470168,2.0612956309858103e-05
68.18461872470168,2.104290596390555e-05
68.23461872470168,2.148644599311687e-05
68.28461872470167,2.194415512483324e-05
68.33461872470167,2.2416643215177345e-05
68.38461872470167,2.2904553279602437e-05
68.43461872470166,2.3408563679627145e-05
68.48461872470166,2.392939047963409e-05
68.53461872470166,2.4467789989013636e-05
68.58461872470166,2.5024561506494892e-05
68.63461872470165,2.5600550285248354e-05
68.68461872470165,2.6196650739286744e-05
68.73461872470165,2.681380991386338e-05
68.78461872470164,2.74530312449966e-05
68.83461872470164,2.8115378635971766e-05
68.88461872470164,2.880198088172592e-05
68.93461872470164,2.951403647545103e-05
68.98461872470163,3.02528188356106e-05
69.03461872470163,3.1019681995910547e-05
69.08461872470163,3.1816066805668875e-05
69.13461872470162,3.264350769356701e-05
69.18461872470162,3.350364005403225e-05
69.23461872470162,3.439820832260118e-05
69.28461872470162,3.5329074814672476e-05
69.33461872470161,3.6298229411217444e-05
69.38461872470161,3.7307800185446875e-05
69.43461872470161,3.836006507632883e-05
69.4846187247016,3.9457464728443945e-05
69.5346187247016,4.060261663322219e-05
69.5846187247016,4.179833072444542e-05
69.6346187247016,4.304762660139604e-05
69.6846187247016,4.4353752576626634e-05
69.73461872470159,4.572020677253952e-05
69.78461872470159,4.7150760522420126e-05
69.83461872470158,4.864948436800191e-05
69.88461872470158,5.022077698793196e-05
69.93461872470158,5.1869397440710016e-05
69.98461872470158,5.3600501163050365e-05
70.03461872470157,5.5419680231682965e-05
70.08461872470157,5.733300847520016e-05
70.13461872470157,5.934709211487799e-05
70.18461872470156,6.14691267221461e-05
70.23461872470156,6.37069614088122e-05
70.28461872470156,6.606917131825863e-05
70.33461872470156,6.856513966650673e-05
70.38461872470155,7.120515079729926e-05
70.43461872470155,7.400049597259602e-05
70.48461872470155,7.69635939282934e-05
70.53461872470155,8.010812859597839e-05
70.58461872470154,8.344920683935617e-05
70.63461872470154,8.700353959649923e-05
70.68461872470154,9.078965047872556e-05
70.73461872470153,9.482811668213248e-05
70.78461872470153,9.914184805467515e-05
70.83461872470153,0.000103756411376239
70.88461872470153,0.00010870040841048917
70.93461872470152,0.00011400591815156348
70.98461872470152,0.00011970901601467035
71.03461872470152,0.00012585038563613438
71.08461872470151,0.00013247604262431
71.13461872470151,0.00013963819426098488
71.18461872470151,0.00014739626508956374
71.2346187247015,0.00015581812593753701
71.2846187247015,0.00016498157374002882
71.3346187247015,0.0001749761222826589
71.3846187247015,0.00018590518065594505
71.4346187247015,0.0001978887181759571
71.48461872470149,0.00021106654367720657
71.53461872470149,0.00022560236609186154
71.58461872470149,0.00024168885587668506
71.63461872470148,0.0002595539985527706
71.68461872470148,0.0002794691302261404
71.73461872470148,0.00030175918194538413
71.78461872470147,0.00032681585215230645
71.83461872470147,0.0003551146998613965
71.88461872470147,0.0003872375444909384
71.93461872470147,0.00042390213160275065
71.98461872470146,0.00046600187156525444
72.03461872470146,0.0005146597309316056
72.08461872470146,0.0005713022987519777
72.13461872470145,0.0006377630671554914
72.18461872470145,0.0007164287417902263
72.23461872470145,0.0008104501151633833
72.28461872470145,0.000924051783906742
72.33461872470144,0.0010629965540820021
72.38461872470144,0.001235297790060408
72.43461872470144,0.0014523396394882648
72.48461872470143,0.0017306872678175763
72.53461872470143,0.002095099511701984
72.58461872470143,0.002583701291404271
72.63461872470143,0.0032571466511801712
72.68461872470142,0.0042153021448518855
72.73461872470142,0.005628005404918606
72.78461872470142,0.007789802522124352
72.83461872470141,0.011198049396186892
72.88461872470141,0.016537736529723117
72.93461872470141,0.02388204624384376
72.9846187247014,0.029837081182052288
73.0346187247014,0.02825144597511179
73.0846187247014,0.021045681683261673
73.1346187247014,0.014311649993720421
73.1846187247014,0.00975906844141855
73.23461872470139,0.006882187415172188
73.28461872470139,0.005040966038271306
73.33461872470139,0.003821389739363945
73.38461872470138,0.002982997026483131
73.43461872470138,0.002386521317413023
73.48461872470138,0.0019491477689686063
73.53461872470137,0.0016199375975372082
73.58461872470137,0.0013664769290187009
73.63461872470137,0.0011674764944685874
73.68461872470137,0.001008546560040126
73.73461872470136,0.0008797073814567726
