33.33461872470366,0.9211952095552284
33.38461872470366,0.9212926789343767
33.434618724703654,0.9214025725002751
33.48461872470365,0.9215270938527537
33.53461872470365,0.9216689573779058
33.584618724703645,0.9218315370950083
33.63461872470364,0.922019068636431
33.68461872470364,0.9222369271753225
33.73461872470364,0.9224920157470606
33.784618724703634,0.9227933170157778
33.83461872470363,0.9231526920019255
33.88461872470363,0.9235860604755836
33.934618724703626,0.9241151862365409
33.98461872470362,0.9247704485612619
34.03461872470362,0.9255952737274853
34.08461872470362,0.9266534649942765
34.134618724703614,0.9280418105887884
34.18461872470361,0.929912785042808
34.23461872470361,0.9325176990330888
34.284618724703606,0.936294236290059
34.3346187247036,0.9420587746765574
34.3846187247036,0.9514731837336493
34.4346187247036,0.9683315955614521
34.484618724703594,1.002744177227132
34.53461872470359,1.087834448363378
34.58461872470359,1.353114505737431
34.634618724703586,1.7992925031960396
34.68461872470358,1.3292461339145822
34.73461872470358,1.0805762849735974
34.78461872470358,1.0000677935647921
34.834618724703574,0.9671053180358725
34.88461872470357,0.9508201043481466
34.93461872470357,0.9416725377919738
34.984618724703566,0.9360477776886775
35.03461872470356,0.9323511663869238
35.08461872470356,0.9297951333948931
35.13461872470356,0.9279556826211244
35.184618724703554,0.9265885572980795
35.23461872470355,0.9255451640661739
35.28461872470355,0.9247309682407496
35.334618724703546,0.9240835352455818
35.38461872470354,0.9235603023854551
35.43461872470354,0.9231314534044475
35.48461872470354,0.9227756021463838
35.534618724703535,0.9224770885249467
35.58461872470353,0.9222242340552829
35.63461872470353,0.922008186911623
35.684618724703526,0.9218221394957731
35.73461872470352,0.9216607873539128
35.78461872470352,0.9215199480090582
35.83461872470352,0.921396287916659
35.884618724703515,0.9212871238766326
35.93461872470351,0.9211902765802741
35.98461872470351,0.9211039612231318
36.034618724703506,0.9210267048417111
36.0846187247035,0.9209572831674188
36.1346187247035,0.9208946719052896
36.1846187247035,0.9208380087920814
36.234618724703495,0.9207865637926291
36.28461872470349,0.9207397154994776
36.33461872470349,0.9206969323032802
36.384618724703486,0.9206577572630588
36.43461872470348,0.9206217958683979
36.48461872470348,0.9205887060787965
36.53461872470348,0.9205581901685856
36.584618724703475,0.9205299880128931
36.63461872470347,0.9205038715308694
36.68461872470347,0.920479640063739
36.734618724703466,0.9204571165121959
36.78461872470346,0.9204361440938702
36.83461872470346,0.9204165836096729
36.88461872470346,0.9203983111297682
36.934618724703455,0.9203812160271481
36.98461872470345,0.9203651993003987
37.03461872470345,0.9203501721380616
37.084618724703446,0.920336054685625
37.134618724703444,0.9203227749831117
37.18461872470344,0.9203102680468143
37.23461872470344,0.9202984750732549
37.284618724703435,0.9202873427471245
37.33461872470343,0.9202768226379683
37.38461872470343,0.9202668706728446
37.43461872470343,0.9202574466742195
37.484618724703424,0.9202485139540337
37.53461872470342,0.9202400389562749
37.58461872470342,0.9202319909415401
37.634618724703415,0.9202243417080466
37.68461872470341,0.9202170653443561
37.73461872470341,0.9202101380097577
37.78461872470341,0.9202035377388315
37.834618724703404,0.9201972442671953
37.8846187247034,0.9201912388758533
37.9346187247034,0.920185504251909
37.984618724703395,0.9201800243637075
38.03461872470339,0.920174784348722
38.08461872470339,0.9201697704127214
38.13461872470339,0.9201649697389381
38.184618724703384,0.9201603704061199
38.23461872470338,0.9201559613144862
38.28461872470338,0.9201517321187295
38.334618724703375,0.9201476731673051
38.38461872470337,0.9201437754473452
38.43461872470337,0.9201400305346086
38.48461872470337,0.920136430547947
38.534618724703364,0.9201329681078286
38.58461872470336,0.9201296362985093
38.63461872470336,0.9201264286334921
38.684618724703355,0.92012333902395
38.73461872470335,0.9201203617498259
38.78461872470335,0.9201174914333535
38.83461872470335,0.9201147230147703
38.884618724703344,0.9201120517300171
38.93461872470334,0.9201094730902409
38.98461872470334,0.9201069828629369
39.034618724703336,0.9201045770545798
39.08461872470333,0.920102251894614
39.13461872470333,0.9201000038206802
39.18461872470333,0.9200978294649723
39.234618724703324,0.9200957256416249
39.28461872470332,0.9200936893350459
39.33461872470332,0.9200917176891116
39.384618724703316,0.9200898079971535
39.43461872470331,0.9200879576926717
39.48461872470331,0.920086164340714
39.53461872470331,0.9200844256298669
39.584618724703304,0.9200827393648108
39.6346187247033,0.9200811034593924
39.6846187247033,0.9200795159301753
39.734618724703296,0.9200779748904305
39.78461872470329,0.9200764785445329
39.83461872470329,0.9200750251827332
39.88461872470329,0.9200736131762771
39.934618724703284,0.9200722409728435
39.98461872470328,0.9200709070922811
40.03461872470328,0.92006961012262
40.084618724703276,0.9200683487163362
40.13461872470327,0.9200671215868552
40.18461872470327,0.9200659275052732
40.23461872470327,0.9200647652972825
40.284618724703265,0.9200636338402876
40.33461872470326,0.9200625320606955
40.38461872470326,0.9200614589313725
40.434618724703256,0.920060413469251
40.48461872470325,0.920059394733082
40.53461872470325,0.9200584018213172
40.58461872470325,0.9200574338701173
40.634618724703245,0.920056490051475
40.68461872470324,0.9200555695714465
40.73461872470324,0.9200546716684831
40.784618724703236,0.9200537956118585
40.83461872470323,0.9200529407001842
40.88461872470323,0.920052106260007
40.93461872470323,0.9200512916444847
40.984618724703225,0.9200504962321346
41.03461872470322,0.9200497194256493
41.08461872470322,0.9200489606507776
41.134618724703216,0.9200482193552644
41.18461872470321,0.9200474950078479
41.23461872470321,0.920046787097309
41.28461872470321,0.9200460951315711
41.334618724703205,0.9200454186368461
41.3846187247032,0.9200447571568254
41.4346187247032,0.9200441102519115
41.484618724703196,0.9200434774984888
41.53461872470319,0.9200428584882324
41.58461872470319,0.9200422528274498
41.63461872470319,0.9200416601364566
41.684618724703185,0.9200410800489827
41.73461872470318,0.9200405122116078
41.78461872470318,0.9200399562832241
41.834618724703176,0.9200394119345254
41.884618724703174,0.9200388788475208
41.93461872470317,0.9200383567150706
41.98461872470317,0.9200378452404464
42.034618724703165,0.9200373441369093
42.08461872470316,0.92003685312731
42.13461872470316,0.9200363719437061
42.18461872470316,0.9200359003269981
42.234618724703154,0.9200354380265809
42.28461872470315,0.9200349848000128
42.33461872470315,0.9200345404126975
42.384618724703145,0.9200341046375826
42.43461872470314,0.9200336772548697
42.48461872470314,0.9200332580517385
42.53461872470314,0.9200328468220828
42.584618724703134,0.9200324433662576
42.63461872470313,0.920032047490838
42.68461872470313,0.9200316590083885
42.734618724703125,0.920031277737241
42.78461872470312,0.9200309035012842
42.83461872470312,0.9200305361297606
42.88461872470312,0.9200301754570721
42.934618724703114,0.920029821322595
42.98461872470311,0.920029473570501
43.03461872470311,0.9200291320495873
43.084618724703105,0.9200287966131121
43.1346187247031,0.9200284671186385
43.1846187247031,0.9200281434278833
43.2346187247031,0.9200278254065731
43.284618724703094,0.9200275129243053
43.33461872470309,0.9200272058544152
43.38461872470309,0.9200269040738484
43.434618724703085,0.9200266074630375
43.48461872470308,0.9200263159057858
43.53461872470308,0.9200260292891518
43.58461872470308,0.9200257475033427
43.634618724703074,0.920025470441608
43.68461872470307,0.9200251980001402
43.73461872470307,0.9200249300779774
43.784618724703066,0.9200246665769105
43.83461872470306,0.920024407401394
43.88461872470306,0.9200241524584593
43.93461872470306,0.9200239016576323
43.984618724703054,0.9200236549108535
44.03461872470305,0.9200234121324012
44.08461872470305,0.9200231732388175
44.134618724703046,0.9200229381488371
44.18461872470304,0.9200227067833182
44.23461872470304,0.9200224790651774
44.28461872470304,0.9200222549193245
44.334618724703034,0.9200220342726025
44.38461872470303,0.9200218170537271
44.43461872470303,0.9200216031932303
44.484618724703026,0.9200213926234051
44.53461872470302,0.9200211852782518
44.58461872470302,0.9200209810934278
44.63461872470302,0.9200207800061967
44.684618724703014,0.9200205819553817
44.73461872470301,0.9200203868813187
44.78461872470301,0.9200201947258119
44.834618724703006,0.9200200054320907
44.884618724703,0.9200198189447687
44.934618724703,0.9200196352098026
44.984618724703,0.920019454174454
45.034618724702995,0.9200192757872516
45.08461872470299,0.9200190999979554
45.13461872470299,0.920018926757521
45.184618724702986,0.9200187560180662
45.23461872470298,0.920018587732838
45.28461872470298,0.9200184218561809
45.33461872470298,0.9200182583435066
45.384618724702975,0.9200180971512637
45.43461872470297,0.9200179382369095
45.48461872470297,0.9200177815588818
45.534618724702966,0.9200176270765725
45.58461872470296,0.9200174747503014
45.63461872470296,0.9200173245412905
45.68461872470296,0.9200171764116403
45.734618724702955,0.9200170303243056
45.78461872470295,0.9200168862430731
45.83461872470295,0.9200167441325388
45.884618724702946,0.9200166039580866
45.93461872470294,0.9200164656858677
45.98461872470294,0.92001632928278
46.03461872470294,0.9200161947164489
46.084618724702935,0.920016061955208
46.13461872470293,0.920015930968081
46.18461872470293,0.9200158017247637
46.234618724702926,0.9200156741956067
46.28461872470292,0.9200155483515986
46.33461872470292,0.9200154241643498
46.38461872470292,0.9200153016060766
46.434618724702915,0.9200151806495858
46.48461872470291,0.9200150612682602
46.53461872470291,0.9200149434360435
46.584618724702906,0.920014827127427
46.634618724702904,0.9200147123174356
46.6846187247029,0.9200145989816143
46.7346187247029,0.9200144870960163
46.784618724702895,0.9200143766371892
46.83461872470289,0.9200142675821643
46.88461872470289,0.9200141599084436
46.93461872470289,0.9200140535939894
46.984618724702884,0.9200139486172122
47.03461872470288,0.920013844956961
47.08461872470288,0.920013742592512
47.134618724702875,0.9200136415035584
47.18461872470287,0.920013541670201
47.23461872470287,0.9200134430729384
47.28461872470287,0.9200133456926574
47.334618724702864,0.9200132495106238
47.38461872470286,0.9200131545084742
47.43461872470286,0.9200130606682067
47.484618724702855,0.9200129679721727
47.53461872470285,0.9200128764030691
47.58461872470285,0.9200127859439297
47.63461872470285,0.920012696578118
47.684618724702844,0.9200126082893197
47.73461872470284,0.9200125210615351
47.78461872470284,0.9200124348790721
47.834618724702835,0.9200123497265392
47.88461872470283,0.9200122655888391
47.93461872470283,0.9200121824511615
47.98461872470283,0.9200121002989773
48.034618724702824,0.9200120191180322
48.08461872470282,0.9200119388943404
48.13461872470282,0.9200118596141791
48.184618724702815,0.9200117812640821
48.23461872470281,0.9200117038308352
48.28461872470281,0.9200116273014697
48.33461872470281,0.9200115516632575
48.384618724702804,0.9200114769037064
48.4346187247028,0.9200114030105542
48.4846187247028,0.9200113299717642
48.534618724702796,0.9200112577755203
48.58461872470279,0.9200111864102227
48.63461872470279,0.9200111158644827
48.68461872470279,0.9200110461271187
48.734618724702784,0.9200109771871519
48.78461872470278,0.9200109090338013
48.83461872470278,0.9200108416564811
48.884618724702776,0.9200107750447949
48.93461872470277,0.920010709188533
48.98461872470277,0.9200106440776684
49.03461872470277,0.9200105797023527
49.084618724702764,0.9200105160529124
49.13461872470276,0.9200104531198458
49.18461872470276,0.9200103908938194
49.234618724702756,0.9200103293656643
49.28461872470275,0.920010268526373
49.33461872470275,0.9200102083670963
49.38461872470275,0.92001014887914
49.434618724702744,0.920010090053962
49.48461872470274,0.920010031883169
49.53461872470274,0.9200099743585137
49.584618724702736,0.9200099174718925
49.63461872470273,0.9200098612153418
49.68461872470273,0.9200098055810357
49.73461872470273,0.9200097505612836
49.784618724702725,0.9200096961485272
49.83461872470272,0.920009642335338
49.88461872470272,0.9200095891144151
49.934618724702716,0.9200095364785826
49.98461872470271,0.9200094844207872
50.03461872470271,0.9200094329340962
50.08461872470271,0.9200093820116945
50.134618724702705,0.9200093316468831
50.1846187247027,0.9200092818330773
50.2346187247027,0.9200092325638031
50.284618724702696,0.9200091838326968
50.33461872470269,0.9200091356335018
50.38461872470269,0.9200090879600676
50.43461872470269,0.9200090408063472
50.484618724702685,0.9200089941663951
50.53461872470268,0.9200089480343664
50.58461872470268,0.9200089024045139
50.634618724702676,0.9200088572711872
50.68461872470267,0.9200088126288304
50.73461872470267,0.920008768471981
50.78461872470267,0.9200087247952676
50.834618724702665,0.920008681593409
50.88461872470266,0.920008638861212
50.93461872470266,0.9200085965935704
50.984618724702656,0.9200085547854632
51.03461872470265,0.9200085134319531
51.08461872470265,0.9200084725281854
51.13461872470265,0.9200084320693863
51.184618724702645,0.9200083920508618
51.23461872470264,0.920008352467996
51.28461872470264,0.9200083133162499
51.334618724702636,0.9200082745911606
51.384618724702634,0.9200082362883396
51.43461872470263,0.9200081984034716
51.48461872470263,0.9200081609323132
51.534618724702625,0.9200081238706923
51.58461872470262,0.9200080872145063
51.63461872470262,0.9200080509597214
51.68461872470262,0.9200080151023713
51.734618724702614,0.9200079796385563
51.78461872470261,0.9200079445644422
51.83461872470261,0.9200079098762591
51.884618724702605,0.9200078755703008
51.9346187247026,0.9200078416429234
51.9846187247026,0.9200078080905446
52.0346187247026,0.9200077749096427
52.084618724702594,0.920007742096756
52.13461872470259,0.920007709648481
52.18461872470259,0.9200076775614728
52.234618724702585,0.9200076458324432
52.28461872470258,0.9200076144581604
52.33461872470258,0.9200075834354481
52.38461872470258,0.9200075527611846
52.434618724702574,0.9200075224323021
52.48461872470257,0.9200074924457861
52.53461872470257,0.9200074627986741
52.584618724702565,0.9200074334880558
52.63461872470256,0.9200074045110714
52.68461872470256,0.9200073758649119
52.73461872470256,0.9200073475468173
52.784618724702554,0.920007319554077
52.83461872470255,0.9200072918840285
52.88461872470255,0.9200072645340571
52.934618724702545,0.9200072375015952
52.98461872470254,0.9200072107841214
53.03461872470254,0.9200071843791605
53.08461872470254,0.9200071582842824
53.134618724702534,0.9200071324971019
53.18461872470253,0.920007107015278
53.23461872470253,0.9200070818365134
53.284618724702526,0.9200070569585538
53.33461872470252,0.9200070323791879
53.38461872470252,0.9200070080962462
53.43461872470252,0.9200069841076014
53.484618724702514,0.9200069604111668
53.53461872470251,0.9200069370048971
53.58461872470251,0.920006913886787
53.634618724702506,0.9200068910548713
53.6846187247025,0.9200068685072241
53.7346187247025,0.9200068462419588
53.7846187247025,0.9200068242572274
53.834618724702494,0.9200068025512201
53.88461872470249,0.9200067811221654
53.93461872470249,0.9200067599683289
53.984618724702486,0.9200067390880141
54.03461872470248,0.9200067184795606
54.08461872470248,0.9200066981413453
54.13461872470248,0.9200066780717807
54.184618724702474,0.9200066582693158
54.23461872470247,0.9200066387324348
54.28461872470247,0.9200066194596576
54.334618724702466,0.9200066004495389
54.38461872470246,0.9200065817006682
54.43461872470246,0.9200065632116697
54.48461872470246,0.920006544981202
54.534618724702455,0.9200065270079574
54.58461872470245,0.9200065092906622
54.63461872470245,0.9200064918280763
54.684618724702446,0.9200064746189929
54.73461872470244,0.9200064576622387
54.78461872470244,0.9200064409566727
54.83461872470244,0.9200064245011876
54.884618724702435,0.9200064082947079
54.93461872470243,0.9200063923361912
54.98461872470243,0.9200063766246269
55.034618724702426,0.9200063611590369
55.08461872470242,0.9200063459384749
55.13461872470242,0.9200063309620264
55.18461872470242,0.9200063162288091
55.234618724702415,0.9200063017379719
55.28461872470241,0.9200062874886955
55.33461872470241,0.9200062734801918
55.384618724702406,0.9200062597117042
55.4346187247024,0.9200062461825075
55.4846187247024,0.9200062328919074
55.5346187247024,0.920006219839241
55.584618724702395,0.9200062070238764
55.63461872470239,0.9200061944452128
55.68461872470239,0.9200061821026804
55.734618724702386,0.9200061699957403
55.78461872470238,0.9200061581238845
55.83461872470238,0.9200061464866364
55.88461872470238,0.9200061350835499
55.934618724702375,0.92000612391421
55.98461872470237,0.9200061129782329
56.03461872470237,0.9200061022752655
56.084618724702366,0.9200060918049859
56.134618724702364,0.9200060815671036
56.18461872470236,0.9200060715613587
56.23461872470236,0.920006061787523
56.284618724702355,0.9200060522453992
56.33461872470235,0.9200060429348218
56.38461872470235,0.9200060338556565
56.43461872470235,0.9200060250078005
56.484618724702344,0.9200060163911831
56.53461872470234,0.9200060080057649
56.58461872470234,0.9200059998515387
56.634618724702335,0.9200059919285297
56.68461872470233,0.9200059842367946
56.73461872470233,0.9200059767764232
56.78461872470233,0.9200059695475373
56.834618724702324,0.920005962550292
56.88461872470232,0.920005955784875
56.93461872470232,0.9200059492515071
56.984618724702315,0.9200059429504428
57.03461872470231,0.92000593688197
57.08461872470231,0.9200059310464103
57.13461872470231,0.9200059254441194
57.184618724702304,0.9200059200754879
57.2346187247023,0.9200059149409401
57.2846187247023,0.9200059100409359
57.334618724702295,0.9200059053759702
57.38461872470229,0.9200059009465733
57.43461872470229,0.9200058967533113
57.48461872470229,0.9200058927967868
57.534618724702284,0.9200058890776385
57.58461872470228,0.9200058855965422
57.63461872470228,0.9200058823542108
57.684618724702275,0.920005879351395
57.73461872470227,0.9200058765888834
57.78461872470227,0.9200058740675032
57.83461872470227,0.9200058717881203
57.884618724702264,0.9200058697516401
57.93461872470226,0.9200058679590077
57.98461872470226,0.9200058664112085
58.034618724702256,0.9200058651092685
58.08461872470225,0.9200058640542553
58.13461872470225,0.9200058632472782
58.18461872470225,0.9200058626894886
58.234618724702244,0.9200058623820809
58.28461872470224,0.9200058623262933
58.33461872470224,0.9200058625234077
58.384618724702236,0.9200058629747508
58.43461872470223,0.9200058636816949
58.48461872470223,0.9200058646456578
58.53461872470223,0.9200058658681043
58.584618724702224,0.9200058673505466
58.63461872470222,0.9200058690945446
58.68461872470222,0.9200058711017074
58.734618724702216,0.9200058733736936
58.78461872470221,0.9200058759122118
58.83461872470221,0.9200058787190223
58.88461872470221,0.9200058817959369
58.934618724702204,0.9200058851448206
58.9846187247022,0.9200058887675919
59.0346187247022,0.920005892666224
59.084618724702196,0.9200058968427457
59.13461872470219,0.9200059012992421
59.18461872470219,0.9200059060378559
59.23461872470219,0.9200059110607887
59.284618724702185,0.9200059163703008
59.33461872470218,0.920005921968714
59.38461872470218,0.9200059278584113
59.434618724702176,0.9200059340418388
59.48461872470217,0.9200059405215065
59.53461872470217,0.9200059472999897
59.58461872470217,0.9200059543799303
59.634618724702165,0.9200059617640377
59.68461872470216,0.9200059694550904
59.73461872470216,0.9200059774559376
59.784618724702156,0.9200059857695
59.83461872470215,0.9200059943987716
59.88461872470215,0.920006003346821
59.93461872470215,0.9200060126167934
59.984618724702145,0.9200060222119111
60.03461872470214,0.9200060321354762
60.08461872470214,0.9200060423908716
60.134618724702136,0.9200060529815631
60.18461872470213,0.9200060639111008
60.23461872470213,0.9200060751831209
60.28461872470213,0.9200060868013478
60.334618724702125,0.9200060987695957
60.38461872470212,0.920006111091771
60.43461872470212,0.9200061237718736
60.484618724702116,0.9200061368139999
60.53461872470211,0.9200061502223438
60.58461872470211,0.9200061640012
60.63461872470211,0.9200061781549658
60.684618724702105,0.9200061926881427
60.7346187247021,0.9200062076053404
60.7846187247021,0.9200062229112774
60.834618724702096,0.9200062386107855
60.884618724702094,0.9200062547088105
60.93461872470209,0.9200062712104161
60.98461872470209,0.9200062881207866
61.034618724702085,0.9200063054452291
61.08461872470208,0.920006323189177
61.13461872470208,0.9200063413581928
61.18461872470208,0.9200063599579714
61.234618724702074,0.9200063789943433
61.28461872470207,0.9200063984732776
61.33461872470207,0.9200064184008856
61.384618724702065,0.9200064387834247
61.43461872470206,0.9200064596273013
61.48461872470206,0.9200064809390752
61.53461872470206,0.9200065027254631
61.584618724702054,0.9200065249933427
61.63461872470205,0.9200065477497568
61.68461872470205,0.9200065710019172
61.734618724702045,0.92000659475721
61.78461872470204,0.9200066190231991
61.83461872470204,0.9200066438076312
61.88461872470204,0.9200066691184408
61.934618724702034,0.9200066949637548
61.98461872470203,0.9200067213518981
62.03461872470203,0.9200067482913984
62.084618724702025,0.9200067757909918
62.13461872470202,0.9200068038596285
62.18461872470202,0.9200068325064786
62.23461872470202,0.9200068617409382
62.284618724702014,0.920006891572635
62.33461872470201,0.9200069220114359
62.38461872470201,0.9200069530674522
62.434618724702005,0.9200069847510476
62.484618724702,0.9200070170728445
62.534618724702,0.920007050043732
62.584618724702,0.9200070836748725
62.634618724701994,0.9200071179777107
62.68461872470199,0.9200071529639807
62.73461872470199,0.9200071886457148
62.784618724701986,0.9200072250352522
62.83461872470198,0.9200072621452475
62.88461872470198,0.9200072999886807
62.93461872470198,0.920007338578866
62.984618724701974,0.9200073779294623
63.03461872470197,0.9200074180544832
63.08461872470197,0.9200074589683077
63.134618724701966,0.920007500685691
63.18461872470196,0.9200075432217766
63.23461872470196,0.9200075865921071
63.28461872470196,0.9200076308126374
63.334618724701954,0.9200076758997466
63.38461872470195,0.9200077218702518
63.43461872470195,0.9200077687414215
63.484618724701946,0.9200078165309896
63.53461872470194,0.9200078652571704
63.58461872470194,0.9200079149386732
63.63461872470194,0.9200079655947191
63.684618724701934,0.9200080172450564
63.73461872470193,0.9200080699099782
63.78461872470193,0.9200081236103397
63.834618724701926,0.9200081783675771
63.88461872470192,0.9200082342037258
63.93461872470192,0.9200082911414409
63.98461872470192,0.9200083492040176
64.03461872470191,0.9200084084154122
64.08461872470191,0.9200084688002648
64.13461872470191,0.9200085303839218
64.1846187247019,0.9200085931924608
64.2346187247019,0.9200086572527142
64.2846187247019,0.9200087225922968
64.3346187247019,0.9200087892396315
64.3846187247019,0.920008857223978
64.43461872470189,0.920008926575462
64.48461872470189,0.9200089973251057
64.53461872470189,0.9200090695048592
64.58461872470188,0.9200091431476345
64.63461872470188,0.9200092182873387
64.68461872470188,0.9200092949589109
64.73461872470187,0.9200093731983593
64.78461872470187,0.9200094530428
64.83461872470187,0.920009534530498
64.88461872470187,0.9200096177009098
64.93461872470186,0.9200097025947273
64.98461872470186,0.9200097892539244
65.03461872470186,0.9200098777218053
65.08461872470185,0.9200099680430547
65.13461872470185,0.9200100602637908
65.18461872470185,0.9200101544316203
65.23461872470185,0.9200102505956954
65.28461872470184,0.9200103488067752
65.33461872470184,0.9200104491172874
65.38461872470184,0.9200105515813946
65.43461872470183,0.9200106562550634
65.48461872470183,0.9200107631961363
65.53461872470183,0.920010872464407
65.58461872470183,0.9200109841217
65.63461872470182,0.9200110982319527
65.68461872470182,0.9200112148613029
65.73461872470182,0.9200113340781793
65.78461872470182,0.9200114559533972
65.83461872470181,0.9200115805602587
65.88461872470181,0.9200117079746571
65.9346187247018,0.9200118382751882
65.9846187247018,0.9200119715432651
66.0346187247018,0.9200121078632403
66.0846187247018,0.9200122473225333
66.1346187247018,0.9200123900117652
66.18461872470179,0.9200125360248995
66.23461872470179,0.920012685459391
66.28461872470179,0.9200128384163417
66.33461872470178,0.9200129950006662
66.38461872470178,0.9200131553212638
66.43461872470178,0.9200133194912021
66.48461872470178,0.9200134876279086
66.53461872470177,0.9200136598533739
66.58461872470177,0.920013836294366
66.63461872470177,0.920014017082655
66.68461872470176,0.9200142023552521
66.73461872470176,0.9200143922546615
66.78461872470176,0.9200145869291452
66.83461872470176,0.9200147865330047
66.88461872470175,0.920014991226878
66.93461872470175,0.9200152011780537
66.98461872470175,0.9200154165608037
67.03461872470174,0.9200156375567352
67.08461872470174,0.9200158643551641
67.13461872470174,0.9200160971535104
67.18461872470174,0.9200163361577169
67.23461872470173,0.9200165815826947
67.28461872470173,0.9200168336527952
67.33461872470173,0.9200170926023109
67.38461872470172,0.920017358676009
67.43461872470172,0.9200176321296971
67.48461872470172,0.9200179132308259
67.53461872470172,0.92001820225913
67.58461872470171,0.9200184995073108
67.63461872470171,0.9200188052817639
67.6846187247017,0.9200191199033539
67.7346187247017,0.9200194437082421
67.7846187247017,0.9200197770487687
67.8346187247017,0.920020120294396
67.8846187247017,0.9200204738327152
67.93461872470169,0.9200208380705246
67.98461872470169,0.9200212134349813
68.03461872470169,0.9200216003748359
68.08461872470168,0.9200219993617548
68.13461872470168,0.9200224108917379
68.18461872470168,0.9200228354866398
68.23461872470168,0.9200232736958033
68.28461872470167,0.9200237260978137
68.33461872470167,0.9200241933023864
68.38461872470167,0.920024675952397
68.43461872470166,0.9200251747260685
68.48461872470166,0.9200256903393274
68.53461872470166,0.9200262235483463
68.58461872470166,0.9200267751522886
68.63461872470165,0.9200273459962723
68.68461872470165,0.9200279369745782
68.73461872470165,0.9200285490341186
68.78461872470164,0.9200291831781977
68.83461872470164,0.920029840470588
68.88461872470164,0.9200305220399547
68.93461872470164,0.9200312290846622
68.98461872470163,0.9200319628780008
69.03461872470163,0.9200327247738772
69.08461872470163,0.9200335162130148
69.13461872470162,0.9200343387297168
69.18461872470162,0.9200351939592537
69.23461872470162,0.9200360836459375
69.28461872470162,0.9200370096519609
69.33461872470161,0.9200379739670835
69.38461872470161,0.9200389787192578
69.43461872470161,0.9200400261863027
69.4846187247016,0.9200411188087438
69.5346187247016,0.9200422592039545
69.5846187247016,0.9200434501817513
69.6346187247016,0.9200446947616167
69.6846187247016,0.9200459961917479
69.73461872470159,0.9200473579701524
69.78461872470159,0.9200487838680493
69.83461872470158,0.9200502779558674
69.88461872470158,0.9200518446321727
69.93461872470158,0.9200534886559123
69.98461872470158,0.9200552151824121
70.03461872470157,0.9200570298036386
70.08461872470157,0.9200589385933112
70.13461872470157,0.9200609481575429
70.18461872470156,0.9200630656917971
70.23461872470156,0.9200652990450788
70.28461872470156,0.9200676567924252
70.33461872470156,0.9200701483169467
70.38461872470155,0.9200727839028824
70.43461872470155,0.9200755748413902
70.48461872470155,0.9200785335511028
70.53461872470155,0.9200816737158491
70.58461872470154,0.9200850104423911
70.63461872470154,0.9200885604415655
70.68461872470154,0.9200923422368834
70.73461872470153,0.9200963764054411
70.78461872470153,0.9201006858569873
70.83461872470153,0.9201052961582037
70.88461872470153,0.9201102359107562
70.93461872470152,0.920115537193542
70.98461872470152,0.9201212360818799
71.03461872470152,0.9201273732593104
71.08461872470151,0.9201339947413469
71.13461872470151,0.9201411527351769
71.18461872470151,0.92014890666525
71.2346187247015,0.9201573244023004
71.2846187247015,0.9201664837431709
71.3346187247015,0.9201764742015553
71.3846187247015,0.9201873991864529
71.4346187247015,0.9201993786670891
71.48461872470149,0.9202125524522085
71.53461872470149,0.9202270842506538
71.58461872470149,0.920243166732793
71.63461872470148,0.9202610278840592
71.68461872470148,0.9202809390404706
71.73461872470148,0.9203032251329889
71.78461872470147,0.9203282778599696
71.83461872470147,0.9203565727803412
71.88461872470147,0.9203886917134368
71.93461872470147,0.9204253524047336
71.98461872470146,0.9204674482645158
72.03461872470146,0.9205161022592531
72.08461872470146,0.9205727409779126
72.13461872470145,0.9206391979125411
72.18461872470145,0.9207178597687047
72.23461872470145,0.9208118773388292
72.28461872470145,0.9209254752194657
72.33461872470144,0.9210644162165956
72.38461872470144,0.9212367136945103
72.43461872470144,0.921453751800777
72.48461872470143,0.9217320957007691
72.53461872470143,0.9220965042310618
72.58461872470143,0.9225851023118404
72.63461872470143,0.9232585439872835
72.68461872470142,0.9242166958111366
72.73461872470142,0.9256293954158229
72.78461872470142,0.9277911888920105
72.83461872470141,0.9311994321393423
72.88461872470141,0.9365391156603604
72.93461872470141,0.9438834217761014
72.9846187247014,0.949838453129995
73.0346187247014,0.9482528143527312
73.0846187247014,0.9410470465044767
73.1346187247014,0.9343130112723776
73.1846187247014,0.9297604261912927
73.23461872470139,0.9268835416499669
73.28461872470139,0.9250423167716192
73.33461872470139,0.9238227369848272
73.38461872470138,0.922984340797554
73.43461872470138,0.9223878616275143
73.48461872470138,0.921950484631454
73.53461872470137,0.9216212710256918
73.58461872470137,0.9213678069360595
73.63461872470137,0.9211688030935448
73.68461872470137,0.9210098697642336
73.73461872470136,0.9208810272037826
