29.181325450684618,0.002176294488144087
29.19132545068462,0.00218985106810485
29.20132545068462,0.0022035346203217025
29.211325450684622,0.002217346734225921
29.221325450684624,0.0022312890241786747
29.231325450684626,0.0022453631299413673
29.241325450684627,0.002259570717156361
29.25132545068463,0.0022739134778383364
29.26132545068463,0.0022883931308765658
29.271325450684632,0.0023030114225483676
29.281325450684633,0.002317770127044042
29.291325450684635,0.002332671047003564
29.301325450684637,0.002347716014065351
29.311325450684638,0.002362906889427405
29.32132545068464,0.00237824556442116
29.33132545068464,0.002393733961098351
29.341325450684643,0.002409374032831253
29.351325450684644,0.002425167764926638
29.361325450684646,0.0024411171752538046
29.371325450684648,0.002457224314887054
29.38132545068465,0.00247349126876299
29.39132545068465,0.0024899201563530374
29.401325450684652,0.002506513132351579
29.411325450684654,0.0025232723873801354
29.421325450684655,0.0025402001487080023
29.431325450684657,0.0025572986809897975
29.44132545068466,0.0025745702870203684
29.45132545068466,0.0025920173085075275
29.46132545068466,0.002609642126863097
29.471325450684663,0.002627447164012764
29.481325450684665,0.0026454348832252545
29.491325450684666,0.002663607789961357
29.501325450684668,0.0026819684327433354
29.51132545068467,0.002700519404045302
29.52132545068467,0.002719263341205118
29.531325450684673,0.0027382029273584235
29.541325450684674,0.002757340892395414
29.551325450684676,0.0027766800139409973
29.561325450684677,0.002796223118358979
29.57132545068468,0.0028159730817809603
29.58132545068468,0.002835932831160642
29.591325450684682,0.0028561053453542494
29.601325450684683,0.002876493656227827
29.611325450684685,0.002897100849792161
29.621325450684687,0.002917930067366125
29.631325450684688,0.002938984506769262
29.64132545068469,0.0029602674235444464
29.65132545068469,0.0029817821322114905
29.661325450684693,0.003003532007552603
29.671325450684694,0.0030255204859306116
29.681325450684696,0.0030477510666409246
29.691325450684698,0.003070227313298202
29.7013254506847,0.003092952855258778
29.7113254506847,0.003115931389079868
29.721325450684702,0.0031391666800166707
29.731325450684704,0.0031626625635584804
29.741325450684705,0.0031864229470049805
29.751325450684707,0.0032104518110839175
29.76132545068471,0.0032347532116114045
29.77132545068471,0.0032593312811961405
29.78132545068471,0.003284190230988873
29.791325450684713,0.0033093343524784923
29.801325450684715,0.003334768019336157
29.811325450684716,0.0033604956893089556
29.821325450684718,0.0033865219061646
29.83132545068472,0.003412851301688741
29.84132545068472,0.003439488597736543
29.851325450684723,0.0034664386083401843
29.861325450684724,0.0034937062418740603
29.871325450684726,0.003521296503279474
29.881325450684727,0.0035492144963507007
29.89132545068473,0.003577465426084367
29.90132545068473,0.003606054601094144
29.911325450684732,0.003634987436092848
29.921325450684733,0.003664269454444096
29.931325450684735,0.0036939062907857525
29.941325450684737,0.0037239036937274854
29.951325450684738,0.0037542675286248235
29.96132545068474,0.0037850037804322075
29.97132545068474,0.003816118556637612
29.981325450684743,0.0038476180902814088
29.991325450684744,0.00387950874306224
30.001325450684746,0.003911797008532788
30.011325450684748,0.003944489515388402
30.02132545068475,0.0039775930308517
30.03132545068475,0.004011114464156331
30.041325450684752,0.004045060870133248
30.051325450684754,0.0040794394529029285
30.061325450684755,0.004114257569677152
30.071325450684757,0.004149522734674036
30.08132545068476,0.004185242623150224
30.09132545068476,0.004221425075554212
30.10132545068476,0.004258078101805017
30.111325450684763,0.0042952098857005
30.121325450684765,0.004332828789459854
30.131325450684766,0.004370943358404933
30.141325450684768,0.0044095623257852995
30.15132545068477,0.004448694617752029
30.16132545068477,0.004488349358485532
30.171325450684773,0.0045285358754828765
30.181325450684774,0.00456926370501027
30.191325450684776,0.0046105425977266395
30.201325450684777,0.004652382524484445
30.21132545068478,0.004694793682314137
30.22132545068478,0.004737786500598921
30.231325450684782,0.004781371647446765
30.241325450684784,0.004825560036266868
30.251325450684785,0.004870362832558111
30.261325450684787,0.004915791460917328
30.271325450684788,0.004961857612275547
30.28132545068479,0.0050085732513707034
30.29132545068479,0.005055950624465687
30.301325450684793,0.005104002267320942
30.311325450684794,0.005152741013431273
30.321325450684796,0.005202180002536844
30.331325450684798,0.005252332689418882
30.3413254506848,0.005303212852990971
30.3513254506848,0.0053548346056973275
30.361325450684802,0.005407212403229953
30.371325450684804,0.005460361054577041
30.381325450684805,0.00551429573241561
30.391325450684807,0.005569031983861843
30.40132545068481,0.005624585741593291
30.41132545068481,0.0056809733353576424
30.42132545068481,0.005738211503883484
30.431325450684813,0.005796317407209138
30.441325450684815,0.0058553086394464
30.451325450684816,0.005915203241996764
30.461325450684818,0.0059760197172385055
30.47132545068482,0.006037777042703888
30.48132545068482,0.006100494685766564
30.491325450684823,0.006164192618860248
30.501325450684824,0.006228891335250692
30.511325450684826,0.0062946118653839835
30.521325450684827,0.006361375793835363
30.53132545068483,0.006429205276883795
30.54132545068483,0.006498123060738801
30.551325450684832,0.0065681525004473
30.561325450684834,0.006639317579509527
30.571325450684835,0.0067116429302345295
30.581325450684837,0.006785153854867189
30.591325450684838,0.006859876347520287
30.60132545068484,0.006935837116946798
30.61132545068484,0.007013063610189282
30.621325450684843,0.007091584037145123
30.631325450684844,0.00717142739608824
30.641325450684846,0.007252623500189992
30.651325450684848,0.007335203005084102
30.66132545068485,0.0074191974375226845
30.67132545068485,0.007504639225172945
30.681325450684852,0.007591561727606523
30.691325450684854,0.00767999926853626
30.701325450684855,0.00776998716935791
30.711325450684857,0.007861561784057348
30.72132545068486,0.007954760535547025
30.73132545068486,0.008049621953498697
30.74132545068486,0.008146185713743094
30.751325450684863,0.008244492679310907
30.761325450684865,0.008344584943193444
30.771325450684866,0.008446505872905574
30.781325450684868,0.008550300156938029
30.79132545068487,0.008656013853190847
30.80132545068487,0.008763694439484842
30.811325450684873,0.008873390866253262
30.821325450684874,0.008985153611521524
30.831325450684876,0.009099034738288861
30.841325450684877,0.0092150879544322
30.85132545068488,0.009333368675259305
30.86132545068488,0.00945393408884548
30.871325450684882,0.009576843224295816
30.881325450684884,0.00970215702308309
30.891325450684885,0.009829938413620155
30.901325450684887,0.0099602523892349
30.91132545068489,0.010093166089725715
30.92132545068489,0.010228748886685858
30.93132545068489,0.010367072472796364
30.941325450684893,0.010508210955299026
30.951325450684894,0.010652240953873675
30.961325450684896,0.010799241703157606
30.971325450684898,0.010949295160159458
30.9813254506849,0.011102486116835283
30.9913254506849,0.011258902318111136
31.001325450684902,0.01141863458565414
31.011325450684904,0.011581776947712792
31.021325450684905,0.011748426775367632
31.031325450684907,0.011918684925554835
31.04132545068491,0.012092655891248482
31.05132545068491,0.012270447959212128
31.06132545068491,0.012452173375756674
31.071325450684913,0.012637948520970126
31.081325450684915,0.012827894091915322
31.091325450684916,0.013022135295324424
31.101325450684918,0.01322080205035416
31.11132545068492,0.013424029202003576
31.12132545068492,0.013631956745836539
31.131325450684923,0.01384473006469501
31.141325450684924,0.014062500178135838
31.151325450684926,0.014285424005374468
31.161325450684927,0.014513664642573178
31.17132545068493,0.014747391655370128
31.18132545068493,0.014986781387608525
31.191325450684932,0.015232017287293275
31.201325450684934,0.015483290250875971
31.211325450684935,0.01574079898704823
31.221325450684937,0.016004750401309022
31.23132545068494,0.016275360002664198
31.24132545068494,0.016552852333916405
31.25132545068494,0.01683746142711175
31.261325450684943,0.017129431285826797
31.271325450684945,0.017429016396106382
31.281325450684946,0.01773648226800013
31.291325450684948,0.01805210600979484
31.30132545068495,0.01837617693720161
31.31132545068495,0.018708997219932307
31.321325450684952,0.019050882568290895
31.331325450684954,0.019402162962612556
31.341325450684955,0.019763183428609325
31.351325450684957,0.020134304861926553
31.36132545068496,0.02051590490548228
31.37132545068496,0.020908378883452976
31.38132545068496,0.02131214079608753
31.391325450684963,0.02172762437987817
31.401325450684965,0.022155284237996363
31.411325450684966,0.022595597046315922
31.421325450684968,0.02304906284079877
31.43132545068497,0.023516206392514467
31.44132545068497,0.023997578677107934
31.451325450684973,0.024493758446124784
31.461325450684974,0.025005353908256422
31.471325450684976,0.025533004529283688
31.481325450684977,0.026077382960284435
31.49132545068498,0.0266391971045357
31.50132545068498,0.027219192334492385
31.511325450684982,0.02781815387127199
31.521325450684984,0.028436909340228862
31.531325450684985,0.029076331517473873
31.541325450684987,0.029737341283599495
31.55132545068499,0.03042091080242058
31.56132545068499,0.031128066944254962
31.57132545068499,0.03185989497516299
31.581325450684993,0.03261754253566362
31.591325450684995,0.03340222393476845
31.601325450684996,0.034215224787752886
31.611325450684998,0.0350579070289424
31.621325450685,0.03593171433396856
31.631325450685,0.036838177989478194
31.641325450685002,0.037778923252205845
31.651325450685004,0.038755676243689745
31.661325450685005,0.03977027143178094
31.671325450685007,0.040824659755524115
31.68132545068501,0.041920917456046314
31.69132545068501,0.0430612556828542
31.70132545068501,0.04424803095249965
31.711325450685013,0.04548375654502665
31.721325450685015,0.04677111493307192
31.731325450685016,0.048112971349084356
31.741325450685018,0.0495123886079968
31.75132545068502,0.05097264331598976
31.76132545068502,0.05249724361091125
31.771325450685023,0.054089948596665945
31.781325450685024,0.05575478965268779
31.791325450685026,0.05749609382072411
31.801325450685027,0.05931850949487073
31.81132545068503,0.061227034667430895
31.82132545068503,0.06322704801308218
31.831325450685032,0.06532434312741724
31.841325450685034,0.06752516627361273
31.851325450685035,0.06983625803324289
31.861325450685037,0.07226489930459869
31.87132545068504,0.07481896214483545
31.88132545068504,0.07750696601140993
31.89132545068504,0.0803381400241393
31.901325450685043,0.08332249194236341
31.911325450685045,0.08647088463259345
31.921325450685046,0.08979512089105408
31.931325450685048,0.09330803758283744
31.94132545068505,0.0970236101648522
31.95132545068505,0.1009570687727548
31.961325450685052,0.10512502717129507
31.971325450685054,0.10954562599068439
31.981325450685056,0.11423869179496156
31.991325450685057,0.11922591364612299
32.00132545068506,0.12453103893139797
32.011325450685064,0.1301800902979532
32.02132545068506,0.1362016055714997
32.03132545068506,0.14262690249739543
32.041325450685065,0.1494903699989783
32.05132545068507,0.1568297873487932
32.06132545068507,0.16468667212538177
32.071325450685066,0.17310665698765657
32.08132545068507,0.18213989401280897
32.091325450685076,0.19184148343921392
32.101325450685074,0.20227192090016335
32.11132545068507,0.21349755331705741
32.12132545068508,0.2255910281316941
32.13132545068508,0.2386317129602602
32.14132545068508,0.25270605235558935
32.15132545068508,0.26790781429613114
32.161325450685084,0.28433816020543684
32.17132545068509,0.3021054474717613
32.18132545068509,0.32132464116198445
32.191325450685085,0.342116170476724
32.20132545068509,0.36460401433013534
32.211325450685095,0.38891273895477013
32.22132545068509,0.41516314012392036
32.23132545068509,0.44346606829529395
32.241325450685096,0.4739139472498222
32.2513254506851,0.5065694551367257
32.2613254506851,0.5414508537969962
32.2713254506851,0.5785135775509701
32.2813254506851,0.6176279953886998
32.29132545068511,0.658553825399654
32.301325450685106,0.7009125914100132
32.3113254506851,0.7441608153549608
32.32132545068511,0.7875682779829272
32.331325450685114,0.8302074056466907
32.34132545068511,0.8709611258181844
32.35132545068511,0.9085565641996765
32.361325450685115,0.9416297932621484
32.37132545068512,0.9688218406871586
32.38132545068512,0.9888985903522961
32.391325450685116,1.0008787401672592
32.40132545068512,1.0041476211870417
32.411325450685126,0.9985336812543673
32.421325450685124,0.9843305252840141
32.43132545068512,0.9622593771687444
32.44132545068513,0.9333806555660535
32.45132545068513,0.8989740667357531
32.46132545068513,0.8604108101382288
32.47132545068513,0.8190388066730885
32.481325450685134,0.7760946056886543
32.49132545068514,0.7326471462382563
32.50132545068514,0.6895715542240727
32.511325450685135,0.6475469313445614
32.52132545068514,0.6070705950327822
32.531325450685145,0.5684816829877359
32.54132545068514,0.5319885060970542
32.55132545068514,0.49769577465651815
32.561325450685146,0.46562938758823563
32.57132545068515,0.4357576737510066
32.58132545068515,0.4080087868065602
32.59132545068515,0.3822844418335467
32.60132545068515,0.3584704298283297
32.61132545068516,0.33644443688813713
32.621325450685156,0.31608169221909643
32.631325450685154,0.29725891798124293
32.64132545068516,0.27985698304958045
32.651325450685164,0.26376258879487263
32.66132545068516,0.24886924671959962
32.67132545068516,0.23507774898743186
32.681325450685165,0.22229628445366462
32.69132545068517,0.21044031413911754
32.70132545068517,0.19943228992985815
32.711325450685166,0.18920127718058866
32.72132545068517,0.17968252445941327
32.731325450685176,0.17081701067319185
32.741325450685174,0.1625509902357326
32.75132545068517,0.1548355499633114
32.76132545068518,0.14762618635625288
32.77132545068518,0.14088240835144514
32.78132545068518,0.13456736812732678
32.79132545068518,0.1286475208222714
32.801325450685184,0.1230923128740737
32.81132545068519,0.11787389794266755
32.82132545068519,0.11296687892252609
32.831325450685185,0.1083480742990494
32.84132545068519,0.1039963069917165
32.851325450685195,0.09989221381040282
32.86132545068519,0.0960180736974577
32.87132545068519,0.09235765301363734
32.881325450685196,0.08889606623439461
32.8913254506852,0.08561965054297674
32.9013254506852,0.08251585293057107
32.9113254506852,0.07957312853618717
32.9213254506852,0.07678084907672938
32.93132545068521,0.07412922032879271
32.941325450685206,0.07160920772706049
32.951325450685204,0.06921246923931007
32.96132545068521,0.06693129476487449
32.971325450685214,0.06475855138219883
32.98132545068521,0.06268763384230193
32.99132545068521,0.06071241976900076
33.001325450685215,0.05882722908419702
33.01132545068522,0.057026787227934
33.02132545068522,0.055306191788879286
33.031325450685216,0.05366088220190166
33.04132545068522,0.05208661220596435
33.051325450685226,0.05057942478811421
33.061325450685224,0.0491356293683554
33.07132545068522,0.04775178100602837
33.08132545068523,0.04642466143130853
33.09132545068523,0.045151261725902996
33.10132545068523,0.04392876649525967
33.11132545068523,0.04275453939085334
33.121325450685234,0.041626109855589816
33.13132545068524,0.040541160978269694
33.14132545068524,0.03949751835456996
33.151325450685235,0.03849313986228732
33.16132545068524,0.03752610626776655
33.171325450685245,0.03659461258863784
33.18132545068524,0.03569696014532643
33.19132545068524,0.03483154924037312
33.201325450685246,0.03399687241048628
33.21132545068525,0.03319150820151621
33.22132545068525,0.03241411542127356
33.23132545068525,0.03166342782936707
33.24132545068525,0.03093824922705086
33.25132545068526,0.0302374489134997
33.261325450685256,0.029559957478018963
33.271325450685254,0.028904762900482623
33.28132545068526,0.028270906934798497
33.291325450685264,0.027657481752458843
33.30132545068526,0.02706362682527627
33.31132545068526,0.02648852602825453
33.321325450685265,0.025931404945211095
33.33132545068527,0.025391528361275905
33.34132545068527,0.024868197927758285
33.351325450685266,0.024360749986117196
33.36132545068527,0.0238685535388945
33.371325450685276,0.023391008356488534
33.381325450685274,0.022927543209573666
33.39132545068527,0.02247761421781767
33.40132545068528,0.022040703306316016
33.41132545068528,0.02161631676185835
33.42132545068528,0.02120398388177968
33.43132545068528,0.020803255708732232
33.441325450685284,0.020413703845243616
33.45132545068529,0.02003491934240876
33.46132545068529,0.019666511657505773
33.471325450685285,0.01930810767573278
33.48132545068529,0.018959350791632898
33.491325450685295,0.018619900046111505
33.50132545068529,0.018289429315261067
33.51132545068529,0.017967626547495823
33.521325450685296,0.017654193045760047
33.5313254506853,0.017348842791811796
33.5413254506853,0.017051301809805144
33.5513254506853,0.016761307566598455
33.5613254506853,0.016478608406403
33.57132545068531,0.016202963017556124
33.581325450685306,0.015934139929361994
33.591325450685304,0.01567191703709027
33.60132545068531,0.015416081153357684
33.611325450685314,0.015166427584240047
33.62132545068531,0.014922759728577126
33.63132545068531,0.014684888699040364
33.641325450685315,0.014452632963630979
33.65132545068532,0.014225818006365618
33.66132545068532,0.014004276005990218
33.671325450685316,0.013787845531642296
33.68132545068532,0.013576371254453126
33.691325450685326,0.013369703674147247
33.701325450685324,0.013167698859758256
33.71132545068532,0.01297021820363879
33.72132545068533,0.012777128187995583
33.73132545068533,0.01258830016322898
33.74132545068533,0.01240361013740225
33.75132545068533,0.012222938576210143
33.761325450685334,0.012046170212855575
33.77132545068534,0.011873193867279645
33.78132545068534,0.011703902274224407
33.791325450685335,0.011538191919641325
33.80132545068534,0.011375962884987949
33.811325450685345,0.011217118698982516
33.82132545068534,0.01106156619641212
33.83132545068534,0.010909215383615604
33.841325450685346,0.01075997931028472
33.85132545068535,0.010613773947247582
33.86132545068535,0.010470518069918361
33.87132545068535,0.010330133147116439
33.88132545068535,0.010192543234975657
33.89132545068536,0.010057674875679622
33.901325450685356,0.00992545700077435
33.911325450685354,0.009795820838824515
33.92132545068536,0.009668699827192859
33.931325450685364,0.009544029527734052
33.94132545068536,0.009421747546206125
33.95132545068536,0.009301793455214244
33.961325450685365,0.009184108720511912
33.97132545068537,0.009068636630493652
33.98132545068537,0.00895532222872241
33.991325450685366,0.008844112249344097
34.00132545068537,0.008734955055249672
34.011325450685376,0.008627800578852133
34.021325450685374,0.008522600265352872
34.03132545068537,0.008419307018379184
34.04132545068538,0.00831787514788099
34.05132545068538,0.008218260320180075
34.06132545068538,0.00812041951007091
34.07132545068538,0.00802431095487782
34.081325450685384,0.007929894110378234
34.09132545068539,0.007837129608505893
34.10132545068539,0.007745979216752289
34.111325450685385,0.007656405799189344
34.12132545068539,0.007568373279040188
34.131325450685395,0.007481846602728097
34.14132545068539,0.007396791705337207
34.15132545068539,0.00731317547742239
34.161325450685396,0.00723096573310878
34.1713254506854,0.007150131179423905
34.1813254506854,0.00707064138680823
34.1913254506854,0.0069924667607529686
34.2013254506854,0.006915578514516532
34.21132545068541,0.006839948642872886
34.221325450685406,0.006765549896847351
34.231325450685404,0.006692355759397915
34.24132545068541,0.006620340422002164
34.251325450685414,0.006549478762111344
34.26132545068541,0.006479746321434956
34.27132545068541,0.006411119285021348
34.281325450685415,0.006343574461101451
34.29132545068542,0.006277089261663812
34.30132545068542,0.00621164168373071
34.311325450685416,0.006147210291306775
34.32132545068542,0.006083774197972939
34.331325450685426,0.0060213130500993035
34.341325450685424,0.005959807010651837
34.35132545068542,0.005899236743569184
34.36132545068543,0.0058395833986870345
34.37132545068543,0.005780828597188047
34.38132545068543,0.0057229544175564275
34.39132545068543,0.005665943382017396
34.401325450685434,0.005609778443442776
34.41132545068544,0.005554442972704291
34.42132545068544,0.00549992074645709
34.431325450685435,0.005446195935337001
34.44132545068544,0.0053932530925558
34.451325450685445,0.005341077142879064
34.46132545068544,0.005289653371971931
34.47132545068544,0.005238967416098929
34.481325450685446,0.005189005252164711
34.49132545068545,0.005139753188082674
34.50132545068545,0.005091197853459136
34.51132545068545,0.005043326190581411
34.52132545068545,0.004996125445698708
34.53132545068546,0.004949583160584865
34.541325450685456,0.004903687164372496
34.551325450685454,0.004858425565648704
34.56132545068546,0.004813786744803038
34.571325450685464,0.004769759346618367
34.58132545068546,0.004726332273095824
34.59132545068546,0.004683494676505525
34.601325450685465,0.004641235952655127
34.61132545068547,0.00459954573436834
34.62132545068547,0.004558413885165832
34.631325450685466,0.004517830493141528
34.64132545068547,0.0044777858650275225
34.651325450685476,0.004438270520440929
34.661325450685474,0.0043992751863061764
34.67132545068547,0.0043607907914468315
34.68132545068548,0.004322808461341151
34.69132545068548,0.004285319513035674
34.70132545068548,0.004248315450211287
34.71132545068548,0.004211787958396724
34.721325450685484,0.004175728900324546
34.73132545068549,0.004140130311424733
34.74132545068549,0.004104984395451096
34.751325450685485,0.004070283520236217
34.76132545068549,0.0040360202135706685
34.771325450685495,0.004002187159202333
34.78132545068549,0.003968777192951693
34.79132545068549,0.003935783298939425
34.801325450685496,0.0039031986059226403
34.8113254506855,0.0038710163837361736
34.8213254506855,0.003839230039835379
34.8313254506855,0.0038078331159372278
34.8413254506855,0.0037768192847566474
34.85132545068551,0.003746182346834902
34.861325450685506,0.003715916227457028
34.871325450685504,0.003686014973655511
34.88132545068551,0.003656472751297603
34.891325450685514,0.0036272838422534872
34.90132545068551,0.0035984426416427054
34.91132545068551,0.0035699436551564307
34.921325450685515,0.003541781496453324
34.93132545068552,0.0035139508846265596
34.94132545068552,0.00348644664173977
34.951325450685516,0.0034592636904298194
34.96132545068552,0.0034323970515744524
34.97132545068553,0.0034058418420227082
34.981325450685524,0.0033795932723861537
34.99132545068552,0.003353646644889105
35.00132545068553,0.0033279973512761653
35.01132545068553,0.0033026408707752235
35.02132545068553,0.003277572768114216
35.03132545068553,0.0032527886915900716
35.041325450685534,0.003228284371188369
35.05132545068554,0.003204055616752113
35.06132545068554,0.0031800983161981104
35.071325450685535,0.0031564084337795933
35.08132545068554,0.0031329820083938107
35.091325450685545,0.0031098151519331732
35.10132545068554,0.0030869040476786437
35.11132545068554,0.0030642449487341696
35.121325450685546,0.003041834176501069
35.13132545068555,0.0030196681191911002
35.14132545068555,0.0029977432303770874
35.15132545068555,0.0029760560275800428
35.16132545068555,0.0029546030908918284
35.17132545068556,0.002933381061632261
35.181325450685556,0.002912386641039638
35.191325450685554,0.002891616588993781
35.20132545068556,0.0028710677227707492
35.211325450685564,0.002850736915828266
35.22132545068556,0.0028306210966209324
35.23132545068556,0.0028107172474444745
35.241325450685565,0.0027910224033082416
35.25132545068557,0.0027715336508351424
35.26132545068557,0.002752248127188181
35.271325450685566,0.002733163019022938
35.28132545068557,0.0027142755614653095
35.29132545068558,0.0026955830371137904
35.301325450685574,0.002677082775065543
35.31132545068557,0.0026587721499656963
35.32132545068558,0.002640648581079258
35.33132545068558,0.002622709531385008
35.34132545068558,0.0026049525066907104
35.35132545068558,0.0025873750547691374
35.361325450685584,0.0025699747645143794
35.37132545068559,0.0025527492651178756
35.38132545068559,0.0025356962252635605
35.391325450685585,0.002518813352341705
35.40132545068559,0.0025020983916809714
35.411325450685595,0.0024855491257981823
35.42132545068559,0.00246916337366527
35.43132545068559,0.0024529389899930255
35.441325450685596,0.0024368738645312344
35.4513254506856,0.002420965921384745
35.4613254506856,0.002405213118344996
35.4713254506856,0.0023896134462366653
35.4813254506856,0.00237416492827908
35.49132545068561,0.0023588656194619786
35.501325450685606,0.002343713605935197
35.511325450685604,0.002328707004411994
35.52132545068561,0.002313843961585679
35.531325450685614,0.0022991226535591944
35.54132545068561,0.0022845412852872545
35.55132545068561,0.0022700980900307983
35.561325450685615,0.0022557913288234516
35.57132545068562,0.0022416192899496943
35.58132545068562,0.0022275802884343687
35.591325450685616,0.0022136726655433113
35.60132545068562,0.002199894788294855
35.61132545068563,0.0021862450489819056
35.621325450685625,0.0021727218647042816
35.63132545068562,0.0021593236769111212
35.64132545068563,0.0021460489509531233
35.65132545068563,0.002132896175644374
35.66132545068563,0.0021198638628334584
35.67132545068563,0.0021069505469836955
35.681325450685634,0.002094154784762292
35.69132545068564,0.0020814751546381787
35.70132545068564,0.0020689102564882714
35.711325450685635,0.0020564587112120044
35.72132545068564,0.002044119160353958
35.731325450685645,0.0020318902657343704
35.74132545068564,0.0020197707090872903
35.75132545068564,0.002007759191706249
35.761325450685646,0.001995854434097281
35.77132545068565,0.001984055175639114
35.78132545068565,0.0019723601742502985
35.79132545068565,0.001960768206063177
35.80132545068565,0.0019492780651045342
35.81132545068566,0.0019378885629827744
35.821325450685656,0.0019265985285814068
35.831325450685654,0.0019154068077587591
35.84132545068566,0.001904312263053777
35.851325450685664,0.001893313773397762
35.86132545068566,0.0018824102338318627
35.87132545068566,0.001871600555230231
35.881325450685665,0.0018608836640287372
35.89132545068567,0.001850258501959092
35.90132545068567,0.0018397240257882138
35.911325450685666,0.0018292792070627702
35.92132545068567,0.0018189230318587824
35.93132545068568,0.001808654500536174
35.941325450685675,0.0017984726274980997
35.95132545068567,0.0017883764409550038
35.96132545068568,0.0017783649826933006
35.97132545068568,0.0017684373078485727
35.98132545068568,0.001758592484683138
35.99132545068568,0.0017488295943679374
36.001325450685684,0.0017391477307686489
36.01132545068569,0.0017295460002359382
36.02132545068569,0.0017200235213997005
36.031325450685685,0.00171057942496725
36.04132545068569,0.001701212853525393
36.051325450685695,0.0016919229613462721
36.06132545068569,0.0016827089141968749
36.07132545068569,0.0016735698891521499
36.081325450685696,0.0016645050744116886
36.0913254506857,0.0016555136691198573
36.1013254506857,0.0016465948831892881
36.1113254506857,0.001637747937127679
36.1213254506857,0.0016289720618678594
36.13132545068571,0.0016202664986010261
36.141325450685706,0.0016116304986130562
36.151325450685704,0.001603063323123855
36.16132545068571,0.0015945642431297053
36.171325450685714,0.0015861325392485255
36.18132545068571,0.0015777675015679503
36.19132545068571,0.0015694684294962024
36.201325450685715,0.0015612346316157188
36.21132545068572,0.0015530654255394517
36.22132545068572,0.0015449601377697621
36.231325450685716,0.001536918103559878
36.24132545068572,0.0015289386667778875
36.25132545068573,0.0015210211797731918
36.261325450685725,0.0015131650032453395
36.27132545068572,0.001505369506115223
36.28132545068573,0.0014976340653986078
36.29132545068573,0.0014899580660819262
36.30132545068573,0.0014823409010002605
36.31132545068573,0.001474781970717505
36.321325450685734,0.0014672806834086726
36.33132545068574,0.0014598364547442916
36.34132545068574,0.001452448707776817
36.351325450685735,0.00144511687282905
36.36132545068574,0.0014378403873845356
36.371325450685745,0.001430618695979886
36.38132545068574,0.001423451250098964
36.39132545068574,0.0014163375080689135
36.401325450685746,0.0014092769349580213
36.41132545068575,0.0014022690024753524
36.42132545068575,0.001395313188872101
36.43132545068575,0.0013884089788446484
36.44132545068575,0.0013815558634393116
36.45132545068576,0.0013747533399587279
36.461325450685756,0.0013680009118698278
36.471325450685754,0.0013612980887133797
36.48132545068576,0.0013546443860151006
36.491325450685764,0.0013480393251982788
36.50132545068576,0.0013414824334978613
36.51132545068576,0.001334973243875999
36.521325450685765,0.0013285112949390345
36.53132545068577,0.0013220961308558952
36.54132545068577,0.0013157273012778356
36.551325450685766,0.001309404361259529
36.56132545068577,0.0013031268711814984
36.57132545068578,0.001296894396673844
36.581325450685775,0.0012907065085412206
36.59132545068577,0.0012845627826890652
36.60132545068578,0.0012784628000510642
36.61132545068578,0.0012724061465178224
36.62132545068578,0.0012663924128666895
36.63132545068578,0.0012604211946927435
36.641325450685784,0.0012544920923409264
36.65132545068579,0.0012486047108392895
36.66132545068579,0.0012427586598333167
36.671325450685785,0.001236953553521316
36.68132545068579,0.0012311890105908816
36.691325450685795,0.0012254646541563874
36.70132545068579,0.001219780111697476
36.71132545068579,0.0012141350149985429
36.7213254506858,0.0012085290000892121
36.7313254506858,0.0012029617071857709
36.7413254506858,0.0011974327806335268
36.7513254506858,0.0011919418688500888
36.7613254506858,0.0011864886242695719
36.77132545068581,0.0011810727032876898
36.781325450685806,0.0011756937662077058
36.791325450685804,0.001170351477187241
36.80132545068581,0.0011650455041859425
36.811325450685814,0.0011597755189139765
36.82132545068581,0.001154541196781318
36.83132545068581,0.0011493422168478392
36.841325450685815,0.0011441782617741978
36.85132545068582,0.001139049017773489
36.86132545068582,0.0011339541745636454
36.871325450685816,0.0011288934253205728
36.88132545068582,0.0011238664666320343
36.89132545068583,0.0011188729984522453
36.901325450685825,0.001113912724057163
36.91132545068582,0.0011089853500004623
36.92132545068583,0.0011040905860702068
36.93132545068583,0.001099228145246185
36.94132545068583,0.0010943977436578903
36.95132545068583,0.0010895991005431406
36.961325450685834,0.0010848319382073491
36.97132545068584,0.001080095981983411
36.98132545068584,0.0010753909601921908
36.991325450685835,0.0010707166041036091
37.00132545068584,0.0010660726478983313
37.011325450685845,0.0010614588286300356
37.02132545068584,0.001056874886188239
37.03132545068584,0.0010523205632616804
37.04132545068585,0.0010477956053022693
37.05132545068585,0.0010432997604895723
37.06132545068585,0.0010388327796958209
37.07132545068585,0.0010343944164514388
37.08132545068585,0.0010299844269110983
37.09132545068586,0.0010256025698202784
37.101325450685856,0.0010212486064823086
37.111325450685854,0.0010169223007258988
37.12132545068586,0.0010126234188731638
37.131325450685864,0.0010083517297081145
37.14132545068586,0.0010041070044456064
37.15132545068586,0.0009998890167007375
37.161325450685865,0.0009956975424587125
37.17132545068587,0.0009915323600451424
37.18132545068587,0.0009873932500967693
37.191325450685866,0.000983279995532614
37.20132545068587,0.0009791923815255575
37.21132545068588,0.000975130195474333
37.221325450685875,0.0009710932269759099
37.23132545068587,0.0009670812677982813
37.24132545068588,0.0009630941118536479
37.25132545068588,0.0009591315551719951
37.26132545068588,0.0009551933958750312
37.27132545068588,0.0009512794341505036
37.281325450685884,0.0009473894722268898
37.29132545068589,0.0009435233143484537
37.30132545068589,0.0009396807667506384
37.311325450685885,0.0009358616376358175
37.32132545068589,0.0009320657371493933
37.331325450685895,0.0009282928773562392
37.34132545068589,0.0009245428722174583
37.35132545068589,0.0009208155375674745
37.3613254506859,0.0009171106910914516
37.3713254506859,0.0009134281523030348
37.3813254506859,0.0009097677425223871
37.3913254506859,0.0009061292848545386
37.4013254506859,0.0009025126041680428
37.41132545068591,0.0008989175270739357
37.421325450685906,0.0008953438819049707
37.431325450685904,0.0008917914986951477
37.44132545068591,0.0008882602091595297
37.451325450685914,0.0008847498466743441
37.46132545068591,0.0008812602462573423
37.47132545068591,0.0008777912445484346
37.481325450685915,0.000874342679790597
37.49132545068592,0.0008709143918110431
37.50132545068592,0.0008675062220026404
37.511325450685916,0.0008641180133055829
37.52132545068592,0.0008607496101893205
37.53132545068593,0.0008574008586347385
37.541325450685925,0.0008540716061165627
37.55132545068592,0.0008507617015860103
37.56132545068593,0.0008474709954536773
37.57132545068593,0.0008441993395726646
37.58132545068593,0.0008409465872219142
37.59132545068593,0.0008377125930897762
37.601325450685934,0.0008344972132577998
37.61132545068594,0.000831300305184747
37.62132545068594,0.0008281217276908039
37.631325450685935,0.0008249613409420107
37.64132545068594,0.0008218190064348996
37.651325450685945,0.000818694586981345
37.66132545068594,0.0008155879466935984
37.67132545068594,0.0008124989509695272
37.68132545068595,0.0008094274664780526
37.69132545068595,0.0008063733611447849
37.70132545068595,0.0008033365041378325
37.71132545068595,0.0008003167658538041
37.72132545068595,0.0007973140179039973
37.73132545068596,0.000794328133100774
37.741325450685956,0.0007913589854440976
37.751325450685954,0.0007884064501082544
37.76132545068596,0.0007854704034287483
37.771325450685964,0.0007825507228893728
37.78132545068596,0.0007796472871094361
37.79132545068596,0.0007767599758311565
37.801325450685965,0.0007738886699072251
37.81132545068597,0.0007710332512885327
37.82132545068597,0.0007681936030120426
37.831325450685966,0.0007653696091888226
37.84132545068597,0.0007625611549922353
37.85132545068598,0.0007597681266462844
37.861325450685975,0.0007569904114140953
37.87132545068597,0.0007542278975865498
37.88132545068598,0.0007514804744710666
37.89132545068598,0.0007487480323805313
37.90132545068598,0.0007460304626223517
37.91132545068598,0.0007433276574876593
37.921325450685984,0.0007406395102406471
37.93132545068599,0.0007379659151080506
37.94132545068599,0.0007353067672687448
37.951325450685985,0.0007326619628434797
37.96132545068599,0.000730031398884746
37.971325450685995,0.0007274149733667735
37.98132545068599,0.0007248125851756414
37.99132545068599,0.000722224134099517
38.001325450686,0.0007196495208190194
38.011325450686,0.0007170886468977071
38.021325450686,0.000714541414772672
38.031325450686,0.0007120077277452541
38.041325450686,0.0007094874899718756
38.05132545068601,0.0007069806064549893
38.061325450686006,0.0007044869830341307
38.071325450686004,0.0007020065263770822
38.08132545068601,0.0006995391439711503
38.091325450686014,0.0006970847441145515
38.10132545068601,0.0006946432359078956
38.11132545068601,0.000692214529245775
38.121325450686015,0.0006897985348084617
38.13132545068602,0.0006873951640537048
38.14132545068602,0.0006850043292086238
38.151325450686016,0.0006826259432616978
38.16132545068602,0.0006802599199548596
38.17132545068603,0.0006779061737756845
38.181325450686025,0.0006755646199496682
38.19132545068602,0.0006732351744325968
38.20132545068603,0.0006709177539030151
38.21132545068603,0.0006686122757547857
38.22132545068603,0.0006663186580897313
38.23132545068603,0.0006640368197103639
38.241325450686034,0.0006617666801127094
38.25132545068604,0.0006595081594792142
38.26132545068604,0.0006572611786717341
38.271325450686035,0.0006550256592246044
38.28132545068604,0.0006528015233377981
38.291325450686045,0.0006505886938701661
38.30132545068604,0.0006483870943327515
38.31132545068604,0.0006461966488821817
38.32132545068605,0.0006440172823141459
38.33132545068605,0.0006418489200569478
38.34132545068605,0.0006396914881651294
38.35132545068605,0.0006375449133131688
38.36132545068605,0.0006354091227892588
38.37132545068606,0.0006332840444891564
38.381325450686056,0.0006311696069101002
38.391325450686054,0.0006290657391447973
38.40132545068606,0.000626972370875487
38.411325450686064,0.0006248894323680721
38.42132545068606,0.0006228168544663146
38.43132545068606,0.0006207545685860961
38.441325450686065,0.0006187025067097522
38.45132545068607,0.0006166606013804715
38.46132545068607,0.0006146287856967529
38.47132545068607,0.0006126069933069284
38.48132545068607,0.0006105951584037525
38.49132545068608,0.0006085932157190543
38.501325450686075,0.0006066011005184458
38.51132545068607,0.0006046187485960901
38.52132545068608,0.0006026460962695349
38.53132545068608,0.0006006830803746044
38.54132545068608,0.000598729638260345
38.55132545068608,0.0005967857077840271
38.561325450686084,0.0005948512273062102
38.57132545068609,0.0005929261356858621
38.58132545068609,0.0005910103722755296
38.591325450686085,0.0005891038769165631
38.60132545068609,0.0005872065899344002
38.611325450686095,0.0005853184521339015
38.62132545068609,0.0005834394047947353
38.63132545068609,0.0005815693896668127
38.6413254506861,0.0005797083489657793
38.6513254506861,0.000577856225368557
38.6613254506861,0.0005760129620089312
38.6713254506861,0.000574178502473186
38.6813254506861,0.0005723527907957942
38.69132545068611,0.0005705357714551546
38.701325450686106,0.0005687273893693705
38.711325450686104,0.0005669275898920769
38.72132545068611,0.0005651363188083177
38.731325450686114,0.0005633535223304679
38.74132545068611,0.0005615791470941964
38.75132545068611,0.0005598131401544739
38.761325450686115,0.0005580554489816277
38.77132545068612,0.0005563060214574417
38.78132545068612,0.0005545648058712922
38.79132545068612,0.0005528317509163286
38.80132545068612,0.0005511068056856974
38.81132545068613,0.0005493899196688102
38.821325450686125,0.0005476810427476454
38.83132545068612,0.0005459801251930917
38.84132545068613,0.0005442871176613348
38.85132545068613,0.0005426019711902837
38.86132545068613,0.0005409246371960306
38.87132545068613,0.0005392550674693499
38.881325450686134,0.0005375932141722388
38.89132545068614,0.0005359390298344949
38.90132545068614,0.0005342924673503266
