29.181325450684618,0.15217629448814407
29.19132545068462,0.15218985106810484
29.20132545068462,0.15220353462032168
29.211325450684622,0.1522173467342259
29.221325450684624,0.15223128902417868
29.231325450684626,0.15224536312994136
29.241325450684627,0.15225957071715635
29.25132545068463,0.15227391347783834
29.26132545068463,0.15228839313087655
29.271325450684632,0.15230301142254837
29.281325450684633,0.15231777012704403
29.291325450684635,0.15233267104700357
29.301325450684637,0.15234771601406535
29.311325450684638,0.1523629068894274
29.32132545068464,0.15237824556442114
29.33132545068464,0.15239373396109834
29.341325450684643,0.15240937403283125
29.351325450684644,0.15242516776492662
29.361325450684646,0.1524411171752538
29.371325450684648,0.15245722431488704
29.38132545068465,0.15247349126876297
29.39132545068465,0.15248992015635304
29.401325450684652,0.15250651313235158
29.411325450684654,0.15252327238738014
29.421325450684655,0.152540200148708
29.431325450684657,0.1525572986809898
29.44132545068466,0.15257457028702037
29.45132545068466,0.15259201730850752
29.46132545068466,0.1526096421268631
29.471325450684663,0.15262744716401275
29.481325450684665,0.15264543488322524
29.491325450684666,0.15266360778996135
29.501325450684668,0.15268196843274334
29.51132545068467,0.1527005194040453
29.52132545068467,0.1527192633412051
29.531325450684673,0.15273820292735843
29.541325450684674,0.1527573408923954
29.551325450684676,0.15277668001394099
29.561325450684677,0.15279622311835897
29.57132545068468,0.15281597308178096
29.58132545068468,0.15283593283116065
29.591325450684682,0.15285610534535424
29.601325450684683,0.15287649365622782
29.611325450684685,0.15289710084979216
29.621325450684687,0.15291793006736612
29.631325450684688,0.15293898450676927
29.64132545068469,0.15296026742354443
29.65132545068469,0.15298178213221147
29.661325450684693,0.1530035320075526
29.671325450684694,0.1530255204859306
29.681325450684696,0.15304775106664092
29.691325450684698,0.1530702273132982
29.7013254506847,0.15309295285525878
29.7113254506847,0.15311593138907986
29.721325450684702,0.15313916668001668
29.731325450684704,0.15316266256355848
29.741325450684705,0.153186422947005
29.751325450684707,0.15321045181108392
29.76132545068471,0.15323475321161142
29.77132545068471,0.15325933128119615
29.78132545068471,0.15328419023098888
29.791325450684713,0.1533093343524785
29.801325450684715,0.15333476801933618
29.811325450684716,0.15336049568930896
29.821325450684718,0.1533865219061646
29.83132545068472,0.15341285130168875
29.84132545068472,0.15343948859773657
29.851325450684723,0.15346643860834022
29.861325450684724,0.15349370624187408
29.871325450684726,0.1535212965032795
29.881325450684727,0.15354921449635073
29.89132545068473,0.15357746542608441
29.90132545068473,0.1536060546010942
29.911325450684732,0.1536349874360929
29.921325450684733,0.15366426945444417
29.931325450684735,0.15369390629078583
29.941325450684737,0.15372390369372757
29.951325450684738,0.15375426752862492
29.96132545068474,0.1537850037804323
29.97132545068474,0.1538161185566377
29.981325450684743,0.15384761809028152
29.991325450684744,0.15387950874306236
30.001325450684746,0.15391179700853294
30.011325450684748,0.15394448951538856
30.02132545068475,0.15397759303085187
30.03132545068475,0.15401111446415652
30.041325450684752,0.15404506087013348
30.051325450684754,0.15407943945290317
30.061325450684755,0.15411425756967745
30.071325450684757,0.15414952273467436
30.08132545068476,0.1541852426231506
30.09132545068476,0.1542214250755546
30.10132545068476,0.15425807810180545
30.111325450684763,0.15429520988570097
30.121325450684765,0.1543328287894604
30.131325450684766,0.15437094335840554
30.141325450684768,0.15440956232578595
30.15132545068477,0.15444869461775276
30.16132545068477,0.15448834935848635
30.171325450684773,0.1545285358754838
30.181325450684774,0.15456926370501128
30.191325450684776,0.15461054259772775
30.201325450684777,0.15465238252448568
30.21132545068478,0.1546947936823155
30.22132545068478,0.15473778650060044
30.231325450684782,0.15478137164744843
30.241325450684784,0.1548255600362687
30.251325450684785,0.15487036283256017
30.261325450684787,0.1549157914609196
30.271325450684788,0.15496185761227807
30.28132545068479,0.1550085732513735
30.29132545068479,0.15505595062446878
30.301325450684793,0.15510400226732435
30.311325450684794,0.15515274101343507
30.321325450684796,0.15520218000254102
30.331325450684798,0.1552523326894235
30.3413254506848,0.1553032128529961
30.3513254506848,0.15535483460570298
30.361325450684802,0.1554072124032362
30.371325450684804,0.15546036105458397
30.381325450684805,0.15551429573242326
30.391325450684807,0.1555690319838703
30.40132545068481,0.15562458574160262
30.41132545068481,0.15568097333536796
30.42132545068481,0.15573821150389486
30.431325450684813,0.1557963174072217
30.441325450684815,0.15585530863946026
30.451325450684816,0.15591520324201208
30.461325450684818,0.1559760197172554
30.47132545068482,0.15603777704272254
30.48132545068482,0.15610049468578713
30.491325450684823,0.15616419261888292
30.501325450684824,0.1562288913352757
30.511325450684826,0.15629461186541158
30.521325450684827,0.15636137579386578
30.53132545068483,0.15642920527691734
30.54132545068483,0.15649812306077576
30.551325450684832,0.15656815250048803
30.561325450684834,0.1566393175795544
30.571325450684835,0.15671164293028397
30.581325450684837,0.15678515385492164
30.591325450684838,0.15685987634758025
30.60132545068484,0.1569358371170128
30.61132545068484,0.15701306361026196
30.621325450684843,0.15709158403722512
30.631325450684844,0.1571714273961763
30.641325450684846,0.15725262350028688
30.651325450684848,0.1573352030051907
30.66132545068485,0.15741919743763993
30.67132545068485,0.15750463922530192
30.681325450684852,0.15759156172774835
30.691325450684854,0.1576799992686922
30.701325450684855,0.1577699871695293
30.711325450684857,0.15786156178424574
30.72132545068486,0.15795476053575405
30.73132545068486,0.15804962195372618
30.74132545068486,0.158146185713993
30.751325450684863,0.1582444926795854
30.761325450684865,0.1583445849434949
30.771325450684866,0.15844650587323658
30.781325450684868,0.15855030015730145
30.79132545068487,0.15865601385358977
30.80132545068487,0.15876369443992266
30.811325450684873,0.1588733908667337
30.821325450684874,0.15898515361204862
30.831325450684876,0.15909903473886708
30.841325450684877,0.1592150879550664
30.85132545068488,0.1593333686759548
30.86132545068488,0.15945393408960803
30.871325450684882,0.15957684322513177
30.881325450684884,0.15970215702399937
30.891325450684885,0.15982993841462434
30.901325450684887,0.1599602523903352
30.91132545068489,0.16009316609093116
30.92132545068489,0.16022874888800626
30.93132545068489,0.16036707247424248
30.941325450684893,0.16050821095688256
30.951325450684894,0.16065224095560737
30.961325450684896,0.16079924170505544
30.971325450684898,0.1609492951622366
30.9813254506849,0.16110248611910832
30.9913254506849,0.16125890232059817
31.001325450684902,0.16141863458837483
31.011325450684904,0.16158177695068862
31.021325450684905,0.161748426778622
31.031325450684907,0.16191868492911324
31.04132545068491,0.1620926558951387
31.05132545068491,0.16227044796346438
31.06132545068491,0.16245217338040394
31.071325450684913,0.16263794852604824
31.081325450684915,0.16282789409746334
31.091325450684916,0.16302213530138485
31.101325450684918,0.16322080205697326
31.11132545068492,0.16342402920923166
31.12132545068492,0.16363195675372835
31.131325450684923,0.1638447300733101
31.141325450684924,0.16406250018753896
31.151325450684926,0.16428542401563606
31.161325450684927,0.1645136646537698
31.17132545068493,0.16474739166758498
31.18132545068493,0.16498678140093204
31.191325450684932,0.16523201730182374
31.201325450684934,0.16548329026672012
31.211325450684935,0.16574079900432206
31.221325450684937,0.16600475042013849
31.23132545068494,0.16627536002318605
31.24132545068494,0.1665528523562791
31.25132545068494,0.1668374614514765
31.261325450684943,0.16712943131236851
31.271325450684945,0.16742901642501487
31.281325450684946,0.16773648229948135
31.291325450684948,0.1680521060440722
31.30132545068495,0.16837617697451737
31.31132545068495,0.16870899726054925
31.321325450684952,0.16905088261249385
31.331325450684954,0.16940216301071034
31.341325450684955,0.1697631834809366
31.351325450684957,0.17013430491884607
31.36132545068496,0.17051590496738694
31.37132545068496,0.1709083789507685
31.38132545068496,0.171312140869275
31.391325450684963,0.17172762445943685
31.401325450684965,0.17215528432446683
31.411325450684966,0.17259559714028344
31.421325450684968,0.17304906294289676
31.43132545068497,0.17351620650342842
31.44132545068497,0.17399757879757954
31.451325450684973,0.1744937585769564
31.461325450684974,0.17500535405031592
31.471325450684976,0.17553300468350957
31.481325450684977,0.17607738312769156
31.49132545068498,0.17663919728622107
31.50132545068498,0.17721919253164187
31.511325450684982,0.17781815408516707
31.521325450684984,0.17843690957225422
31.531325450684985,0.17907633176912546
31.541325450684987,0.17973734155649312
31.55132545068499,0.18042091109830127
31.56132545068499,0.181128067265007
31.57132545068499,0.18185989532282057
31.581325450684993,0.18261754291242252
31.591325450684995,0.1834022243429984
31.601325450684996,0.18421522523001094
31.611325450684998,0.1850579075079872
31.621325450685,0.18593171485277582
31.631325450685,0.18683817855125717
31.641325450685002,0.18777892386041706
31.651325450685004,0.18875567690206413
31.661325450685005,0.18977027214434009
31.671325450685007,0.19082466052660235
31.68132545068501,0.19192091829031416
31.69132545068501,0.19306125658534354
31.70132545068501,0.19424803192863083
31.711325450685013,0.19548375760063738
31.721325450685015,0.19677111607444847
31.731325450685016,0.19811297258299473
31.741325450685018,0.19951238994172646
31.75132545068502,0.20097264475737983
31.76132545068502,0.20249724516839945
31.771325450685023,0.2040899502793304
31.781325450685024,0.20575479147029407
31.791325450685026,0.2074960957837753
31.801325450685027,0.2093185116146613
31.81132545068503,0.21122703695610423
31.82132545068503,0.21322705048369217
31.831325450685032,0.21532434579399404
31.841325450685034,0.21752516915123327
31.851325450685035,0.21983626113810611
31.861325450685037,0.22226490265410612
31.87132545068504,0.22481896575767724
31.88132545068504,0.22750696990765676
31.89132545068504,0.23033814422534074
31.901325450685043,0.23332249647165282
31.911325450685045,0.23647088951480016
31.921325450685046,0.23979512615282306
31.931325450685048,0.2433080432527572
31.94132545068505,0.24702361627359126
31.95132545068505,0.25095707535320727
31.961325450685052,0.2551250342587362
31.971325450685054,0.25954563362293626
31.981325450685056,0.2642387000125701
31.991325450685057,0.2692259224925465
32.00132545068506,0.2745310484532083
32.011325450685064,0.28018010054505027
32.02132545068506,0.28620161659734
32.03132545068506,0.29262691435923566
32.041325450685065,0.2994903827581348
32.05132545068507,0.3068298010709185
32.06132545068507,0.3146866868807592
32.071325450685066,0.3231066728515136
32.08132545068507,0.3321399110656512
32.091325450685076,0.3418415017671806
32.101325450685074,0.35227194059540534
32.11132545068507,0.36349757447813985
32.12132545068508,0.37559105086402456
32.13132545068508,0.38863173737654405
32.14132545068508,0.40270607857631424
32.15132545068508,0.41790784245008183
32.161325450685084,0.4343381904302427
32.17132545068509,0.45210547991447836
32.18132545068509,0.4713246759797134
32.191325450685085,0.4921162078372675
32.20132545068509,0.5146040544126955
32.211325450685095,0.53891278195069
32.22132545068509,0.5651631862374707
32.23132545068509,0.5934661177445087
32.241325450685096,0.6239140002673853
32.2513254506851,0.6565695119709121
32.2613254506851,0.6914509147126705
32.2713254506851,0.7285136428306459
32.2813254506851,0.7676280653336628
32.29132545068511,0.8085539003311535
32.301325450685106,0.8509126716705251
32.3113254506851,0.8941609013095267
32.32132545068511,0.9375683700205728
32.331325450685114,0.9802075041819295
32.34132545068511,1.0209612312926102
32.35132545068511,1.05855667708365
32.361325450685115,1.0916299140565846
32.37132545068512,1.1188219699254172
32.38132545068512,1.1388987286021839
32.391325450685116,1.1508788880331486
32.40132545068512,1.1541477793121138
32.411325450685126,1.1485338503229827
32.421325450685124,1.134330706024223
32.43132545068512,1.1122595703549383
32.44132545068513,1.0833808620217718
32.45132545068513,1.0489742873366477
32.46132545068513,1.010411045815199
32.47132545068513,0.9690390584155917
32.481325450685134,0.9260948745482057
32.49132545068514,0.8826474333321244
32.50132545068514,0.8395718607391817
32.511325450685135,0.7975472585416122
32.52132545068514,0.7570709442506027
32.531325450685145,0.7184820556478719
32.54132545068514,0.6819889037086138
32.55132545068514,0.647696198821283
32.561325450685146,0.6156298400060526
32.57132545068515,0.5857581562254722
32.58132545068515,0.5580093012510161
32.59132545068515,0.5322849902773982
32.60132545068515,0.5084710144237061
32.61132545068516,0.4864450599169099
32.621325450685156,0.4660823561002726
32.631325450685154,0.44725962527875285
32.64132545068516,0.4298577364804791
32.651325450685164,0.41376339123797445
32.66132545068516,0.39887010122456873
32.67132545068516,0.3850786587843482
32.681325450685165,0.3722972529630906
32.69132545068517,0.3604413449826881
32.70132545068517,0.34943338694141957
32.711325450685166,0.33920244441791236
32.72132545068517,0.32968376621651097
32.731325450685176,0.32081833149326144
32.741325450685174,0.3125523949247632
32.75132545068517,0.3048370436043791
32.76132545068518,0.29762777432453813
32.77132545068518,0.2908840963300061
32.78132545068518,0.2845691621236622
32.79132545068518,0.2786494271857098
32.801325450685184,0.2730943383140257
32.81132545068519,0.26787604954778044
32.82132545068519,0.2629691641807812
32.831325450685185,0.25835050111884383
32.84132545068519,0.25399888372397333
32.851325450685195,0.2498949492717546
32.86132545068519,0.24602097719455074
32.87132545068519,0.2423607343686051
32.881325450685196,0.23889933581155132
32.8913254506852,0.23562311927678325
32.9013254506852,0.23251953235492784
32.9113254506852,0.2295770308151106
32.9213254506852,0.22678498703647
32.93132545068521,0.22413360749145594
32.941325450685206,0.22161385834579278
32.951325450685204,0.21921739833511517
32.96132545068521,0.21693651816512738
32.971325450685214,0.21476408576092687
32.98132545068521,0.21269349676230515
32.99132545068521,0.21071862972588581
33.001325450685215,0.20883380555240189
33.01132545068522,0.20703375070882282
33.02132545068522,0.20531356386098965
33.031325450685216,0.20366868557342907
33.04132545068522,0.20209487076957186
33.051325450685226,0.2005881636781572
33.061325450685224,0.19914487502061523
33.07132545068522,0.19776156122005095
33.08132545068523,0.19643500543544704
33.09132545068523,0.1951622002451673
33.10132545068523,0.19394033182207748
33.11132545068523,0.19276676545885182
33.121325450685234,0.19163903231650958
33.13132545068524,0.19055481728212592
33.14132545068524,0.18951194783317915
33.151325450685235,0.18850838381628154
33.16132545068524,0.18754220805722
33.171325450685245,0.1866116177274347
33.18132545068524,0.18571491639940194
33.19132545068524,0.18485050672996356
33.201325450685246,0.1840168837165273
33.21132545068525,0.1832126284763324
33.22132545068525,0.1824364025037057
33.23132545068525,0.1816869423644877
33.24132545068525,0.18096305479062197
33.25132545068526,0.18026361214133044
33.261325450685256,0.17958754820038517
33.271325450685254,0.1789338542817733
33.28132545068526,0.17830157561855886
33.291325450685264,0.17768980801200265
33.30132545068526,0.17709769472004483
33.31132545068526,0.17652442356610265
33.321325450685265,0.17596922425080525
33.33132545068527,0.17543136585079253
33.34132545068527,0.17491015449007483
33.351325450685266,0.17440493117069206
33.36132545068527,0.17391506975053547
33.371325450685276,0.17343997505721376
33.381325450685274,0.17297908112777227
33.39132545068527,0.172531849564921
33.40132545068528,0.17209776800119442
33.41132545068528,0.17167634866316128
33.42132545068528,0.1712671270284412
33.43132545068528,0.17086966056886682
33.441325450685284,0.17048352757366056
33.45132545068529,0.17010832604697707
33.46132545068529,0.169743672674604
33.471325450685285,0.16938920185502201
33.48132545068529,0.16904456479039312
33.491325450685295,0.168709428633385
33.50132545068529,0.16838347568604906
33.51132545068529,0.1680664026472565
33.521325450685296,0.16775791990545916
33.5313254506853,0.16745775087377857
33.5413254506853,0.1671656313646485
33.5513254506853,0.16688130900144008
33.5613254506853,0.16660454266468555
33.57132545068531,0.16633510197068588
33.581325450685306,0.1660727667804466
33.591325450685304,0.16581732673703292
33.60132545068531,0.1655685808295695
33.611325450685314,0.16532633698223292
33.62132545068531,0.16509041166669938
33.63132545068531,0.1648606295366166
33.641325450685315,0.16463682308276775
33.65132545068532,0.16441883230768292
33.66132545068532,0.1642065044185377
33.671325450685316,0.1639996935372574
33.68132545068532,0.16379826042681636
33.691325450685326,0.16360207223278705
33.701325450685324,0.16341100223925542
33.71132545068532,0.1632249296382769
33.72132545068533,0.1630437393120999
33.73132545068533,0.16286732162743273
33.74132545068533,0.1626955722410737
33.75132545068533,0.16252839191626955
33.761325450685334,0.16236568634920445
33.77132545068534,0.16220736600505967
33.78132545068534,0.1620533459631155
33.791325450685335,0.16190354577040192
33.80132545068534,0.16175788930343232
33.811325450685345,0.1616163046375813
33.82132545068534,0.16147872392369356
33.83132545068534,0.16134508327153518
33.841325450685346,0.16121532263972058
33.85132545068535,0.16108938573176781
33.86132545068535,0.16096721989795537
33.87132545068535,0.16084877604267062
33.88132545068535,0.16073400853695793
33.89132545068536,0.16062287513598858
33.901325450685356,0.16051533690118955
33.911325450685354,0.1604113581267821
33.92132545068536,0.1603109062704939
33.931325450685364,0.16021395188821938
33.94132545068536,0.16012046857241397
33.95132545068536,0.16003043289401905
33.961325450685365,0.15994382434772333
33.97132545068537,0.15986062530037543
33.98132545068537,0.1597808209423699
33.991325450685366,0.15970439924183827
34.00132545068537,0.15963135090148295
34.011325450685376,0.15956166931789834
34.021325450685374,0.15949535054323016
34.03132545068537,0.15943239324903008
34.04132545068538,0.15937279869216775
34.05132545068538,0.15931657068266789
34.06132545068538,0.15926371555334404
34.07132545068538,0.15921424213110602
34.081325450685384,0.15916816170982184
34.09132545068539,0.15912548802461815
34.10132545068539,0.15908623722750798
34.111325450685385,0.15905042786423654
34.12132545068539,0.15901808085224062
34.131325450685395,0.15898921945961836
34.14132545068539,0.15896386928501
34.15132545068539,0.15894205823829233
34.161325450685396,0.15892381652199206
34.1713254506854,0.1589091766133256
34.1813254506854,0.15889817324677452
34.1913254506854,0.15889084339710824
34.2013254506854,0.15888722626276713
34.21132545068541,0.15888736324952132
34.221325450685406,0.15889129795432108
34.231325450685404,0.15889907614925777
34.24132545068541,0.1589107457655542
34.251325450685414,0.15892635687750578
34.26132545068541,0.15894596168629427
34.27132545068541,0.15896961450359817
34.281325450685415,0.1589973717349239
34.29132545068542,0.15902929186258363
34.30132545068542,0.15906543542824725
34.311325450685416,0.15910586501499574
34.32132545068542,0.15915064522880557
34.331325450685426,0.159199842679394
34.341325450685424,0.15925352596035633
34.35132545068542,0.15931176562852795
34.36132545068543,0.15937463418250328
34.37132545068543,0.15944220604024661
34.38132545068543,0.15951455751573002
34.39132545068543,0.15959176679453466
34.401325450685434,0.15967391390835226
34.41132545068544,0.15976108070832593
34.42132545068544,0.1598533508371696
34.431325450685435,0.15995080970000694
34.44132545068544,0.1600535444338713
34.451325450685445,0.16016164387580972
34.46132545068544,0.16027519852953603
34.47132545068544,0.16039430053057835
34.481325450685446,0.16051904360986735
34.49132545068545,0.16064952305571437
34.50132545068545,0.16078583567412927
34.51132545068545,0.1609280797474293
34.52132545068545,0.16107635499109133
34.53132545068546,0.16123076250880233
34.541325450685456,0.161391404745665
34.551325450685454,0.1615583854395157
34.56132545068546,0.1617318095703147
34.571325450685464,0.16191178330757003
34.58132545068546,0.16209841395576
34.59132545068546,0.16229180989771871
34.601325450685465,0.16249208053595285
34.61132545068547,0.16269933623185914
34.62132545068547,0.16291368824281638
34.631325450685466,0.16313524865712511
34.64132545068547,0.16336413032677216
34.651325450685476,0.16360044679799945
34.661325450685474,0.16384431223966006
34.67132545068547,0.16409584136934574
34.68132545068548,0.16435514937727227
34.69132545068548,0.16462235184791368
34.70132545068548,0.16489756467937894
34.71132545068548,0.16518090400052687
34.721325450685484,0.16547248608581683
34.73132545068549,0.16577242726789856
34.74132545068549,0.1660808438479469
34.751325450685485,0.16639785200374935
34.76132545068549,0.16672356769555696
34.771325450685495,0.16705810656971504
34.78132545068549,0.16740158386009246
34.79132545068549,0.16775411428733136
34.801325450685496,0.16811581195594133
34.8113254506855,0.16848679024926821
34.8213254506855,0.16886716172237165
34.8313254506855,0.16925703799284628
34.8413254506855,0.16965652962962632
34.85132545068551,0.17006574603981792
34.861325450685506,0.1704847953536086
34.871325450685504,0.17091378430730425
34.88132545068551,0.17135281812454778
34.891325450685514,0.17180200039578014
34.90132545068551,0.17226143295600801
34.91132545068551,0.1727312157609446
34.921325450685515,0.17321144676159278
34.93132545068552,0.1737022217773475
34.94132545068552,0.1742036343676976
34.951325450685516,0.17471577570260832
34.96132545068552,0.17523873443167107
34.97132545068553,0.17577259655211094
34.981325450685524,0.1763174452757497
34.99132545068552,0.17687336089502037
35.00132545068553,0.17744042064813453
35.01132545068553,0.17801869858350983
35.02132545068553,0.17860826542356886
35.03132545068553,0.17920918842802197
35.041325450685534,0.17982153125674857
35.05132545068554,0.1804453538323998
35.06132545068554,0.18108071220284766
35.071325450685535,0.18172765840360733
35.08132545068554,0.18238624032036038
35.091325450685545,0.18305650155171527
35.10132545068554,0.18373848127234385
35.11132545068554,0.18443221409663163
35.121325450685546,0.18513772994298325
35.13132545068555,0.18585505389892976
35.14132545068555,0.18658420608718862
35.15132545068555,0.1873252015328243
35.16132545068555,0.18807805003166128
35.17132545068556,0.1888427560201052
35.181325450685556,0.1896193184465324
35.191325450685554,0.19040773064440453
35.20132545068556,0.19120798020726618
35.211325450685564,0.19202004886579016
35.22132545068556,0.1928439123670358
35.23132545068556,0.1936795403560831
35.241325450685565,0.19452689626020528
35.25132545068557,0.1953859371757486
35.26132545068557,0.1962566137578883
35.271325450685566,0.197138870113426
35.28132545068557,0.1980326436967923
35.29132545068558,0.19893786520942494
35.301325450685574,0.19985445850269126
35.31132545068557,0.20078234048451907
35.32132545068558,0.20172142102989804
35.33132545068558,0.20267160289541933
35.34132545068558,0.20363278163801848
35.35132545068558,0.20460484553808117
35.361325450685584,0.2055876755270682
35.37132545068559,0.20658114511982084
35.38132545068559,0.2075851203517049
35.391325450685585,0.20859945972074287
35.40132545068559,0.20962401413488346
35.411325450685595,0.21065862686455672
35.42132545068559,0.21170313350066325
35.43132545068559,0.21275736191813424
35.441325450685596,0.21382113224519705
35.4513254506856,0.2148942568384815
35.4613254506856,0.2159765402640988
35.4713254506856,0.21706777928481413
35.4813254506856,0.21816776285342965
35.49132545068561,0.21927627211249456
35.501325450685606,0.2203930804004554
35.511325450685604,0.22151795326434676
35.52132545068561,0.22265064847911736
35.531325450685614,0.22379091607368723
35.54132545068561,0.22493849836382457
35.55132545068561,0.22609312999191944
35.561325450685615,0.22725453797372386
35.57132545068562,0.22842244175212795
35.58132545068562,0.22959655325803502
35.591325450685616,0.23077657697838458
35.60132545068562,0.23196221003136455
35.61132545068563,0.2331531422488543
35.621325450685625,0.23434905626613062
35.63132545068562,0.23554962761885603
35.64132545068563,0.23675452484735982
35.65132545068563,0.23796340960822088
35.66132545068563,0.2391759367931535
35.67132545068563,0.24039175465518206
35.681325450685634,0.24161050494208203
35.69132545068564,0.24283182303706255
35.70132545068564,0.24405533810665797
35.711325450685635,0.24528067325577968
35.72132545068564,0.24650744568987065
35.731325450685645,0.24773526688410336
35.74132545068564,0.24896374275955319
35.75132545068564,0.2501924738662623
35.761325450685646,0.25142105557310235
35.77132545068565,0.2526490782643398
35.78132545068565,0.25387612754280053
35.79132545068565,0.2551017844395138
35.80132545068565,0.25632562562970723
35.81132545068566,0.2575472236550218
35.821325450685656,0.25876614715180823
35.831325450685654,0.25998196108535
35.84132545068566,0.2611942269898486
35.851325450685664,0.26240250321400815
35.86132545068566,0.26360634517204395
35.87132545068566,0.2648053055999285
35.881325450685665,0.26599893481667736
35.89132545068567,0.26718678099047877
35.90132545068567,0.2683683904094603
35.911325450685666,0.2695433077568751
35.92132545068567,0.2707110763904791
35.93132545068568,0.27187123862587365
35.941325450685675,0.273023336023579
35.95132545068567,0.2741669096795907
35.96132545068568,0.27530150051916674
35.97132545068568,0.276426649593591
35.98132545068568,0.27754189837965443
35.99132545068568,0.27864678908158297
36.001325450685684,0.27974086493513545
36.01132545068569,0.28082367051359725
36.02132545068569,0.28189475203538916
36.031325450685685,0.2829536576730024
36.04132545068569,0.28399993786296424
36.051325450685695,0.28503314561654436
36.06132545068569,0.28605283683090577
36.07132545068569,0.28705857060039636
36.081325450685696,0.2880499095276755
36.0913254506857,0.2890264200343732
36.1013254506857,0.28998767267097547
36.1113254506857,0.2909332424256271
36.1213254506857,0.29186270903153666
36.13132545068571,0.2927756572726772
36.141325450685706,0.29367167728747534
36.151325450685704,0.29455036487017483
36.16132545068571,0.2954113217695612
36.171325450685714,0.2962541559847434
36.18132545068571,0.2970784820576863
36.19132545068571,0.29788392136218483
36.201325450685715,0.2986701023889765
36.21132545068572,0.2994366610266912
36.22132545068572,0.3001832408383449
36.231325450685716,0.3009094933330797
36.24132545068572,0.3016150782328569
36.25132545068573,0.3022996637338211
36.261325450685725,0.30296292676205394
36.27132545068572,0.30360455322343893
36.28132545068573,0.3042242382473657
36.29132545068573,0.304821686424009
36.30132545068573,0.3053966120349253
36.31132545068573,0.3059487392767127
36.321325450685734,0.30647780247748635
36.33132545068574,0.30698354630593305
36.34132545068574,0.30746572597271493
36.351325450685735,0.30792410742399756
36.36132545068574,0.3083584675268866
36.371325450685745,0.30876859424656755
36.38132545068574,0.3091542868149527
36.39132545068574,0.3095153558906448
36.401325450685746,0.30985162371003755
36.41132545068575,0.31016292422938496
36.42132545068575,0.31044910325767994
36.43132545068575,0.3107100185801923
36.44132545068575,0.3109455400725255
36.45132545068576,0.31115554980506477
36.461325450685756,0.31133994213769833
36.471325450685754,0.31149862380470583
36.48132545068576,0.3116315139897139
36.491325450685764,0.31173854439063764
36.50132545068576,0.3118196592745335
36.51132545068576,0.3118748155223
36.521325450685765,0.311903982663176
36.53132545068577,0.31190708050459215
36.54132545068577,0.31187973621827686
36.551325450685766,0.3118192900666737
36.56132545068577,0.311725775131681
36.57132545068578,0.31159924499407066
36.581325450685775,0.3114397736776753
36.59132545068577,0.31124745557252065
36.60132545068578,0.31102240533701364
36.61132545068578,0.31076475777932766
36.62132545068578,0.31047466771815485
36.63132545068578,0.31015230982302644
36.641325450685784,0.30979787843443174
36.65132545068579,0.3094115873639934
36.66132545068579,0.3089936696749854
36.671325450685785,0.30854437744350893
36.68132545068579,0.3080639815006677
36.691325450685795,0.30755277115611335
36.70132545068579,0.3070110539033504
36.71132545068579,0.3064391551072232
36.7213254506858,0.3058374176740303
36.7313254506858,0.3052062017047311
36.7413254506858,0.30454588413173533
36.7513254506858,0.3038568583397866
36.7613254506858,0.30313953377147607
36.77132545068581,0.3023943355179376
36.781325450685806,0.3016217038952944
36.791325450685804,0.3008220940074472
36.80132545068581,0.2999959752958148
36.811325450685814,0.29914383107664677
36.82132545068581,0.298266158066543
36.83132545068581,0.2973634658968327
36.841325450685815,0.2964362766174793
36.85132545068582,0.2954851241911831
36.86132545068582,0.2945105539783631
36.871325450685816,0.29351312221371473
36.88132545068582,0.2924933954750458
36.89132545068583,0.2914519501450984
36.901325450685825,0.2903893718670634
36.91132545068582,0.2893062549945098
36.92132545068583,0.28820320203645056
36.93132545068583,0.28708082309826355
36.94132545068583,0.2859397353191875
36.95132545068583,0.2847805623071147
36.961325450685834,0.28360393357140634
36.97132545068584,0.2824104839544402
36.98132545068584,0.28120085306260206
36.991325450685835,0.2799756846974286
37.00132545068584,0.27873562628760673
37.011325450685845,0.2774813283225175
37.02132545068584,0.27621344378800594
37.03132545068584,0.27493262760505394
37.04132545068585,0.27363953607202285
37.05132545068585,0.2723348263111149
37.06132545068585,0.2710191557196885
37.07132545068585,0.26969318142705667
37.08132545068585,0.26835755975738323
37.09132545068586,0.2670129456992697
37.101325450685856,0.2656599923826076
37.111325450685854,0.26429935056326426
37.12132545068586,0.26293166811614915
37.131325450685864,0.26155758953718655
37.14132545068586,0.2601777554546958
37.15132545068586,0.2587928021506729
37.161325450685865,0.25740336109244566
37.17132545068587,0.2560100584751451
37.18132545068587,0.254613514775416
37.191325450685866,0.2532143443167759
37.20132545068587,0.25181315484700806
37.21132545068588,0.2504105471279459
37.221325450685875,0.24900711453798283
37.23132545068587,0.24760344268762596
37.24132545068588,0.24620010904839018
37.25132545068588,0.244797682595297
37.26132545068588,0.24339672346322003
37.27132545068588,0.24199778261730281
37.281325450685884,0.24060140153765175
37.29132545068589,0.23920811191847546
37.30132545068589,0.23781843538181802
37.311325450685885,0.23643288320601946
37.32132545068589,0.23505195606901222
37.331325450685895,0.23367614380653257
37.34132545068589,0.23230592518530313
37.35132545068589,0.2309417676912277
37.3613254506859,0.2295841273326178
37.3713254506859,0.22823344845844018
37.3813254506859,0.2268901635915545
37.3913254506859,0.22555469327689523
37.4013254506859,0.22422744594453267
37.41132545068591,0.22290881778751975
37.421325450685906,0.2215991926544112
37.431325450685904,0.22029894195633104
37.44132545068591,0.21900842458844555
37.451325450685914,0.217727986865672
37.46132545068591,0.2164579624724387
37.47132545068591,0.2151986724263003
37.481325450685915,0.21395042505519712
37.49132545068592,0.2127135159881241
37.50132545068592,0.21148822815896082
37.511325450685916,0.21027483182320655
37.52132545068592,0.2090735845873509
37.53132545068593,0.20788473145059067
37.541325450685925,0.20670850485859268
37.55132545068592,0.20554512476899625
37.56132545068593,0.2043947987283399
37.57132545068593,0.20325772196007946
37.58132545068593,0.202134077463356
37.59132545068593,0.20102403612217037
37.601325450685934,0.19992775682461375
37.61132545068594,0.19884538659178919
37.62132545068594,0.19777706071605466
37.631325450685935,0.19672290290821787
37.64132545068594,0.1956830254533093
37.651325450685945,0.19465752937454833
37.66132545068594,0.19364650460511662
37.67132545068594,0.19265003016735355
37.68132545068595,0.1916681743589891
37.69132545068595,0.19070099494602105
37.70132545068595,0.18974853936184302
37.71132545068595,0.188810844912237
37.72132545068595,0.18788793898584322
37.73132545068596,0.18697983926971642
37.741325450685956,0.1860865539695808
37.751325450685954,0.18520808203440225
37.76132545068596,0.18434441338490087
37.771325450685964,0.18349552914562414
37.78132545068596,0.18266140188020635
37.79132545068596,0.1818419958294495
37.801325450685965,0.18103726715186527
37.81132545068597,0.1802471641663192
37.82132545068597,0.17947162759642407
37.831325450685966,0.1787105908163411
37.84132545068597,0.17796398009765385
37.85132545068598,0.17723171485698233
37.861325450685975,0.1765137079040136
37.87132545068597,0.17580986568963639
37.88132545068598,0.17512008855387567
37.89132545068598,0.1744442709733277
37.90132545068598,0.1737823018078048
37.91132545068598,0.17313406454591207
37.921325450685984,0.17249943754928768
37.93132545068599,0.17187829429524323
37.94132545068599,0.17127050361755128
37.951325450685985,0.1706759299451398
37.96132545068599,0.17009443353846357
37.971325450685995,0.16952587072332814
37.98132545068599,0.1689700941219533
37.99132545068599,0.1684269528810752
38.001325450686,0.1678962928968974
38.011325450686,0.16737795703670658
38.021325450686,0.16687178535698066
38.031325450686,0.1663776153178287
38.041325450686,0.1658952819936128
38.05132545068601,0.1654246182796088
38.061325450686006,0.16496545509457283
38.071325450686004,0.16451762157909383
38.08132545068601,0.1640809452896205
38.091325450686014,0.16365525238805984
38.10132545068601,0.1632403678268524
38.11132545068601,0.1628361155294424
38.121325450686015,0.16244231856606958
38.13132545068602,0.16205879932481568
38.14132545068602,0.1616853796778484
38.151325450686016,0.16132188114281618
38.16132545068602,0.16096812503935476
38.17132545068603,0.16062393264067418
38.181325450686025,0.16028912532020093
38.19132545068602,0.15996352469326203
38.20132545068603,0.15964695275380317
38.21132545068603,0.15933923200613986
38.22132545068603,0.15904018559174748
38.23132545068603,0.1587496374111038
38.241325450686034,0.15846741224060543
38.25132545068604,0.15819333584458353
38.26132545068604,0.15792723508244977
38.271325450686035,0.15766893801101212
38.28132545068604,0.15741827398200453
38.291325450686045,0.15717507373487882
38.30132545068604,0.15693916948491177
38.31132545068604,0.15671039500668715
38.32132545068605,0.15648858571301646
38.33132545068605,0.15627357872936457
38.34132545068605,0.15606521296385184
38.35132545068605,0.15586332917290768
38.36132545068605,0.155667770022655
38.37132545068606,0.1554783801461065
38.381325450686056,0.15529500619625677
38.391325450686054,0.15511749689515847
38.40132545068606,0.15494570307907238
38.411325450686064,0.15477947773978304
38.42132545068606,0.15461867606217353
38.43132545068606,0.15446315545815545
38.441325450686065,0.15431277559705217
38.45132545068607,0.15416739843253274
38.46132545068607,0.15402688822619684
38.47132545068607,0.15389111156791072
38.48132545068607,0.15375993739299676
38.49132545068608,0.1536332369963774
38.501325450686075,0.15351088404377566
38.51132545068607,0.15339275458007495
38.52132545068608,0.1532787270349405
38.53132545068608,0.15316868222580463
38.54132545068608,0.15306250335831695
38.55132545068608,0.15296007602436143
38.561325450686084,0.1528612881977411
38.57132545068609,0.15276603022763008
38.58132545068609,0.15267419482989153
38.591325450686085,0.15258567707635987
38.60132545068609,0.15250037438218447
38.611325450686095,0.15241818649132977
38.62132545068609,0.15233901546032616
38.63132545068609,0.1522627656403644
38.6413254506861,0.15218934365782508
38.6513254506861,0.15211865839333266
38.6613254506861,0.15205062095942157
38.6713254506861,0.1519851446769006
38.6813254506861,0.15192214505000057
38.69132545068611,0.1518615397403869
38.701325450686106,0.15180324854011792
38.711325450686104,0.1517471933436269
38.72132545068611,0.15169329811880516
38.731325450686114,0.15164148887725992
38.74132545068611,0.15159169364381922
38.75132545068611,0.1515438424253543
38.761325450686115,0.1514978671789873
38.77132545068612,0.15145370177975065
38.78132545068612,0.15141128198776074
38.79132545068612,0.15137054541496855
38.80132545068612,0.15133143149154604
38.81132545068613,0.15129388143196562
38.821325450686125,0.15125783820082764
38.83132545068612,0.15122324647848875
38.84132545068613,0.15119005262654223
38.85132545068613,0.15115820465319826
38.86132545068613,0.15112765217861135
38.87132545068613,0.15109834640019848
38.881325450686134,0.15107024005799127
38.89132545068614,0.15104328740006187
38.90132545068614,0.15101744414806106
