29.181325450684618,1.499539854677255e-20
29.19132545068462,1.6893270674657194e-20
29.20132545068462,1.9028256269895206e-20
29.211325450684622,2.1429585279230023e-20
29.221325450684624,2.4130041246854687e-20
29.231325450684626,2.716638715220157e-20
29.241325450684627,3.057984151695063e-20
29.25132545068463,3.4416610623292014e-20
29.26132545068463,3.8728483353398435e-20
29.271325450684632,4.357349590303813e-20
29.281325450684633,4.9016674448606865e-20
29.291325450684635,5.513086476572515e-20
29.301325450684637,6.199765881912367e-20
29.311325450684638,6.970842947911583e-20
29.32132545068464,7.836548578200094e-20
29.33132545068464,8.808336255406676e-20
29.341325450684643,9.899025977684274e-20
29.351325450684644,1.1122964880177178e-19
29.361325450684646,1.249620644443301e-19
29.371325450684648,1.4036710412157458e-19
29.38132545068465,1.5764565756615155e-19
29.39132545068465,1.7702239327926017e-19
29.401325450684652,1.9874853080321008e-19
29.411325450684654,2.2310493113195846e-19
29.421325450684655,2.5040554116979812e-19
29.431325450684657,2.810012321322246e-19
29.44132545068466,3.1528407620071217e-19
29.45132545068466,3.536921106414346e-19
29.46132545068466,3.9671464402756343e-19
29.471325450684663,4.44898165222835e-19
29.481325450684665,4.988529224526716e-19
29.491325450684666,5.592602471774597e-19
29.501325450684668,6.268807056666946e-19
29.51132545068467,7.025631702368272e-19
29.52132545068467,7.872549121522365e-19
29.531325450684673,8.820128293005537e-19
29.541325450684674,9.880159340529389e-19
29.551325450684676,1.1065792403319275e-18
29.561325450684677,1.2391692039706953e-18
29.57132545068468,1.3874208871100091e-18
29.58132545068468,1.5531570358090313e-18
29.591325450684682,1.738409280427179e-18
29.601325450684683,1.9454416908696625e-18
29.611325450684685,2.1767769437009473e-18
29.621325450684687,2.43522538566502e-18
29.631325450684688,2.723917308577938e-18
29.64132545068469,3.0463387841768002e-18
29.65132545068469,3.4063714446444084e-18
29.661325450684693,3.808336635543995e-18
29.671325450684694,4.257044413189482e-18
29.681325450684696,4.757847908477863e-18
29.691325450684698,5.316703634406397e-18
29.7013254506847,5.9402383754101234e-18
29.7113254506847,6.635823363871576e-18
29.721325450684702,7.411656523304679e-18
29.731325450684704,8.276853639508632e-18
29.741325450684705,9.241549411185859e-18
29.751325450684707,1.0317009430974943e-17
29.76132545068471,1.1515754257488673e-17
29.77132545068471,1.2851696859791583e-17
29.78132545068471,1.4340294848919805e-17
29.791325450684713,1.5998719057772955e-17
29.801325450684715,1.784604019233014e-17
29.811325450684716,1.9903435455159718e-17
29.821325450684718,2.219441723821146e-17
29.83132545068472,2.474508619769094e-17
29.84132545068472,2.7584411261375313e-17
29.851325450684723,3.074453938016936e-17
29.861325450684724,3.426113812337865e-17
29.871325450684726,3.81737745336601e-17
29.881325450684727,4.2526334005725815e-17
29.89132545068473,4.73674833356909e-17
29.90132545068473,5.2751182508897695e-17
29.911325450684732,5.873725025675736e-17
29.921325450684733,6.539198892175691e-17
29.931325450684735,7.278887472865216e-17
29.941325450684737,8.100932017392076e-17
29.951325450684738,9.014351592005322e-17
29.96132545068474,1.0029136032210772e-16
29.97132545068474,1.115634855273688e-16
29.981325450684743,1.2408238998207338e-16
29.991325450684744,1.3798368815942436e-16
30.001325450684746,1.5341748939896182e-16
30.011325450684748,1.7054991892777843e-16
30.02132545068475,1.8956479542907976e-16
30.03132545068475,2.1066548094394381e-16
30.041325450684752,2.3407692044977754e-16
30.051325450684754,2.6004789016676134e-16
30.061325450684755,2.888534755156657e-16
30.071325450684757,3.2079780170225017e-16
30.08132545068476,3.562170421518285e-16
30.09132545068476,3.954827324808781e-16
30.10132545068476,4.3900542039069894e-16
30.111325450684763,4.872386848232643e-16
30.121325450684765,5.406835609548619e-16
30.131325450684766,5.998934111453636e-16
30.141325450684768,6.654792858380187e-16
30.15132545068477,7.381158226474501e-16
30.16132545068477,8.185477365156609e-16
30.171325450684773,9.07596958893984e-16
30.181325450684774,1.0061704894629213e-15
30.191325450684776,1.1152690299750158e-15
30.201325450684777,1.2359964764458625e-15
30.21132545068478,1.3695703531760021e-15
30.22132545068478,1.5173332800186429e-15
30.231325450684782,1.680765572974903e-15
30.241325450684784,1.8614990876664624e-15
30.251325450684785,2.0613324255769637e-15
30.261325450684787,2.2822476342472184e-15
30.271325450684788,2.5264285449388848e-15
30.28132545068479,2.7962809047419253e-15
30.29132545068479,3.0944544747907724e-15
30.301325450684793,3.423867282284261e-15
30.311325450684794,3.787732231492618e-15
30.321325450684796,4.189586298010348e-15
30.331325450684798,4.6333225513174084e-15
30.3413254506848,5.123225273393242e-15
30.3513254506848,5.664008465856794e-15
30.361325450684802,6.260858065055361e-15
30.371325450684804,6.9194782138960275e-15
30.381325450684805,7.64614197120947e-15
30.391325450684807,8.447746874292897e-15
30.40132545068481,9.331875808238145e-15
30.41132545068481,1.030686367698479e-14
30.42132545068481,1.1381870416037642e-14
30.431325450684813,1.2566960935765743e-14
30.441325450684815,1.3873192637500999e-14
30.451325450684816,1.5312711202646683e-14
30.461325450684818,1.689885541809112e-14
30.47132545068482,1.8646271869831924e-14
30.48132545068482,2.0571040411324193e-14
30.491325450684823,2.269081139417697e-14
30.501325450684824,2.50249557369834e-14
30.511325450684826,2.759472900388897e-14
30.521325450684827,3.042345076859814e-14
30.53132545068483,3.353670065261777e-14
30.54132545068483,3.6962532549358676e-14
30.551325450684832,4.0731708679100827e-14
30.561325450684834,4.4877955264630644e-14
30.571325450684835,4.9438241774548725e-14
30.581325450684837,5.4453085851824353e-14
30.591325450684838,5.996688623027549e-14
30.60132545068484,6.602828614243236e-14
30.61132545068484,7.26905699400405e-14
30.621325450684843,8.001209588460334e-14
30.631325450684844,8.805676832143005e-14
30.641325450684846,9.689455272817447e-14
30.651325450684848,1.0660203742965985e-13
30.66132545068485,1.1726304609668273e-13
30.67132545068485,1.2896930549957071e-13
30.681325450684852,1.4182117336968156e-13
30.691325450684854,1.5592843163613795e-13
30.701325450684855,1.7141115075345353e-13
30.711325450684857,1.8840063132100136e-13
30.72132545068486,2.0704042972054622e-13
30.73132545068486,2.2748747506634114e-13
30.74132545068486,2.4991328537713095e-13
30.751325450684863,2.745052915443336e-13
30.761325450684865,3.0146827838982865e-13
30.771325450684866,3.31025952884149e-13
30.781325450684868,3.634226504362953e-13
30.79132545068487,3.9892519107457594e-13
30.80132545068487,4.378248983192367e-13
30.811325450684873,4.804397946077061e-13
30.821325450684874,5.271169882783052e-13
30.831325450684876,5.782352683547119e-13
30.841325450684877,6.342079247083118e-13
30.85132545068488,6.954858126164799e-13
30.86132545068488,7.625606822898454e-13
30.871325450684882,8.359687956193442e-13
30.881325450684884,9.162948542038669e-13
30.891325450684885,1.0041762646713844e-12
30.901325450684887,1.1003077694112902e-12
30.91132545068489,1.2054464731051965e-12
30.92132545068489,1.3204172978894464e-12
30.93132545068489,1.4461189026184621e-12
30.941325450684893,1.5835301045385163e-12
30.951325450684894,1.7337168447405831e-12
30.961325450684896,1.8978397420561595e-12
30.971325450684898,2.0771622836077587e-12
30.9813254506849,2.273059704045289e-12
30.9913254506849,2.487028609610705e-12
31.001325450684902,2.7206974075969802e-12
31.011325450684904,2.975837606527308e-12
31.021325450684905,3.2543760574999653e-12
31.031325450684907,3.5584082126501815e-12
31.04132545068491,3.890212482600577e-12
31.05132545068491,4.252265781135204e-12
31.06132545068491,4.6472603521726415e-12
31.071325450684913,5.078121981462336e-12
31.081325450684915,5.5480297033250685e-12
31.091325450684916,6.060437121238177e-12
31.101325450684918,6.619095470174439e-12
31.11132545068492,7.228078558380265e-12
31.12132545068492,7.891809736775777e-12
31.131325450684923,8.61509105542193e-12
31.141325450684924,9.403134778586853e-12
31.151325450684926,1.0261597442907618e-11
31.161325450684927,1.1196616657048473e-11
31.17132545068493,1.221485085616753e-11
31.18132545068493,1.3323522240487092e-11
31.191325450684932,1.4530463144396475e-11
31.201325450684934,1.5844166100874024e-11
31.211325450684935,1.7273837885686387e-11
31.221325450684937,1.88294578468904e-11
31.23132545068494,2.0521840847727275e-11
31.24132545068494,2.2362705175155374e-11
31.25132545068494,2.4364745792129393e-11
31.261325450684943,2.6541713339409993e-11
31.271325450684945,2.890849932229757e-11
31.281325450684946,3.1481227949370765e-11
31.291325450684948,3.427735512418291e-11
31.30132545068495,3.731577512710896e-11
31.31132545068495,4.06169355632613e-11
31.321325450684952,4.420296119379855e-11
31.331325450684954,4.8097787312181876e-11
31.341325450684955,5.2327303374210204e-11
31.351325450684957,5.691950764113843e-11
31.36132545068496,6.190467364910326e-11
31.37132545068496,6.731552937564539e-11
31.38132545068496,7.318745003554837e-11
31.391325450684963,7.955866550380737e-11
31.401325450684965,8.647048343348624e-11
31.411325450684966,9.396752921086683e-11
31.421325450684968,1.0209800396989184e-10
31.43132545068497,1.109139619727622e-10
31.44132545068497,1.2047160875404285e-10
31.451325450684973,1.3083162152203904e-10
31.461325450684974,1.4205949341396477e-10
31.471325450684976,1.542259033108857e-10
31.481325450684977,1.674071130349829e-10
31.49132545068498,1.8168539387585116e-10
31.50132545068498,1.971494845246716e-10
31.511325450684982,2.1389508263579697e-10
31.521325450684984,2.3202537238493407e-10
31.531325450684985,2.516515905523836e-10
31.541325450684987,2.7289363382915375e-10
31.55132545068499,2.9588071022387113e-10
31.56132545068499,3.2075203763993113e-10
31.57132545068499,3.476575928958102e-10
31.581325450684993,3.7675891467780067e-10
31.591325450684995,4.0822996414417184e-10
31.601325450684996,4.422580471438506e-10
31.611325450684998,4.79044802271907e-10
31.621325450685,5.188072592592535e-10
31.631325450685,5.617789724861489e-10
31.641325450685002,6.082112347188774e-10
31.651325450685004,6.583743764980198e-10
31.661325450685005,7.125591569553019e-10
31.671325450685007,7.71078252206078e-10
31.68132545068501,8.342678478565104e-10
31.69132545068501,9.024893425802152e-10
31.70132545068501,9.761311701595828e-10
31.711325450685013,1.0556107478535969e-09
31.721325450685015,1.1413765594483227e-09
31.731325450685016,1.2339103818694126e-09
31.741325450685018,1.3337296647903897e-09
31.75132545068502,1.4413900732566173e-09
31.76132545068502,1.5574882039656976e-09
31.771325450685023,1.6826644865014148e-09
31.781325450685024,1.8176062815129364e-09
31.791325450685026,1.9630511885648667e-09
31.801325450685027,2.119790577160507e-09
31.81132545068503,2.2886733552604546e-09
31.82132545068503,2.470609990486038e-09
31.831325450685032,2.666576800112365e-09
31.841325450685034,2.877620526923059e-09
31.851325450685035,3.1048632190198773e-09
31.861325450685037,3.3495074327579995e-09
31.87132545068504,3.6128417791154525e-09
31.88132545068504,3.896246835005219e-09
31.89132545068504,4.201201442304338e-09
31.901325450685043,4.529289418709031e-09
31.911325450685045,4.882206705932695e-09
31.921325450685046,5.261768982246061e-09
31.931325450685048,5.669919767922727e-09
31.94132545068505,6.108739053798772e-09
31.95132545068505,6.5804524848901295e-09
31.961325450685052,7.087441132836492e-09
31.971325450685054,7.632251892862974e-09
31.981325450685056,8.217608542972627e-09
31.991325450685057,8.846423505211684e-09
32.00132545068506,9.521810351086683e-09
32.011325450685064,1.024709709556682e-08
32.02132545068506,1.102584032657681e-08
32.03132545068506,1.1861840219492509e-08
32.041325450685065,1.2759156488871994e-08
32.05132545068507,1.3722125332533345e-08
32.06132545068507,1.4755377426105718e-08
32.071325450685066,1.5863857029336863e-08
32.08132545068507,1.705284226876203e-08
32.091325450685076,1.8327966664826373e-08
32.101325450685074,1.9695241975211643e-08
32.11132545068507,2.1161082429943177e-08
32.12132545068508,2.273233043786992e-08
32.13132545068508,2.4416283848328834e-08
32.14132545068508,2.6220724856221526e-08
32.15132545068508,2.8153950643342864e-08
32.161325450685084,3.022480585364216e-08
32.17132545068509,3.244271700517407e-08
32.18132545068509,3.481772894680365e-08
32.191325450685085,3.736054347326895e-08
32.20132545068509,4.008256021800714e-08
32.211325450685095,4.2995919949233455e-08
32.22132545068509,4.611355040111175e-08
32.23132545068509,4.944921477847482e-08
32.241325450685096,5.301756308047525e-08
32.2513254506851,5.68341863958069e-08
32.2613254506851,6.091567432969177e-08
32.2713254506851,6.52796757307045e-08
32.2813254506851,6.994496289372661e-08
32.29132545068511,7.493149942393402e-08
32.301325450685106,8.026051195568583e-08
32.3113254506851,8.595456592948609e-08
32.32132545068511,9.203764563992433e-08
32.331325450685114,9.853523877765575e-08
32.34132545068511,1.0547442569905911e-07
32.35132545068511,1.1288397366816594e-07
32.361325450685115,1.207944363268909e-07
32.37132545068512,1.2923825866154236e-07
32.38132545068512,1.3824988774597837e-07
32.391325450685116,1.4786588955462339e-07
32.40132545068512,1.5812507215193158e-07
32.411325450685126,1.6906861557883754e-07
32.421325450685124,1.807402087712179e-07
32.43132545068512,1.9318619386031554e-07
32.44132545068513,2.0645571822067063e-07
32.45132545068513,2.2060089464730172e-07
32.46132545068513,2.3567697006069451e-07
32.47132545068513,2.51742503155455e-07
32.481325450685134,2.6885955142649136e-07
32.49132545068514,2.870938680253755e-07
32.50132545068514,3.065151089188525e-07
32.511325450685135,3.271970508414612e-07
32.52132545068514,3.492178205549107e-07
32.531325450685145,3.726601359484137e-07
32.54132545068514,3.9761155953640523e-07
32.55132545068514,4.241647649328975e-07
32.561325450685146,4.524178169053735e-07
32.57132545068515,4.82474465635778e-07
32.58132545068515,5.144444558414481e-07
32.59132545068515,5.484438514348167e-07
32.60132545068515,5.845953764275517e-07
32.61132545068516,6.230287728128112e-07
32.621325450685156,6.638811761878792e-07
32.631325450685154,7.072975099088323e-07
32.64132545068516,7.534308985991516e-07
32.651325450685164,8.024431018657226e-07
32.66132545068516,8.545049691079084e-07
32.67132545068516,9.097969163381944e-07
32.681325450685165,9.685094259669236e-07
32.69132545068517,1.0308435705388405e-06
32.70132545068517,1.097011561445147e-06
32.711325450685166,1.1672373236713596e-06
32.72132545068517,1.2417570976789547e-06
32.731325450685176,1.320820069557924e-06
32.741325450685174,1.404689030627263e-06
32.75132545068517,1.4936410677006504e-06
32.76132545068518,1.5879682852762432e-06
32.77132545068518,1.6879785609525454e-06
32.78132545068518,1.793996335416093e-06
32.79132545068518,1.9063634383907674e-06
32.801325450685184,2.025439951983964e-06
32.81132545068519,2.151605112911826e-06
32.82132545068519,2.2852582551334503e-06
32.831325450685185,2.4268197944715486e-06
32.84132545068519,2.576732256846206e-06
32.851325450685195,2.7354613517992188e-06
32.86132545068519,2.903497093037687e-06
32.87132545068519,3.0813549677766035e-06
32.881325450685196,3.269577156712606e-06
32.8913254506852,3.4687338065155694e-06
32.9013254506852,3.6794243567789897e-06
32.9113254506852,3.902278923424254e-06
32.9213254506852,4.137959740609108e-06
32.93132545068521,4.3871626632482856e-06
32.941325450685206,4.650618732311211e-06
32.951325450685204,4.929095805118043e-06
32.96132545068521,5.223400252912911e-06
32.971325450685214,5.534378728053013e-06
32.98132545068521,5.862920003211308e-06
32.99132545068521,6.209956885048338e-06
33.001325450685215,6.576468204867012e-06
33.01132545068522,6.963480888826428e-06
33.02132545068522,7.372072110349901e-06
33.031325450685216,7.803371527420595e-06
33.04132545068522,8.258563607517035e-06
33.051325450685226,8.738890043002336e-06
33.061325450685224,9.245652259840527e-06
33.07132545068522,9.780214022569755e-06
33.08132545068523,1.0344004138519693e-05
33.09132545068523,1.0938519264320708e-05
33.10132545068523,1.1565326817810279e-05
33.11132545068523,1.2226067998494447e-05
33.121325450685234,1.2922460919777156e-05
33.13132545068524,1.3656303856227026e-05
33.14132545068524,1.4429478609205142e-05
33.151325450685235,1.5243953994223973e-05
33.16132545068524,1.610178945345758e-05
33.171325450685245,1.7005138796873765e-05
33.18132545068524,1.795625407550755e-05
33.19132545068524,1.8957489590432477e-05
33.201325450685246,2.0011306041029106e-05
33.21132545068525,2.1120274816192183e-05
33.22132545068525,2.228708243215674e-05
33.23132545068525,2.351453512065149e-05
33.24132545068525,2.480556357111591e-05
33.25132545068526,2.616322783075194e-05
33.261325450685256,2.7590722366206157e-05
33.271325450685254,2.9091381290690776e-05
33.28132545068526,3.0668683760366196e-05
33.291325450685264,3.232625954382815e-05
33.30132545068526,3.4067894768550144e-05
33.31132545068526,3.589753784812704e-05
33.321325450685265,3.781930559415964e-05
33.33132545068527,3.983748951662403e-05
33.34132545068527,4.195656231655604e-05
33.351325450685266,4.4181184574853065e-05
33.36132545068527,4.651621164096697e-05
33.371325450685276,4.896670072524274e-05
33.381325450685274,5.153791819862058e-05
33.39132545068527,5.423534710336333e-05
33.40132545068528,5.706469487841167e-05
33.41132545068528,6.0031901302929455e-05
33.42132545068528,6.31431466615301e-05
33.43132545068528,6.640486013458894e-05
33.441325450685284,6.982372841695498e-05
33.45132545068529,7.340670456829847e-05
33.46132545068529,7.716101709823697e-05
33.471325450685285,8.109417928924361e-05
33.48132545068529,8.521399876022249e-05
33.491325450685295,8.952858727352063e-05
33.50132545068529,9.404637078800926e-05
33.51132545068529,9.87760997606915e-05
33.521325450685296,0.0001037268596991227
33.5313254506853,0.00010890808196678305
33.5413254506853,0.00011432955484335249
33.5513254506853,0.00012000143484162235
33.5613254506853,0.00012593425828254668
33.57132545068531,0.00013213895312975772
33.581325450685306,0.00013862685108462404
33.591325450685304,0.0001454096999426581
33.60132545068531,0.00015249967621180208
33.611325450685314,0.00015990939799288386
33.62132545068531,0.00016765193812225018
33.63132545068531,0.0001757408375762317
33.641325450685315,0.00018419011913678153
33.65132545068532,0.00019301430131732093
33.66132545068532,0.00020222841254749382
33.671325450685316,0.00021184800561512037
33.68132545068532,0.00022188917236323966
33.691325450685326,0.00023236855863980642
33.701325450685324,0.00024330337949718343
33.71132545068532,0.0002547114346381033
33.72132545068533,0.0002666111241043171
33.73132545068533,0.00027902146420374116
33.74132545068533,0.00029196210367146393
33.75132545068533,0.0003054533400594033
33.761325450685334,0.0003195161363488926
33.77132545068534,0.0003341721377800298
33.78132545068534,0.000349443688891079
33.791325450685335,0.00036535385076059973
33.80132545068534,0.00038192641844438536
33.811325450685345,0.0003991859385987888
33.82132545068534,0.00041715772728143395
33.83132545068534,0.000435867887919592
33.841325450685346,0.0004553433294358608
33.85132545068535,0.00047561178452023607
33.86132545068535,0.0004967018280370145
33.87132545068535,0.0005186428955541875
33.88132545068535,0.0005414653019822754
33.89132545068536,0.000565200260308962
33.901325450685356,0.0005898799004151978
33.911325450685354,0.0006155372879575792
33.92132545068536,0.0006422064433010448
33.931325450685364,0.0006699223604853285
33.94132545068536,0.0006987210262078486
33.95132545068536,0.0007286394388048034
33.961325450685365,0.0007597156272114358
33.97132545068537,0.0007919886698817844
33.98132545068537,0.0008254987136474829
33.991325450685366,0.0008602869924941751
34.00132545068537,0.0008963958462332771
34.011325450685376,0.0009338687390461966
34.021325450685374,0.0009727502778772947
34.03132545068537,0.0010130862306509004
34.04132545068538,0.0010549235442867681
34.05132545068538,0.0010983103624878122
34.06132545068538,0.001143296043273122
34.07132545068538,0.0011899311762282117
34.081325450685384,0.0012382675994436004
34.09132545068539,0.0012883584161122652
34.10132545068539,0.0013402580107556858
34.111325450685385,0.0013940220650471946
34.12132545068539,0.0014497075732004296
34.131325450685395,0.0015073728568902691
34.14132545068539,0.001567077579672808
34.15132545068539,0.0016288827608699412
34.161325450685396,0.001692850788883272
34.1713254506854,0.0017590454339016914
34.1813254506854,0.0018275318599662942
34.1913254506854,0.0018983766363552617
34.2013254506854,0.001971647748250611
34.21132545068541,0.0020474146066484333
34.221325450685406,0.002125748057473732
34.231325450685404,0.0022067203898598537
34.24132545068541,0.002290405343552049
34.251325450685414,0.0023768781153944343
34.26132545068541,0.0024662153648593167
34.27132545068541,0.0025584952185768377
34.281325450685415,0.0026537972738224524
34.29132545068542,0.0027522026009198374
34.30132545068542,0.0028537937445165477
34.311325450685416,0.002958654723688962
34.32132545068542,0.003066871030832642
34.331325450685426,0.003178529629294684
34.341325450685424,0.003293718949704501
34.35132545068542,0.003412528884958776
34.36132545068543,0.0035350507838162503
34.37132545068543,0.003661377443058559
34.38132545068543,0.003791603098173597
34.39132545068543,0.003925823412517256
34.401325450685434,0.004064135464909479
34.41132545068544,0.004206637735621629
34.42132545068544,0.0043534300907124976
34.431325450685435,0.0045046137646699465
34.44132545068544,0.004660291341315508
34.451325450685445,0.004820566732930655
34.46132545068544,0.004985545157564117
34.47132545068544,0.005155333114479437
34.481325450685446,0.005330038357702653
34.49132545068545,0.005509769867631703
34.50132545068545,0.005694637820670137
34.51132545068545,0.00588475355684789
34.52132545068545,0.006080229545392613
34.53132545068546,0.006281179348217465
34.541325450685456,0.006487717581292491
34.551325450685454,0.006699959873866996
34.56132545068546,0.006918022825511655
34.571325450685464,0.007142023960951678
34.58132545068546,0.0073720816826641795
34.59132545068546,0.007608315221213201
34.601325450685465,0.007850844583297715
34.61132545068547,0.008099790497490812
34.62132545068547,0.008355274357650551
34.631325450685466,0.008617418163983594
34.64132545068547,0.008886344461744652
34.651325450685476,0.00916217627755852
34.661325450685474,0.009445037053353882
34.67132545068547,0.009735050577898913
34.68132545068548,0.01003234091593113
34.69132545068548,0.010337032334878012
34.70132545068548,0.010649249229167667
34.71132545068548,0.010969116042130148
34.721325450685484,0.011296757185492282
34.73132545068549,0.011632296956473826
34.74132545068549,0.011975859452495814
34.751325450685485,0.012327568483513131
34.76132545068549,0.012687547481986295
34.771325450685495,0.013055919410512703
34.78132545068549,0.013432806667140772
34.79132545068549,0.013818330988391941
34.801325450685496,0.01421261335001868
34.8113254506855,0.014615773865532042
34.8213254506855,0.015027931682536277
34.8313254506855,0.015449204876909066
34.8413254506855,0.015879710344869694
34.85132545068551,0.01631956369298302
34.861325450685506,0.016768879126151576
34.871325450685504,0.017227769333648734
34.88132545068551,0.01769634537325018
34.891325450685514,0.018174716553526656
34.90132545068551,0.018662990314365326
34.91132545068551,0.01916127210578818
34.921325450685515,0.01966966526513945
34.93132545068552,0.02018827089272096
34.94132545068552,0.020717187725957823
34.951325450685516,0.02125651201217852
34.96132545068552,0.021806337380096623
34.97132545068553,0.022366754710088237
34.981325450685524,0.022937852003363537
34.99132545068552,0.023519714250131257
35.00132545068553,0.024112423296858372
35.01132545068553,0.024716057712734607
35.02132545068553,0.025330692655454658
35.03132545068553,0.02595639973643191
35.041325450685534,0.026593246885560216
35.05132545068554,0.02724129821564767
35.06132545068554,0.02790061388664955
35.071325450685535,0.02857124996982774
35.08132545068554,0.029253258311966564
35.091325450685545,0.029946686399782103
35.10132545068554,0.030651577224665213
35.11132545068554,0.031367969147897475
35.121325450685546,0.03209589576648219
35.13132545068555,0.03283538577973868
35.14132545068555,0.03358646285681152
35.15132545068555,0.03434914550524427
35.16132545068555,0.03512344694076947
35.17132545068556,0.035909374958472934
35.181325450685556,0.03670693180549276
35.191325450685554,0.03751611405541075
35.20132545068556,0.03833691248449544
35.211325450685564,0.039169311949961885
35.22132545068556,0.040013291270414864
35.23132545068556,0.040868823108638624
35.241325450685565,0.04173587385689704
35.25132545068557,0.04261440352491344
35.26132545068557,0.043504365630700134
35.271325450685566,0.04440570709440308
35.28132545068557,0.04531836813532699
35.29132545068558,0.04624228217231115
35.301325450685574,0.04717737572762573
35.31132545068557,0.04812356833455337
35.32132545068558,0.04908077244881878
35.33132545068558,0.05004889336403432
35.34132545068558,0.051027829131327786
35.35132545068558,0.05201747048331203
35.361325450685584,0.053017700762553806
35.37132545068559,0.05402839585470299
35.38132545068559,0.05504942412644133
35.391325450685585,0.05608064636840116
35.40132545068559,0.05712191574320248
35.411325450685595,0.05817307773875856
35.42132545068559,0.059233970126997985
35.43132545068559,0.06030442292814122
35.441325450685596,0.06138425838066582
35.4513254506856,0.06247329091709677
35.4613254506856,0.06357132714575381
35.4713254506856,0.06467816583857747
35.4813254506856,0.06579359792515056
35.49132545068561,0.0669174064930326
35.501325450685606,0.06804936679452023
35.511325450685604,0.06918924625993476
35.52132545068561,0.0703368045175317
35.531325450685614,0.07149179342012804
35.54132545068561,0.07265395707853732
35.55132545068561,0.07382303190188864
35.561325450685615,0.0749987466449004
35.57132545068562,0.07618082246217826
35.58132545068562,0.07736897296960067
35.591325450685616,0.07856290431284127
35.60132545068562,0.0797623152430697
35.61132545068563,0.0809668971998724
35.621325450685625,0.08217633440142634
35.63132545068562,0.08339030394194492
35.64132545068563,0.08460847589640672
35.65132545068563,0.08583051343257651
35.66132545068563,0.08705607293032004
35.67132545068563,0.08828480410819838
35.681325450685634,0.08951635015731975
35.69132545068564,0.09075034788242438
35.70132545068564,0.0919864278501697
35.711325450685635,0.09322421454456767
35.72132545068564,0.09446332652951668
35.731325450685645,0.095703376618369
35.74132545068564,0.09694397205046588
35.75132545068564,0.09818471467455604
35.761325450685646,0.09942520113900506
35.77132545068565,0.10066502308870068
35.78132545068565,0.10190376736855022
35.79132545068565,0.10314101623345064
35.80132545068565,0.1043763475646027
35.81132545068566,0.10560933509203901
35.821325450685656,0.10683954862322687
35.831325450685654,0.10806655427759124
35.84132545068566,0.10928991472679485
35.851325450685664,0.11050918944061039
35.86132545068566,0.11172393493821209
35.87132545068566,0.11293370504469825
35.881325450685665,0.11413805115264863
35.89132545068567,0.11533652248851967
35.90132545068567,0.1165286663836721
35.911325450685666,0.11771402854981232
35.92132545068567,0.11889215335862029
35.93132545068568,0.12006258412533749
35.941325450685675,0.12122486339608088
35.95132545068567,0.12237853323863568
35.96132545068568,0.12352313553647344
35.97132545068568,0.12465821228574243
35.98132545068568,0.1257833058949713
35.99132545068568,0.12689795948721502
36.001325450685684,0.12800171720436682
36.01132545068569,0.1290941245133613
36.02132545068569,0.13017472851398948
36.031325450685685,0.13124307824803513
36.04132545068569,0.13229872500943884
36.051325450685695,0.13334122265519813
36.06132545068569,0.13437012791670894
36.07132545068569,0.1353850007112442
36.081325450685696,0.13638540445326386
36.0913254506857,0.13737090636525331
36.1013254506857,0.13834107778778618
36.1113254506857,0.13929549448849948
36.1213254506857,0.14023373696966882
36.13132545068571,0.14115539077407613
36.141325450685706,0.1420600467888623
36.151325450685704,0.142947301547051
36.16132545068571,0.14381675752643147
36.171325450685714,0.1446680234454949
36.18132545068571,0.14550071455611832
36.19132545068571,0.14631445293268863
36.201325450685715,0.1471088677573608
36.21132545068572,0.14788359560115172
36.22132545068572,0.14863828070057516
36.231325450685716,0.1493725752295198
36.24132545068572,0.150086139566079
36.25132545068573,0.15077864255404796
36.261325450685725,0.15144976175880862
36.27132545068572,0.15209918371732373
36.28132545068573,0.15272660418196712
36.29132545068573,0.15333172835792708
36.30132545068573,0.15391427113392503
36.31132545068573,0.15447395730599517
36.321325450685734,0.15501052179407765
36.33132545068574,0.15552370985118877
36.34132545068574,0.15601327726493813
36.351325450685735,0.15647899055116854
36.36132545068574,0.15692062713950208
36.371325450685745,0.1573379755505877
36.38132545068574,0.15773083556485376
36.39132545068574,0.1580990183825759
36.401325450685746,0.15844234677507954
36.41132545068575,0.15876065522690957
36.42132545068575,0.15905379006880782
36.43132545068575,0.15932160960134767
36.44132545068575,0.15956398420908624
36.45132545068576,0.159780796465106
36.461325450685756,0.15997194122582853
36.471325450685754,0.16013732571599248
36.48132545068576,0.16027686960369877
36.491325450685764,0.16039050506543936
36.50132545068576,0.16047817684103566
36.51132545068576,0.160539842278424
36.521325450685765,0.160575471368237
36.53132545068577,0.16058498437373622
36.54132545068577,0.16056400891699904
36.551325450685766,0.16050988570541416
36.56132545068577,0.16042264826049948
36.57132545068578,0.16030235059739678
36.581325450685775,0.16014906716913405
36.59132545068577,0.15996289278983158
36.60132545068578,0.15974394253696259
36.61132545068578,0.1594923516328098
36.62132545068578,0.15920827530528817
36.63132545068578,0.15889188862833373
36.641325450685784,0.15854338634209084
36.65132545068579,0.1581629826531541
36.66132545068579,0.15775091101515212
36.671325450685785,0.15730742388998759
36.68132545068579,0.1568327924900768
36.691325450685795,0.156327306501957
36.70132545068579,0.15579127379165292
36.71132545068579,0.1552250200922247
36.7213254506858,0.15462888867394103
36.7313254506858,0.1540032399975453
36.7413254506858,0.15334845135110184
36.7513254506858,0.15266491647093655
36.7613254506858,0.15195304514720648
36.77132545068581,0.15121326281464995
36.781325450685806,0.15044601012908673
36.791325450685804,0.14965174253025992
36.80132545068581,0.14883092979162882
36.811325450685814,0.14798405555773278
36.82132545068581,0.14711161686976168
36.83132545068581,0.14621412367998485
36.841325450685815,0.1452920983557051
36.85132545068582,0.1443460751734096
36.86132545068582,0.14337659980379952
36.871325450685816,0.14238422878839413
36.88132545068582,0.1413695290084138
36.89132545068583,0.14033307714664617
36.901325450685825,0.13927545914300624
36.91132545068582,0.13819726964450935
36.92132545068583,0.13709911145038034
36.93132545068583,0.1359815949530174
36.94132545068583,0.13484533757552958
36.95132545068583,0.13369096320657156
36.961325450685834,0.13251910163319897
36.97132545068584,0.13133038797245677
36.98132545068584,0.13012546210240988
36.991325450685835,0.12890496809332505
37.00132545068584,0.12766955363970842
37.011325450685845,0.12641986949388742
37.02132545068584,0.12515656890181767
37.03132545068584,0.12388030704179226
37.04132545068585,0.12259174046672058
37.05132545068585,0.12129152655062532
37.06132545068585,0.11998032293999267
37.07132545068585,0.11865878701060523
37.08132545068585,0.11732757533047215
37.09132545068586,0.11598734312944942
37.101325450685856,0.11463874377612533
37.111325450685854,0.11328242826253834
37.12132545068586,0.111919044697276
37.131325450685864,0.11054923780747847
37.14132545068586,0.10917364845025018
37.15132545068586,0.10779291313397217
37.161325450685865,0.10640766354998697
37.17132545068587,0.10501852611509993
37.18132545068587,0.10362612152531923
37.191325450685866,0.10223106432124333
37.20132545068587,0.10083396246548251
37.21132545068588,0.09943541693247157
37.221325450685875,0.09803602131100692
37.23132545068587,0.09663636141982768
37.24132545068588,0.09523701493653655
37.25132545068588,0.09383855104012502
37.26132545068588,0.092441530067345
37.27132545068588,0.0910465031831523
37.281325450685884,0.08965401206542487
37.29132545068589,0.088264588604127
37.30132545068589,0.0868787546150674
37.311325450685885,0.08549702156838367
37.32132545068589,0.08411989033186283
37.331325450685895,0.08274785092917632
37.34132545068589,0.08138138231308567
37.35132545068589,0.08002095215366026
37.3613254506859,0.07866701664152635
37.3713254506859,0.07732002030613716
37.3813254506859,0.07598039584903213
37.3913254506859,0.0746485639920407
37.4013254506859,0.07332493334036463
37.41132545068591,0.07200990026044582
37.421325450685906,0.07070384877250621
37.431325450685904,0.0694071504576359
37.44132545068591,0.06812016437928602
37.451325450685914,0.06684323701899765
37.46132545068591,0.06557670222618135
37.47132545068591,0.06432088118175189
37.481325450685915,0.06307608237540652
37.49132545068592,0.06184260159631305
37.50132545068592,0.06062072193695819
37.511325450685916,0.05941071380990099
37.52132545068592,0.05821283497716157
37.53132545068593,0.05702733059195594
37.541325450685925,0.05585443325247613
37.55132545068592,0.05469436306741025
37.56132545068593,0.05354732773288624
37.57132545068593,0.05241352262050682
37.58132545068593,0.05129313087613409
37.59132545068593,0.05018632352908061
37.601325450685934,0.04909325961135596
37.61132545068594,0.04801408628660445
37.62132545068594,0.04694893898836385
37.631325450685935,0.04589794156727587
37.64132545068594,0.04486120644687438
37.651325450685945,0.043838834787567
37.66132545068594,0.042830916658423035
37.67132545068594,0.04183753121638401
37.68132545068595,0.04085874689251106
37.69132545068595,0.03989462158487627
37.70132545068595,0.03894520285770519
37.71132545068595,0.03801052814638321
37.72132545068595,0.037090624967939224
37.73132545068596,0.03618551113661565
37.741325450685956,0.03529519498413671
37.751325450685954,0.034419675584294006
37.76132545068596,0.03355894298147215
37.771325450685964,0.032712978422734774
37.78132545068596,0.03188175459309691
37.79132545068596,0.031065235853618336
37.801325450685965,0.030263378481958047
37.81132545068597,0.029476130915030676
37.82132545068597,0.02870343399341203
37.831325450685966,0.0279452212071523
37.84132545068597,0.027201418942661613
37.85132545068598,0.02647194673033604
37.861325450685975,0.025756717492599508
37.87132545068597,0.025055637792049845
37.88132545068598,0.02436860807940461
37.89132545068598,0.02369552294094719
37.90132545068598,0.023036271345182463
37.91132545068598,0.022390736888424426
37.921325450685984,0.021758798039047032
37.93132545068599,0.021140328380135177
37.94132545068599,0.02053519685028253
37.951325450685985,0.01994326798229633
37.96132545068599,0.019364402139578824
37.971325450685995,0.01879845574996138
37.98132545068599,0.018245281536777663
37.99132545068599,0.017704728746975693
38.001325450686,0.017176643376078375
38.011325450686,0.016660868389808868
38.021325450686,0.016157243942207983
38.031325450686,0.015665607590083445
38.041325450686,0.015185794503640934
38.05132545068601,0.014717637673153806
38.061325450686006,0.014260968111538716
38.071325450686004,0.013815615052716746
38.08132545068601,0.013381406145649343
38.091325450686014,0.012958167643945286
38.10132545068601,0.012545724590944489
38.11132545068601,0.012143901000196633
38.121325450686015,0.011752520031261126
38.13132545068602,0.011371404160761973
38.14132545068602,0.011000375348639796
38.151325450686016,0.010639255199554477
38.16132545068602,0.01028786511939991
38.17132545068603,0.009946026466898489
38.181325450686025,0.009613560700251272
38.19132545068602,0.009290289518829448
38.20132545068603,0.008976034999900146
38.21132545068603,0.008670619730385095
38.22132545068603,0.008373866933657768
38.23132545068603,0.008085600591393419
38.241325450686034,0.00780564556049271
38.25132545068604,0.007533827685104312
38.26132545068604,0.00726997390377804
38.271325450686035,0.0070139123517875155
38.28132545068604,0.0067654724586667355
38.291325450686045,0.006524485041008651
38.30132545068604,0.006290782390579009
38.31132545068604,0.006064198357804985
38.32132545068605,0.005844568430702318
38.33132545068605,0.00563172980930763
38.34132545068605,0.005425521475686727
38.35132545068605,0.005225784259594523
38.36132545068605,0.00503236089986575
38.37132545068606,0.00484509610161733
38.381325450686056,0.004663836589346666
38.391325450686054,0.004488431156013681
38.40132545068606,0.004318730708196896
38.411325450686064,0.0041545883074149675
38.42132545068606,0.0039958592077072065
38.43132545068606,0.0038424008895693714
38.441325450686065,0.0036940730903424128
38.45132545068607,0.00355073783115228
38.46132545068607,0.0034122594405000943
38.47132545068607,0.003278504574603806
38.48132545068607,0.0031493422345930176
38.49132545068608,0.003024643780658348
38.501325450686075,0.002904282943257233
38.51132545068607,0.0027881358314788777
38.52132545068608,0.002676080938670981
38.53132545068608,0.0025679991454300314
38.54132545068608,0.0024637737200566058
38.55132545068608,0.0023632903165773994
38.561325450686084,0.0022664369704348958
38.57132545068609,0.002173104091944229
38.58132545068609,0.002083184457615999
38.591325450686085,0.0019965731994433062
38.60132545068609,0.0019131677922500678
38.611325450686095,0.0018328680391958767
38.62132545068609,0.0017555760555314384
38.63132545068609,0.001681196250697577
38.6413254506861,0.0016096353088592913
38.6513254506861,0.001540802167964121
38.6613254506861,0.0014746079974126503
38.6713254506861,0.0014109661744274187
38.6813254506861,0.001349792259204767
38.69132545068611,0.0012910039689317673
38.701325450686106,0.0012345211507485707
38.711325450686104,0.0011802657537348452
38.72132545068611,0.0011281617999968645
38.731325450686114,0.0010781353549294697
38.74132545068611,0.0010301144967250404
38.75132545068611,0.0009840292851998114
38.761325450686115,0.0009398117300056786
38.77132545068612,0.0008973957582932113
38.78132545068612,0.0008567171818894614
38.79132545068612,0.0008177136640522437
38.80132545068612,0.0007803246858603614
38.81132545068613,0.0007444915122968237
38.821325450686125,0.0007101571580799947
38.83132545068612,0.0006772663532956695
38.84132545068613,0.0006457655088808912
38.85132545068613,0.0006156026820079981
38.86132545068613,0.000586727541415336
38.87132545068613,0.0005590913327291406
38.881325450686134,0.0005326468438190395
38.89132545068614,0.0005073483702273889
38.90132545068614,0.00048315168071073384
