512.553755692627,3.929536209199027e-05
512.653755692627,4.280264628542634e-05
512.753755692627,4.66045374687641e-05
512.853755692627,5.072406387087677e-05
512.953755692627,5.5185900809894825e-05
513.0537556926271,6.0016475544572785e-05
513.1537556926271,6.524407775636073e-05
513.2537556926271,7.089897588398179e-05
513.3537556926271,7.70135395348785e-05
513.4537556926272,8.362236819994373e-05
513.5537556926272,9.076242649942903e-05
513.6537556926272,9.847318618878564e-05
513.7537556926272,0.00010679677515336456
513.8537556926273,0.00011577813362035002
513.9537556926273,0.00012546517781492962
514.0537556926273,0.00013590897128548483
514.1537556926273,0.00014716390411943095
514.2537556926274,0.00015928788026718513
514.3537556926274,0.00017234251318653246
514.4537556926274,0.00018639333001331244
514.5537556926274,0.00020150998445680416
514.6537556926274,0.00021776647860936683
514.7537556926275,0.00023524139384972456
514.8537556926275,0.00025401813100769304
514.9537556926275,0.00027418515994507973
515.0537556926275,0.000295836278692836
515.1537556926276,0.0003190708822682705
515.2537556926276,0.00034399424127814875
515.3537556926276,0.0003707177903937528
515.4537556926276,0.00039935942676236336
515.5537556926276,0.0004300438183961363
515.6537556926277,0.00046290272255385784
515.7537556926277,0.0004980753141035544
515.8537556926277,0.000535708523824358
515.9537556926277,0.0005759573865742756
516.0537556926278,0.0006189853992166259
516.1537556926278,0.0006649648881617465
516.2537556926278,0.0007140773863422096
516.3537556926278,0.0007665140193990672
516.4537556926279,0.000822475900813699
516.5537556926279,0.0008821745356744695
516.6537556926279,0.000945832232719814
516.7537556926279,0.0010136825242493843
516.8537556926279,0.0010859705934425825
516.953755692628,0.0011629537085693254
517.053755692628,0.001244901663521011
517.153755692628,0.0013320972240306714
517.253755692628,0.0014248365788901666
517.353755692628,0.0015234297954090357
517.4537556926281,0.0016282012782944228
517.5537556926281,0.0017394902310644295
517.6537556926281,0.001857651119038385
517.7537556926281,0.001983054132877074
517.8537556926282,0.0021160856515739282
517.9537556926282,0.002257148703724992
518.0537556926282,0.0024066634258309324
518.1537556926282,0.0025650675163090353
518.2537556926283,0.0027328166838170146
518.3537556926283,0.0029103850884137157
518.4537556926283,0.003098265774005084
518.5537556926283,0.003296971090446681
518.6537556926284,0.0035070331035976098
518.7537556926284,0.0037290039915445624
518.8537556926284,0.003963456425139685
518.9537556926284,0.004210983930922086
519.0537556926284,0.004472201234420446
519.1537556926285,0.004747744581764075
519.2537556926285,0.005038272037461502
519.3537556926285,0.005344463756140763
519.4537556926285,0.005667022225983121
519.5537556926286,0.006006672481523699
519.6537556926286,0.006364162283437813
519.7537556926286,0.006740262262881704
519.8537556926286,0.007135766027911235
519.9537556926286,0.007551490229462229
520.0537556926287,0.007988274584342068
520.1537556926287,0.008446981852654549
520.2537556926287,0.008928497767058787
520.3537556926287,0.009433730911249584
520.4537556926288,0.009963612545040175
520.5537556926288,0.010519096373430846
520.6537556926288,0.01110115825705731
520.7537556926288,0.011710795861432829
520.8537556926289,0.012349028242427274
520.9537556926289,0.013016895365465646
521.0537556926289,0.013715457555978252
521.1537556926289,0.014445794878695165
521.2537556926289,0.015209006443448895
521.353755692629,0.01600620963523257
521.453755692629,0.016838539266354972
521.553755692629,0.01770714664864137
521.653755692629,0.018613198583747298
521.753755692629,0.019557876269784773
521.8537556926291,0.020542374122603825
521.9537556926291,0.021567898510230343
522.0537556926291,0.022635666399130082
522.1537556926291,0.023746903911152313
522.2537556926292,0.024902844790202133
522.3537556926292,0.02610472877789912
522.4537556926292,0.02735379989770136
522.5537556926292,0.02865130464720789
522.6537556926293,0.029998490098598972
522.7537556926293,0.031396601907431404
522.8537556926293,0.032846882230276715
522.9537556926293,0.03435056755197057
523.0537556926294,0.03590888642353391
523.1537556926294,0.037523057112128444
523.2537556926294,0.03919428516472023
523.3537556926294,0.04092376088744643
523.4537556926294,0.042712656743007664
523.5537556926295,0.04456212466874491
523.6537556926295,0.046473293318402116
523.7537556926295,0.048447265230922534
523.8537556926295,0.050485113929979286
523.9537556926296,0.052587880958295564
524.0537556926296,0.0547565728511672
524.1537556926296,0.0569921580539587
524.2537556926296,0.05929556378870149
524.3537556926296,0.06166767287527928
524.4537556926297,0.06410932051303962
524.5537556926297,0.06662129102901788
524.6537556926297,0.06920431459930425
524.7537556926297,0.07185906395041956
524.8537556926298,0.07458615104789217
524.9537556926298,0.07738612377954456
525.0537556926298,0.0802594626413037
525.1537556926298,0.08320657743363832
525.2537556926299,0.08622780397700415
525.3537556926299,0.08932340085493565
525.4537556926299,0.09249354619366543
525.5537556926299,0.09573833448737197
525.6537556926299,0.0990577734783583
525.75375569263,0.10245178110163998
525.85375569263,0.10592018250357456
525.95375569263,0.10946270714429182
526.05375569263,0.113078985993785
526.15375569263,0.11676854883159513
526.2537556926301,0.12053082166006235
526.3537556926301,0.12436512424113316
526.4537556926301,0.1282706677666885
526.5537556926301,0.1322465526723095
526.6537556926302,0.1362917666043093
526.7537556926302,0.14040518254974022
526.8537556926302,0.1445855571389299
526.9537556926302,0.148831529129911
527.0537556926303,0.15314161808387988
527.1537556926303,0.15751422324056033
527.2537556926303,0.16194762260204668
527.3537556926303,0.16643997223336757
527.4537556926304,0.1709893057876391
527.5537556926304,0.1755935342632693
527.6537556926304,0.1802504460002337
527.7537556926304,0.18495770692196423
527.8537556926304,0.18971286102888169
527.9537556926305,0.19451333114905958
528.0537556926305,0.19935641995092818
528.1537556926305,0.20423931122232247
528.2537556926305,0.20915907141954074
528.3537556926306,0.2141126514894148
528.4537556926306,0.2190968889667047
528.5537556926306,0.22410851034841317
528.6537556926306,0.22914413374588075
528.7537556926306,0.23420027181476244
528.8537556926307,0.23927333496221365
528.9537556926307,0.2443596348298205
529.0537556926307,0.2494553880500073
529.1537556926307,0.2545567202728378
529.2537556926308,0.25965967045930605
529.3537556926308,0.2647601954363838
529.4537556926308,0.26985417470826484
529.5537556926308,0.2749374155174139
529.6537556926309,0.2800056581482072
529.7537556926309,0.28505458146513074
529.8537556926309,0.2900798086766959
529.9537556926309,0.2950769133154371
530.053755692631,0.3000414254235757
530.153755692631,0.3049688379331762
530.253755692631,0.30985461322888264
530.353755692631,0.31469418988061193
530.453755692631,0.31948298953289356
530.5537556926311,0.32421642393689737
530.6537556926311,0.32888990211056834
530.7537556926311,0.3334988376117072
530.8537556926311,0.3380386559082927
530.9537556926311,0.3425048018298416
531.0537556926312,0.34689274708314516
531.1537556926312,0.35119799781531286
531.2537556926312,0.35541610220669173
531.3537556926312,0.35954265807592195
531.4537556926313,0.36357332047912977
531.5537556926313,0.36750380928505655
531.6537556926313,0.3713299167077746
531.7537556926313,0.3750475147785491
531.8537556926314,0.37865256273837183
531.9537556926314,0.3821411143327166
532.0537556926314,0.3855093249901508
532.1537556926314,0.38875345886657864
532.2537556926314,0.3918698957370963
532.3537556926315,0.3948551377176969
532.4537556926315,0.39770581579938624
532.5537556926315,0.40041869617764614
532.6537556926315,0.402990686360618
532.7537556926316,0.40541884103987064
532.8537556926316,0.40770036770816154
532.9537556926316,0.4098326320092009
533.0537556926316,0.41181316280507707
533.1537556926316,0.41363965694770366
533.2537556926317,0.41530998374139344
533.3537556926317,0.41682218908445773
533.4537556926317,0.41817449927856426
533.5537556926317,0.41936532449545744
533.6537556926318,0.42039326189155923
533.7537556926318,0.4212570983619068
533.8537556926318,0.42195581292586143
533.9537556926318,0.4224885787380203
534.0537556926319,0.4228547647187866
534.1537556926319,0.4230539368000975
534.2537556926319,0.42307174263084635
534.3537556926319,0.42269756804530034
534.453755692632,0.42186218849830154
534.553755692632,0.4205683395542511
534.653755692632,0.4188202509615326
534.753755692632,0.4166236236150299
534.853755692632,0.4139855985812866
534.9537556926321,0.4109147184218346
535.0537556926321,0.4074208811078448
535.1537556926321,0.4035152868740211
535.2537556926321,0.39921037841105506
535.3537556926321,0.3945197748434948
535.4537556926322,0.38945819998313214
535.5537556926322,0.38404140538658393
535.6537556926322,0.3782860887793147
535.7537556926322,0.37220980843664053
535.8537556926323,0.36583089413506237
535.9537556926323,0.3591683553044446
536.0537556926323,0.3522417870230031
536.1537556926323,0.3450712745027687
536.2537556926324,0.33767729671318736
536.3537556926324,0.33008062978490854
536.4537556926324,0.3223022508247595
536.5537556926324,0.3143632427566185
536.6537556926324,0.30628470078165215
536.7537556926325,0.29808764102548824
536.8537556926325,0.289792911909711
536.9537556926325,0.2814211087509923
537.0537556926325,0.2729924920536287
537.1537556926326,0.2645269099207089
537.2537556926326,0.2560437249660474
537.3537556926326,0.2475617460638956
537.4537556926326,0.2390991652267592
537.5537556926326,0.23067349985392588
537.6537556926327,0.22230154054502374
537.7537556926327,0.21399930462457506
537.8537556926327,0.205781995475559
537.9537556926327,0.19766396773288553
538.0537556926328,0.1896586983418511
538.1537556926328,0.18177876344247595
538.2537556926328,0.17403582099848752
538.3537556926328,0.16644059904992883
538.4537556926329,0.15900288943123844
538.5537556926329,0.15173154676240388
538.6537556926329,0.14463449248965138
538.7537556926329,0.13771872372426164
538.853755692633,0.13099032660362112
538.953755692633,0.12445449387760754
539.053755692633,0.11811554640591643
539.153755692633,0.11197695823795394
539.253755692633,0.10604138493642477
539.3537556926331,0.10031069479865133
539.4537556926331,0.09478600262587776
539.5537556926331,0.0894677056901957
539.6537556926331,0.08435552155112779
539.7537556926331,0.07944852737912735
539.8537556926332,0.07474520045109992
539.9537556926332,0.07024345949330067
540.0537556926332,0.06594070655937925
540.1537556926332,0.06183386914568686
540.2537556926333,0.0579194422619766
540.3537556926333,0.054193530193071486
540.4537556926333,0.050651887705683955
540.5537556926333,0.04728996047410423
540.6537556926334,0.04410292451868533
540.7537556926334,0.041085724471703965
540.8537556926334,0.03823311050604656
540.9537556926334,0.0355396737830441
541.0537556926334,0.0329998802964601
541.1537556926335,0.030608103009939647
541.2537556926335,0.028358652204988333
541.3537556926335,0.02624580397561829
541.4537556926335,0.02426382682404157
541.5537556926336,0.022407006329098582
541.6537556926336,0.02066966787538196
541.7537556926336,0.01904619744617992
541.8537556926336,0.017531060497355377
541.9537556926336,0.016118818942056155
542.0537556926337,0.01480414628768952
542.1537556926337,0.013581840976878779
542.2537556926337,0.01244683799315375
542.3537556926337,0.01139421879992427
542.4537556926338,0.010419219687873843
542.5537556926338,0.00951723861132644
542.6537556926338,0.008683840598428907
542.7537556926338,0.007914761823209628
542.8537556926339,0.007205912429780635
542.9537556926339,0.006553378200213239
543.0537556926339,0.005953421158004547
543.1537556926339,0.005402479198639627
543.253755692634,0.004897164837614581
543.353755692634,0.004434263164497142
543.453755692634,0.004010729089238256
543.553755692634,0.0036236839640860865
543.653755692634,0.0032704116611659635
543.7537556926341,0.002948354182146651
543.8537556926341,0.002655106872482847
543.9537556926341,0.002388413308570459
544.0537556926341,0.002146159921834911
544.1537556926341,0.0019263704193502528
544.2537556926342,0.0017272000561097205
544.3537556926342,0.0015469298095835706
544.4537556926342,0.0013839605027507259
544.5537556926342,0.0012368069174140295
544.6537556926343,0.0011040919353387214
544.7537556926343,0.0009845407406183168
544.8537556926343,0.0008769751126959366
544.9537556926343,0.0007803078356723884
545.0537556926344,0.0006935372459310292
545.1537556926344,0.0006157419367160307
545.2537556926344,0.0005460756351240699
545.3537556926344,0.00048376226401529616
545.4537556926344,0.0004280911986205143
545.5537556926345,0.0003784127251179987
545.6537556926345,0.00033413370617301424
545.7537556926345,0.0002947134563717465
545.8537556926345,0.00025965982863293866
545.9537556926346,0.00022852551103754736
546.0537556926346,0.00020090453207050724
546.1537556926346,0.0001764289710093863
546.2537556926346,0.00015476586911193163
546.3537556926346,0.00013561433633706624
546.4537556926347,0.00011870284757046244
546.5537556926347,0.00010378672170467975
546.6537556926347,9.064577643338397e-05
546.7537556926347,7.908215124777556e-05
546.8537556926348,6.891829085966306e-05
546.9537556926348,5.999508110860707e-05
547.0537556926348,5.217012932955201e-05
547.1537556926348,4.53161811521994e-05
547.2537556926349,3.931966576439145e-05
547.3537556926349,3.407936178987448e-05
547.4537556926349,2.9505176097514408e-05
547.5537556926349,2.5517028066439828e-05
547.653755692635,2.2043832072444293e-05
547.753755692635,1.9022571228632153e-05
547.853755692635,1.6397455701720383e-05
547.953755692635,1.4119159229169377e-05
548.053755692635,1.2144127776560826e-05
548.1537556926351,1.043395459506216e-05
548.2537556926351,8.954816261645133e-06
548.3537556926351,7.676964606676685e-06
548.4537556926351,6.57426975176108e-06
548.5537556926351,5.623809792899196e-06
548.6537556926352,4.805502968154413e-06
548.7537556926352,4.101778443453184e-06
548.8537556926352,3.497282133605199e-06
548.9537556926352,2.978614247107286e-06
549.0537556926353,2.5340955020621053e-06
549.1537556926353,2.153559206101676e-06
549.2537556926353,1.8281666252632588e-06
549.3537556926353,1.550243285210239e-06
549.4537556926354,1.3131340530639285e-06
549.5537556926354,1.1110750395860708e-06
549.6537556926354,9.390805398075394e-07
549.7537556926354,7.928433958068906e-07
549.8537556926354,6.686473186460874e-07
549.9537556926355,5.632898479685183e-07
550.0537556926355,4.740147579972221e-07
550.1537556926355,3.984528382095097e-07
550.2537556926355,3.34570086396596e-07
550.3537556926356,2.8062245174200036e-07
550.4537556926356,2.3511635656938936e-07
550.5537556926356,1.9677430811323488e-07
550.6537556926356,1.6450498663648033e-07
550.7537556926357,1.3737726402509394e-07
550.8537556926357,1.145976681768268e-07
550.9537556926357,9.549086359547284e-08
551.0537556926357,7.948276810234306e-08
551.1537556926357,6.60859699576204e-08
551.2537556926358,5.488714939277482e-08
551.3537556926358,4.553624401088422e-08
551.4537556926358,3.773712910669798e-08
551.5537556926358,3.123961205753301e-08
551.6537556926359,2.5832564877938973e-08
551.7537556926359,2.1338041128030633e-08
551.8537556926359,1.7606242905048378e-08
551.9537556926359,1.4511220893966304e-08
552.053755692636,1.194720564705835e-08
552.153755692636,9.825481624211272e-09
552.253755692636,8.071727255347704e-09
552.353755692636,6.623754564772251e-09
552.453755692636,5.4295908883448e-09
552.5537556926361,4.445853065732329e-09
552.6537556926361,3.6363713343203063e-09
552.7537556926361,2.971026107708477e-09
552.8537556926361,2.424765996562416e-09
552.9537556926362,1.9767799179855864e-09
553.0537556926362,1.6098000261444955e-09
553.1537556926362,1.3095155568050067e-09
553.2537556926362,1.064080578361798e-09
553.3537556926362,8.637011408103047e-10
553.4537556926363,7.002894639405214e-10
553.5537556926363,5.671746526413012e-10
553.6537556926363,4.588610108581868e-10
553.7537556926363,3.708263817652096e-10
553.8537556926364,2.993541010059533e-10
553.9537556926364,2.4139313943923974e-10
