512.553755692627,1.0353647422380616
512.653755692627,1.035368257659049
512.753755692627,1.0353720684994803
512.853755692627,1.035376197865184
512.953755692627,1.0353806705161266
513.0537556926271,1.0353855129718665
513.1537556926271,1.0353907536226896
513.2537556926271,1.0353964228466461
513.3537556926271,1.0354025531327236
513.4537556926272,1.035409179210379
513.5537556926272,1.0354163381856687
513.6537556926272,1.0354240696842054
513.7537556926272,1.0354324160011776
513.8537556926273,1.035441422258664
513.9537556926273,1.035451136570478
514.0537556926273,1.0354616102147665
514.1537556926273,1.0354728978146013
514.2537556926274,1.0354850575267747
514.3537556926274,1.035498151239028
514.4537556926274,1.0355122447759222
514.5537556926274,1.0355274081135568
514.6537556926274,1.035543715603335
514.7537556926275,1.0355612462049633
514.8537556926275,1.0355800837288627
514.9537556926275,1.0356003170881551
515.0537556926275,1.035622040560375
515.1537556926276,1.0356453540590411
515.2537556926276,1.0356703634152058
515.3537556926276,1.0356971806690776
515.4537556926276,1.0357259243717971
515.5537556926276,1.035756719897417
515.6537556926277,1.0357896997651161
515.7537556926277,1.0358250039716526
515.8537556926277,1.0358627803340228
515.9537556926277,1.0359031848422764
516.0537556926278,1.0359463820223904
516.1537556926278,1.035992545309078
516.2537556926278,1.0360418574283692
516.3537556926278,1.0360945107897583
516.4537556926279,1.0361507078876713
516.5537556926279,1.0362106617119637
516.6537556926279,1.0362745961671118
516.7537556926279,1.0363427464997093
516.8537556926279,1.0364153597338326
516.953755692628,1.036492695113782
517.053755692628,1.0365750245536516
517.153755692628,1.0366626330931223
517.253755692628,1.0367558193588116
517.353755692628,1.0368548960304516
517.4537556926281,1.0369601903111014
517.5537556926281,1.0370720444005384
517.6537556926281,1.0371908159708962
517.7537556926281,1.037316878643557
517.8537556926282,1.0374506224662283
517.9537556926282,1.0375924543890644
518.0537556926282,1.0377427987386187
518.1537556926282,1.037902097688337
518.2537556926283,1.0380708117242308
518.3537556926283,1.0382494201042853
518.4537556926283,1.0384384213100937
518.5537556926283,1.0386383334891167
518.6537556926284,1.0388496948859047
518.7537556926284,1.039073064260535
518.8537556926284,1.0393090212924492
518.9537556926284,1.0395581669677925
519.0537556926284,1.0398211239482955
519.1537556926285,1.0400985369196631
519.2537556926285,1.0403910729173647
519.3537556926285,1.0406994216276615
519.4537556926285,1.04102429566164
519.5537556926286,1.041366430799962
519.6537556926286,1.041726586205986
519.7537556926286,1.0421055446048695
519.8537556926286,1.0425041124262087
519.9537556926286,1.0429231199077333
520.0537556926287,1.0433634211575444
520.1537556926287,1.0438258941723464
520.2537556926287,1.044311440809108
520.3537556926287,1.0448209867075673
520.4537556926288,1.0453554811609922
520.5537556926288,1.0459158969326041
520.6537556926288,1.046503230015084
520.7537556926288,1.047118499330595
520.8537556926289,1.0477627463687842
520.9537556926289,1.0484370347602605
521.0537556926289,1.0491424497830963
521.1537556926289,1.0498800977999503
521.2537556926289,1.0506511056234835
521.353755692629,1.0514566198078152
521.453755692629,1.0522978058638577
521.553755692629,1.0531758473964699
521.653755692629,1.0540919451614839
521.753755692629,1.055047316040786
521.8537556926291,1.0560431919337705
521.9537556926291,1.0570808185636367
522.0537556926291,1.0581614541971622
522.1537556926291,1.0592863682767668
522.2537556926292,1.060456839963857
522.3537556926292,1.0616741565926617
522.4537556926292,1.0629396120339658
522.5537556926292,1.0642545049683831
522.6537556926293,1.0656201370690481
522.7537556926293,1.067037811093852
522.8537556926293,1.068508828887612
522.9537556926293,1.0700344892948317
523.0537556926294,1.0716160859840005
523.1537556926294,1.0732549051846578
523.2537556926294,1.074952223338765
523.3537556926294,1.0767093046682275
523.4537556926294,1.0785273986607298
523.5537556926295,1.0804077374763736
523.6537556926295,1.0823515332779357
523.7537556926295,1.0843599754879014
523.8537556926295,1.0864342279757713
523.9537556926296,1.0885754261794753
524.0537556926296,1.090784674165083
524.1537556926296,1.0930630416293385
524.2537556926296,1.0954115608498949
524.3537556926296,1.0978312235884733
524.4537556926297,1.100322977952503
524.5537556926297,1.1028877252211464
524.6537556926297,1.1055263166419345
524.7537556926297,1.1082395502045697
524.8537556926298,1.111028167398764
524.9537556926298,1.1138928499632854
525.0537556926298,1.1168342166336827
525.1537556926298,1.1198528198964335
525.2537556926299,1.122949142757533
525.3537556926299,1.126123595533781
525.4537556926299,1.1293765126752668
525.5537556926299,1.132708149627758
525.6537556926299,1.1361186797438885
525.75375569263,1.1396081912522211
525.85375569263,1.143176684293395
525.95375569263,1.1468240680326967
526.05375569263,1.1505501578584876
526.15375569263,1.1543546726759888
526.2537556926301,1.1582372323059602
526.3537556926301,1.16219735499783
526.4537556926301,1.1662344550667985
526.5537556926301,1.170347840664399
526.6537556926302,1.174536711691906
526.7537556926302,1.1788001578658702
526.8537556926302,1.1831371569449023
526.9537556926302,1.1875465731266517
527.0537556926303,1.1920271556236974
527.1537556926303,1.1965775374268213
527.2537556926303,1.2011962342638431
527.3537556926303,1.2058816437618733
527.4537556926304,1.2106320448204826
527.5537556926304,1.2154455972028961
527.6537556926304,1.2203203413518917
527.7537556926304,1.2252541984366307
527.8537556926304,1.2302449706361491
527.9537556926305,1.2352903416647238
528.0537556926305,1.240387877543775
528.1537556926305,1.245535027624379
528.2537556926305,1.2507291258638682
528.3537556926306,1.2559673923593517
528.4537556926306,1.2612469351403341
528.5537556926306,1.2665647522219343
528.6537556926306,1.2719177339194963
528.7537556926306,1.27730266542467
528.8537556926307,1.2827162296423045
528.9537556926307,1.2881550102867416
529.0537556926307,1.2936154952353418
529.1537556926307,1.2990940801363013
529.2537556926308,1.3045870722670443
529.3537556926308,1.3100906946386928
529.4537556926308,1.3156010903413398
529.5537556926308,1.3211143271240675
529.6537556926309,1.3266264022028833
529.7537556926309,1.3321332472889797
529.8537556926309,1.3376307338289681
529.9537556926309,1.3431146784479955
530.053755692631,1.3485808485859334
530.153755692631,1.354024968316116
530.253755692631,1.3594427243354308
530.353755692631,1.364829772113902
530.453755692631,1.3701817421912854
530.5537556926311,1.3754942466075883
530.6537556926311,1.3807628854538758
530.7537556926311,1.3859832535291847
530.8537556926311,1.3911509470888914
530.9537556926311,1.3962615706694217
531.0537556926312,1.401310743973796
531.1537556926312,1.406294108802137
531.2537556926312,1.4112073360109605
531.3537556926312,1.4160461324848097
531.4537556926313,1.4208062481035726
531.5537556926313,1.4254834826886755
531.6537556926313,1.4300736929112254
531.7537556926313,1.434572799145133
531.8537556926314,1.4389767922482424
531.9537556926314,1.4432817402545566
532.0537556926314,1.4474837949607542
532.1537556926314,1.451579198390371
532.2537556926314,1.4555642891192377
532.3537556926315,1.459435508446048
532.4537556926315,1.4631894063922637
532.5537556926315,1.4668226475159576
532.6537556926315,1.4703320165246287
532.7537556926316,1.4737144236725253
532.8537556926316,1.4769669099285467
532.9537556926316,1.4800866519013944
533.0537556926316,1.4830709665092767
533.1537556926316,1.4859173153821523
533.2537556926317,1.4886233089852274
533.3537556926317,1.4911867104531833
533.4537556926317,1.4936054391254114
533.5537556926317,1.495877573773371
533.6537556926318,1.498001355512048
533.7537556926318,1.4999751903883918
533.8537556926318,1.5017976516405258
533.9537556926318,1.5034674816224625
534.0537556926319,1.5049835933900237
534.1537556926319,1.5063450719446327
534.2537556926319,1.5075370589806047
534.3537556926319,1.5083484094402608
534.453755692632,1.5087093430815774
534.553755692632,1.5086220151462164
534.653755692632,1.508090050660338
534.753755692632,1.5071185216715057
534.853755692632,1.505713916596772
534.9537556926321,1.503884101917923
535.0537556926321,1.5016382765173613
535.1537556926321,1.4989869190027678
535.2537556926321,1.4959417284199685
535.3537556926321,1.4925155588008356
535.4537556926322,1.488722348036196
535.5537556926322,1.484577041602158
535.6537556926322,1.4800955117017178
535.7537556926322,1.4752944724116692
535.8537556926323,1.470191391447524
535.9537556926323,1.4648043991761843
536.0537556926323,1.4591521955174334
536.1537556926323,1.453253955380875
536.2537556926324,1.4471292332848271
536.3537556926324,1.4407978677979294
536.4537556926324,1.4342798864330508
536.5537556926324,1.427595411606667
536.6537556926324,1.4207645682555103
536.7537556926325,1.4138073936762812
536.8537556926325,1.4067437501239044
536.9537556926325,1.3995932406696283
537.0537556926325,1.3923751287826114
537.1537556926326,1.3851082620579884
537.2537556926326,1.3778110004712179
537.3537556926326,1.3705011494932877
537.4537556926326,1.3631958983545935
537.5537556926326,1.3559117636974773
537.6537556926327,1.3486645388090663
537.7537556926327,1.3414692485776116
537.8537556926327,1.3343401102675168
537.9537556926327,1.3272905001610704
538.0537556926328,1.3203329260690153
538.1537556926328,1.3134790056678731
538.2537556926328,1.306739450579765
538.3537556926328,1.3001240560706626
538.4537556926329,1.293641696205846
538.5537556926329,1.287300324267086
538.6537556926329,1.2811069782049322
538.7537556926329,1.275067790871612
538.853755692633,1.2691880047555835
538.953755692633,1.263471990917797
539.053755692633,1.2579232718122513
539.153755692633,1.2525445476594999
539.253755692633,1.2473377260313014
539.3537556926331,1.2423039542975827
539.4537556926331,1.2374436545831553
539.5537556926331,1.2327565608810929
539.6537556926331,1.228241757972146
539.7537556926331,1.2238977218048914
539.8537556926332,1.2197223609992507
539.9537556926332,1.2157130591463672
540.0537556926332,1.2118667175903617
540.1537556926332,1.208179798391942
540.2537556926333,1.2046483671899897
540.3537556926333,1.201268135694813
540.4537556926333,1.1980345035655102
540.5537556926333,1.1949425994435536
540.6537556926334,1.1919873209350655
540.7537556926334,1.1891633733550626
540.8537556926334,1.1864653070679645
540.9537556926334,1.1838875532796997
541.0537556926334,1.181424458157581
541.1537556926335,1.1790703151745963
541.2537556926335,1.1768214062407856
541.3537556926335,1.174682421592918
541.4537556926335,1.1726491352199715
541.5537556926336,1.1707158669628188
541.6537556926336,1.1688769932352576
541.7537556926336,1.1671269677601883
541.8537556926336,1.165460340368177
541.9537556926336,1.1638717738884192
542.0537556926337,1.162356059173679
542.1537556926337,1.1609081283110998
542.2537556926337,1.1595230660798375
542.3537556926337,1.1581961197242976
542.4537556926338,1.156922707118367
542.5537556926338,1.1556984234014789
542.6537556926338,1.1545190461716628
542.7537556926338,1.1533805393239724
542.8537556926339,1.1522790556249218
542.9537556926339,1.1512109381148397
543.0537556926339,1.1501727204304681
543.1537556926339,1.1491611261397403
543.253755692634,1.1481730671795498
543.353755692634,1.1472056414855643
543.453755692634,1.1462561299007852
543.553755692634,1.1453219924467157
543.653755692634,1.1444008640377306
543.7537556926341,1.1434905497156094
543.8537556926341,1.1425890194772885
543.9537556926341,1.1416944027647404
544.0537556926341,1.1408049826815905
544.1537556926341,1.1399191899966714
544.2537556926342,1.1390355969902501
544.3537556926342,1.1381529111941813
544.4537556926342,1.1372699690728125
544.5537556926342,1.1363857296870872
544.6537556926343,1.135499268380032
544.7537556926343,1.1346097705176856
544.8537556926343,1.1337165253155548
544.9537556926343,1.1328189197768854
545.0537556926344,1.1319164327654434
545.1537556926344,1.131008629232102
545.2537556926344,1.1300951546113573
545.3537556926344,1.129175729400941
545.4537556926344,1.1282501439349588
545.5537556926345,1.1273182533584865
545.6537556926345,1.1263799728092627
545.7537556926345,1.1254352728100518
545.8537556926345,1.1244841748733956
545.9537556926346,1.1235267473188204
546.0537556926346,1.1225631013011117
546.1537556926346,1.1215933870469956
546.2537556926346,1.120617790296478
546.3537556926346,1.119636528944154
546.4537556926347,1.1186498498750372
546.5537556926347,1.1176580259888034
546.6537556926347,1.1166613534058611
546.7537556926347,1.1156601488482552
546.8537556926348,1.1146547471881385
546.9537556926348,1.113645499156363
547.0537556926348,1.1126327692036397
547.1537556926348,1.1116169335066957
547.2537556926349,1.110598378111894
547.3537556926349,1.1095774972088899
547.4537556926349,1.1085546915270328
547.5537556926349,1.1075303668474201
547.653755692635,1.1065049326237184
547.753755692635,1.1054788007051273
547.853755692635,1.1044523841551146
547.953755692635,1.1034260961598443
548.053755692635,1.1024003490205039
548.1537556926351,1.1013755532240392
548.2537556926351,1.1003521165871075
548.3537556926351,1.099330443468352
548.4537556926351,1.0983109340444064
548.5537556926351,1.09729398364532
548.6537556926352,1.0962799821453806
548.7537556926352,1.0952693134055838
548.8537556926352,1.0942623547642543
548.9537556926352,1.093259476572584
549.0537556926353,1.092261041772079
549.1537556926353,1.0912674055111382
549.2537556926353,1.0902789147981944
549.3537556926353,1.0892959081890472
549.4537556926354,1.088318715506203
549.5537556926354,1.0873476575882086
549.6537556926354,1.0863830460671184
549.7537556926354,1.0854251831723947
549.8537556926354,1.0844743615596597
549.9537556926355,1.0835308641628545
550.0537556926355,1.0825949640684653
550.1537556926355,1.0816669244105839
550.2537556926355,1.0807469982856615
550.3537556926356,1.079835428685897
550.4537556926356,1.078932448450285
550.5537556926356,1.0780382802324031
550.6537556926356,1.077153136484099
550.7537556926357,1.0762772194542691
550.8537556926357,1.0754107212019952
550.9537556926357,1.0745538236233272
551.0537556926357,1.0737066984910513
551.1537556926357,1.0728695075068153
551.2537556926358,1.0720424023650093
551.3537556926358,1.0712255248278317
551.4537556926358,1.0704190068109924
551.5537556926358,1.0696229704795224
551.6537556926359,1.0688375283531855
551.7537556926359,1.0680627834209988
551.8537556926359,1.0672988292643824
551.9537556926359,1.066545750188475
552.053755692636,1.0658036213611648
552.153755692636,1.0650725089593898
552.253755692636,1.0643524703222782
552.353755692636,1.063643554110704
552.453755692636,1.0629458004728418
552.5537556926361,1.0622592412153158
552.6537556926361,1.0615838999795397
552.7537556926361,1.0609197924228562
552.8537556926361,1.0602669264040903
552.9537556926362,1.0596253021731363
553.0537556926362,1.0589949125642064
553.1537556926362,1.0583757431923735
553.2537556926362,1.057767772653054
553.3537556926362,1.057170972724073
553.4537556926363,1.0565853085699697
553.5537556926363,1.0560107389482078
553.6537556926363,1.055447216416956
553.7537556926363,1.0548946875441194
553.8537556926364,1.0543530931173062
553.9537556926364,1.0538223683544212
