503.0607597855537,0.00044203436384496853
503.16075978555375,0.00045978411204442916
503.2607597855538,0.000478187556548569
503.3607597855538,0.0004972662276691283
503.4607597855538,0.0005170422610570102
503.56075978555384,0.0005375384107062296
503.66075978555386,0.0005587780620866313
503.7607597855539,0.0005807852454005716
503.8607597855539,0.0006035846489584765
503.96075978555393,0.0006272016326678624
504.06075978555396,0.0006516622416301062
504.160759785554,0.0006769932198389286
504.260759785554,0.0007032220239742258
504.360759785554,0.0007303768372845503
504.46075978555405,0.0007584865835512171
504.56075978555407,0.0007875809411266371
504.6607597855541,0.0008176903570391701
504.7607597855541,0.000848846061156393
504.86075978555414,0.0008810800803983374
504.96075978555416,0.0009144252529918886
505.0607597855542,0.0009489152427571496
505.1607597855542,0.0009845845534161995
505.2607597855542,0.0010214685429143094
505.36075978555425,0.0010596034377432701
505.4607597855543,0.0010990263472560966
505.5607597855543,0.0011397752779620186
505.6607597855543,0.0011818891477901924
505.76075978555434,0.0012254078003102497
505.86075978555436,0.0012703720188973352
505.9607597855544,0.001316823540828908
506.0607597855544,0.0013648050713001496
506.16075978555443,0.001414360297344442
506.26075978555446,0.001465533901644931
506.3607597855545,0.0015183715762228042
506.4607597855545,0.0015729200359874723
506.5607597855545,0.0016292270321334485
506.66075978555455,0.0016873413653683122
506.76075978555457,0.0017473128989556898
506.8607597855546,0.0018091925715568258
506.9607597855546,0.001873032409853852
507.06075978555464,0.0019388855409375205
507.16075978555466,0.0020068062044416857
507.2607597855547,0.002076849764406464
507.3607597855547,0.00214907272085163
507.4607597855547,0.0022235327210413064
507.56075978555475,0.0023002885704207533
507.6607597855548,0.0023794002432055844
507.7607597855548,0.002460928892603377
507.8607597855548,0.0025449368606473262
507.96075978555484,0.002631487687621155
508.06075978555486,0.0027206461210541907
508.1607597855549,0.0028124781242651786
508.2607597855549,0.0029070508844330056
508.36075978555493,0.003004432820172292
508.46075978555496,0.003104693588591373
508.560759785555,0.003207904091809979
508.660759785555,0.0033141364829136323
508.760759785555,0.003423464171321429
508.86075978555505,0.003535961827543698
508.96075978555507,0.0036517053873057655
509.0607597855551,0.0037707720550137617
509.1607597855551,0.0038932403065382918
509.26075978555514,0.004019189891291521
509.36075978555516,0.00414870183357308
509.4607597855552,0.004281858433160032
509.5607597855552,0.0044187432651160005
509.66075978555523,0.004559441178794463
509.76075978555525,0.004704038296011044
509.8607597855553,0.004852622008359689
509.9607597855553,0.005005280973647435
510.0607597855553,0.005162105111422499
510.16075978555534,0.0053231855975704725
510.26075978555536,0.005488614857953283
510.3607597855554,0.005658486561065839
510.4607597855554,0.005832895609685045
510.56075978555543,0.006011938131486398
510.66075978555546,0.006195711468603037
510.7607597855555,0.006384314166102684
510.8607597855555,0.006577845959357774
510.9607597855555,0.006776407760284589
511.06075978555555,0.006980101642427205
511.16075978555557,0.0071890308248624855
511.2607597855556,0.007403299654902656
511.3607597855556,0.007623013589572298
511.46075978555564,0.007848279175837
511.56075978555566,0.008079204029561318
511.6607597855557,0.008315896813174224
511.7607597855557,0.008558467212020478
511.86075978555573,0.00880702590937722
511.96075978555575,0.009061684560115323
512.0607597855558,0.009322555762985773
512.1607597855558,0.00958975303151209
512.2607597855558,0.009863390763470184
512.3607597855558,0.01014358420893805
512.4607597855559,0.01043044943689821
512.5607597855559,0.01072410330037683
512.6607597855559,0.011024663400103937
512.7607597855559,0.011332248046680381
512.860759785556,0.011646976221237884
512.960759785556,0.011968967534579362
513.060759785556,0.012298342184787977
513.160759785556,0.012635220913294134
513.260759785556,0.012979724959390765
513.3607597855561,0.013331976013188434
513.4607597855561,0.0136920961670027
513.5607597855561,0.014060207865167729
513.6607597855561,0.014436433852270787
513.7607597855562,0.014820897119804185
513.8607597855562,0.015213720851231863
513.9607597855562,0.015615028365469609
514.0607597855562,0.01602494305877902
514.1607597855563,0.016443588345076733
514.2607597855563,0.01687108759466204
514.3607597855563,0.017307564071367177
514.4607597855563,0.017753140868136345
514.5607597855563,0.018207940841040944
514.6607597855564,0.018672086541740057
514.7607597855564,0.019145700148396748
514.8607597855564,0.019628903395062517
514.9607597855564,0.020121817499543917
515.0607597855565,0.02062456308976665
515.1607597855565,0.021137260128654783
515.2607597855565,0.02166002783754388
515.3607597855565,0.022192984618149017
515.4607597855565,0.02273624797311014
515.5607597855566,0.023289934425139238
515.6607597855566,0.02385415943479553
515.7607597855566,0.02442903731691671
515.8607597855566,0.025014681155736154
515.9607597855567,0.025611202718717974
516.0607597855567,0.026218712369143398
516.1607597855567,0.02683731897748435
516.2607597855567,0.02746712983160152
516.3607597855568,0.028108250545806304
516.4607597855568,0.02876078496882819
516.5607597855568,0.029424835090730614
516.6607597855568,0.030100500948820663
516.7607597855568,0.03078788053259961
516.8607597855569,0.03148706968780348
516.9607597855569,0.032198162019584635
517.0607597855569,0.03292124879488703
517.1607597855569,0.03365641884407046
517.260759785557,0.034403758461839885
517.360759785557,0.035163351307539045
517.460759785557,0.03593527830486836
517.560759785557,0.03671961754108965
517.660759785557,0.03751644416578189
517.7607597855571,0.03832583028921367
517.8607597855571,0.03914784488040039
517.9607597855571,0.0399825536649155
518.0607597855571,0.040830019022526975
518.1607597855572,0.04169029988473199
518.2607597855572,0.042563451632264264
518.3607597855572,0.04344952599265012
518.4607597855572,0.04434857093789124
518.5607597855573,0.045260630582352954
518.6607597855573,0.04618574508093906
518.7607597855573,0.04712395052763514
518.8607597855573,0.048075278854503946
518.9607597855573,0.049039757731217604
519.0607597855574,0.05001741046521275
519.1607597855574,0.05100825590255582
519.2607597855574,0.05201230832960689
519.3607597855574,0.05302957737557172
519.4607597855575,0.05406006791603212
519.5607597855575,0.05510377997754644
519.6607597855575,0.05616070864341219
519.7607597855575,0.05723084396068397
519.8607597855575,0.05831417084854038
519.9607597855576,0.05941066900809442
520.0607597855576,0.06052031283374221
520.1607597855576,0.0616430713261455
520.2607597855576,0.06277890800694359
520.3607597855577,0.06392778083529113
520.4607597855577,0.0650896421263173
520.5607597855577,0.0662644384716036
520.6607597855577,0.06745211066177596
520.7607597855578,0.0686525936113079
520.8607597855578,0.0698658162856303
520.9607597855578,0.07109170163064421
521.0607597855578,0.07233016650473169
521.1607597855578,0.07358112161335995
521.2607597855579,0.07484447144637264
521.3607597855579,0.0761201142180626
521.4607597855579,0.07740794181011844
521.5607597855579,0.07870783971753711
521.660759785558,0.08001968699759353
521.760759785558,0.08134335622195663
521.860759785558,0.08267871343204104
521.960759785558,0.08402561809768136
522.060759785558,0.08538392307921461
522.1607597855581,0.08675347459305568
522.2607597855581,0.08813411218084778
522.3607597855581,0.08952566868226926
522.4607597855581,0.09092797021157531
522.5607597855582,0.09234083613795176
522.6607597855582,0.09376407906975553
522.7607597855582,0.09519750484271507
522.8607597855582,0.09664091251215985
522.9607597855583,0.09809409434934838
523.0607597855583,0.09955683584195874
523.1607597855583,0.10102891569880536
523.2607597855583,0.10251010585884142
523.3607597855583,0.10400017150450444
523.4607597855584,0.10549887107945927
523.5607597855584,0.1070059563107894
523.6607597855584,0.10852117223568518
523.7607597855584,0.11004425723267351
523.8607597855585,0.11157494305743051
523.9607597855585,0.1131129548832157
524.0607597855585,0.11465801134596204
524.1607597855585,0.11620982459405324
524.2607597855585,0.1177681003428156
524.3607597855586,0.11933253793374811
524.4607597855586,0.12090283039851128
524.5607597855586,0.12247866452769003
524.6607597855586,0.12405972094434321
524.7607597855587,0.12564567418234826
524.8607597855587,0.127236192769544
524.9607597855587,0.12883093931567305
525.0607597855587,0.13042957060511798
525.1607597855588,0.13203173769442442
525.2607597855588,0.13363708601459703
525.3607597855588,0.1352452554781524
525.4607597855588,0.13685588059090648
525.5607597855588,0.13846859056847224
525.6607597855589,0.1400830094574357
525.7607597855589,0.14169875626117717
525.8607597855589,0.14331544507029814
525.9607597855589,0.14493268519761018
526.060759785559,0.1465500813176383
526.160759785559,0.14816723361058626
526.260759785559,0.14978373791070643
526.360759785559,0.15139918585901407
526.460759785559,0.1530131650602786
526.5607597855591,0.15462525924422307
526.6607597855591,0.15623504843085645
526.7607597855591,0.1578421090998596
526.8607597855591,0.15944601436394212
526.9607597855592,0.1610463341460817
527.0607597855592,0.16264263536055407
527.1607597855592,0.16423448209765817
527.2607597855592,0.16582143581203457
527.3607597855593,0.16740305551447385
527.4607597855593,0.16897889796710608
527.5607597855593,0.17054851788185846
527.6607597855593,0.17211146812206468
527.7607597855593,0.17366729990710605
527.8607597855594,0.17521556301995983
527.9607597855594,0.17675580601752722
528.0607597855594,0.17828757644360946
528.1607597855594,0.17981042104439768
528.2607597855595,0.18132388598633756
528.3607597855595,0.18282751707622782
528.4607597855595,0.18432085998340808
528.5607597855595,0.18580346046388768
528.6607597855595,0.18727486458626577
528.7607597855596,0.18873461895928856
528.8607597855596,0.19018227096088805
528.9607597855596,0.1916173689685438
529.0607597855596,0.1930394625908062
529.1607597855597,0.1944481028998187
529.2607597855597,0.1958428426646731
529.3607597855597,0.19722323658543112
529.4607597855597,0.19858884152764272
529.5607597855598,0.19993921675719056
529.6607597855598,0.20127392417528867
529.7607597855598,0.20259252855346102
529.8607597855598,0.20389459776832602
529.9607597855598,0.20517970303601077
530.0607597855599,0.2064474191460184
530.1607597855599,0.20769732469437133
530.2607597855599,0.20892900231585276
530.3607597855599,0.21014203891516833
530.46075978556,0.211336025896849
530.56075978556,0.21251055939371816
530.66075978556,0.21366524049374366
530.76075978556,0.214799675465098
530.86075978556,0.215913475979249
530.9607597855601,0.21700625933190493
531.0607597855601,0.2180776486616383
531.1607597855601,0.21912727316601457
531.2607597855601,0.22015476831505165
531.3607597855602,0.22115977606183954
531.4607597855602,0.22214194505014953
531.5607597855602,0.22310093081886473
531.6607597855602,0.22403639600306574
531.7607597855603,0.2249480105316078
531.8607597855603,0.22583545182102646
531.9607597855603,0.22669840496561397
532.0607597855603,0.22753656292350843
532.1607597855603,0.22834962669864253
532.2607597855604,0.2291373055184012
532.3607597855604,0.2298993170068398
532.4607597855604,0.23063538735331932
532.5607597855604,0.2313452514764167
532.6607597855605,0.23202865318297416
532.7607597855605,0.2326853453221525
532.8607597855605,0.2333150899343603
532.9607597855605,0.23391765839493217
533.0607597855605,0.23449283155243536
533.1607597855606,0.23504039986148711
533.2607597855606,0.2355601635099707
533.3607597855606,0.2360519325405412
533.4607597855606,0.23651552696631858
533.5607597855607,0.2369507768806685
533.6607597855607,0.23735752256097786
533.7607597855607,0.2377356145663357
533.8607597855607,0.23808491382903646
533.9607597855608,0.2384052917398266
534.0607597855608,0.23869663022682203
534.1607597855608,0.23895882182802783
534.2607597855608,0.2391917697573985
534.3607597855608,0.23939538796438176
534.4607597855609,0.23956960118689433
534.5607597855609,0.2397143449976844
534.6607597855609,0.2398295658440406
534.7607597855609,0.23991522108081323
534.860759785561,0.23997127899671938
534.960759785561,0.23999771883390894
535.060759785561,0.23999692356009997
535.160759785561,0.2399784645423796
535.260759785561,0.2399433436336307
535.3607597855611,0.239891568149703
535.4607597855611,0.2398231488743699
535.5607597855611,0.2397381000555855
535.6607597855611,0.23963643940053944
535.7607597855612,0.23951818806951264
535.8607597855612,0.2393833706685367
535.9607597855612,0.23923201524086088
536.0607597855612,0.2390641532572299
536.1607597855613,0.23887981960497848
536.2607597855613,0.2386790525759469
536.3607597855613,0.23846189385322414
536.4607597855613,0.23822838849672454
536.5607597855613,0.2379785849276051
536.6607597855614,0.23771253491153135
536.7607597855614,0.23743029354079928
536.8607597855614,0.23713191921532217
536.9607597855614,0.23681747362249206
537.0607597855615,0.23648702171592448
537.1607597855615,0.23614063169309785
537.2607597855615,0.2357783749718976
537.3607597855615,0.23540032616607642
537.4607597855615,0.23500656305964276
537.5607597855616,0.2345971665801893
537.6607597855616,0.23417222077117494
537.7607597855616,0.23373181276317304
537.8607597855616,0.23327603274409972
537.9607597855617,0.23280497392843685
538.0607597855617,0.23231873252546392
538.1607597855617,0.23181740770651443
538.2607597855617,0.2313011015712719
538.3607597855618,0.23076991911312206
538.4607597855618,0.23022396818357724
538.5607597855618,0.22966335945579003
538.6607597855618,0.22908820638717356
538.7607597855618,0.22849862518114586
538.8607597855619,0.22789473474801653
538.9607597855619,0.2272766566650339
539.0607597855619,0.22664451513561204
539.1607597855619,0.22599843694775587
539.260759785562,0.22533855143170467
539.360759785562,0.2246649904168133
539.460759785562,0.22397788818769138
539.560759785562,0.2232773814396209
539.660759785562,0.22256360923327292
539.7607597855621,0.22183671294874424
539.8607597855621,0.22109683623893545
539.9607597855621,0.2203441249822918
540.0607597855621,0.21957872723492852
540.1607597855622,0.21880079318216292
540.2607597855622,0.21801047508947471
540.3607597855622,0.21720792725291796
540.4607597855622,0.2163933059490061
540.5607597855623,0.21556676938409391
540.6607597855623,0.2147284776432783
540.7607597855623,0.2138785926388417
540.8607597855623,0.21301727805826096
540.9607597855623,0.212144699311805
541.0607597855624,0.21126102347974463
541.1607597855624,0.21036641925919847
541.2607597855624,0.20946105691063785
541.3607597855624,0.208545108204075
541.4607597855625,0.20761874636495778
541.5607597855625,0.206682146019795
541.6607597855625,0.20573548314153597
541.7607597855625,0.20477893499472824
541.8607597855625,0.203812680080477
541.9607597855626,0.2028368980812303
542.0607597855626,0.20185176980541344
542.1607597855626,0.2008574771319372
542.2607597855626,0.19985420295460168
542.3607597855627,0.1988421311264218
542.4607597855627,0.19782144640389587
542.5607597855627,0.19679233439124205
542.6607597855627,0.19575498148462533
542.7607597855628,0.19470957481639853
542.8607597855628,0.19365630219938015
542.9607597855628,0.1925953520711927
543.0607597855628,0.19152691343868336
543.1607597855628,0.19045117582245039
543.2607597855629,0.18936832920149743
543.3607597855629,0.18827856395803785
543.4607597855629,0.18718207082247168
543.5607597855629,0.18607904081855672
543.660759785563,0.18496966520879504
543.760759785563,0.18385413544005744
543.860759785563,0.18273264308946588
543.960759785563,0.18160537981055558
544.060759785563,0.18047253727973703
544.1607597855631,0.1793343071430787
544.2607597855631,0.1781908809634301
544.3607597855631,0.17704245016790568
544.4607597855631,0.1758892059957483
544.5607597855632,0.17473133944659225
544.6607597855632,0.1735690412291443
544.7607597855632,0.17240250171030128
544.8607597855632,0.1712319108647232
544.9607597855633,0.17005745822487858
545.0607597855633,0.1688793328315807
545.1607597855633,0.16769772318503137
545.2607597855633,0.16651281719638925
545.3607597855633,0.165324802139879
545.4607597855634,0.16413386460545784
545.5607597855634,0.16294019045205466
545.6607597855634,0.16174396476139724
545.7607597855634,0.16054537179244266
545.8607597855635,0.15934459493642533
545.9607597855635,0.1581418166725366
546.0607597855635,0.15693721852424977
546.1607597855635,0.1557309810163041
546.2607597855636,0.15452328363236006
546.3607597855636,0.1533143047733391
546.4607597855636,0.15210422171645901
546.5607597855636,0.15089321057497748
546.6607597855636,0.1496814462586542
