503.0607597855537,0.03845242288455348
503.16075978555375,0.03919967911542187
503.2607597855538,0.039957397332878855
503.3607597855538,0.04072562432446559
503.4607597855538,0.04150440454619524
503.56075978555384,0.04229378005949065
503.66075978555386,0.04309379046814065
503.7607597855539,0.04390447285531433
503.8607597855539,0.04472586172067323
503.96075978555393,0.04555798891762154
504.06075978555396,0.04640088359073603
504.160759785554,0.04725457211341737
504.260759785554,0.04811907802580508
504.360759785554,0.04899442197299956
504.46075978555405,0.04988062164363467
504.56075978555407,0.05077769170884495
504.6607597855541,0.05168564376167231
504.7607597855541,0.052604486256957586
504.86075978555414,0.05353422445176214
504.96075978555416,0.054474860346366255
505.0607597855542,0.05542639262589027
505.1607597855542,0.056388816602585816
505.2607597855542,0.057362124158844056
505.36075978555425,0.058346303690968784
505.4607597855543,0.05934134005376204
505.5607597855543,0.06034721450597036
505.6607597855543,0.06136390465663994
505.76075978555434,0.062391384412429494
505.86075978555436,0.06342962392592875
505.9607597855544,0.06447858954503215
506.0607597855544,0.06553824376341566
506.16075978555443,0.0666085451721662
506.26075978555446,0.06768944841261225
506.3607597855545,0.06878090413040389
506.4607597855545,0.06988285893089177
506.5607597855545,0.07099525533585276
506.66075978555455,0.07211803174161087
506.76075978555457,0.07325112237860158
506.8607597855546,0.07439445727242743
506.9607597855546,0.0755479622064519
507.06075978555464,0.07671155868597954
507.16075978555466,0.0778851639040683
507.2607597855547,0.07906869070902103
507.3607597855547,0.08026204757360142
507.4607597855547,0.08146513856602006
507.56075978555475,0.0826778633227352
507.6607597855548,0.08390011702311219
507.7607597855548,0.08513179036598542
507.8607597855548,0.08637276954816457
507.96075978555484,0.08762293624492856
508.06075978555486,0.08888216759254676
508.1607597855549,0.0901503361728689
508.2607597855549,0.09142731000002258
508.36075978555493,0.09271295250925689
508.46075978555496,0.09400712254796977
508.560759785555,0.09530967436895507
508.660759785555,0.09662045762590567
508.760759785555,0.09793931737120548
508.86075978555505,0.0992660940560448
508.96075978555507,0.10060062353288995
509.0607597855551,0.10194273706033821
509.1607597855551,0.1032922613103874
509.26075978555514,0.10464901837814782
509.36075978555516,0.1060128257940236
509.4607597855552,0.10738349653838833
509.5607597855552,0.10876083905877885
509.66075978555523,0.11014465728962948
509.76075978555525,0.11153475067456735
509.8607597855553,0.11293091419128824
509.9607597855553,0.11433293837903011
510.0607597855553,0.11574060936866053
510.16075978555534,0.1171537089153924
510.26075978555536,0.11857201443414009
510.3607597855554,0.11999529903752719
510.4607597855554,0.12142333157655477
510.56075978555543,0.12285587668393765
510.66075978555546,0.12429269482011357
510.7607597855555,0.1257335423219298
510.8607597855555,0.12717817145400773
510.9607597855555,0.12862633046278654
511.06075978555555,0.13007776363324267
511.16075978555557,0.13153221134828208
511.2607597855556,0.13298941015079863
511.3607597855556,0.13444909280839107
511.46075978555564,0.1359109883807282
511.56075978555566,0.13737482228955097
511.6607597855557,0.13884031639129693
511.7607597855557,0.14030718905233108
511.86075978555573,0.14177515522676576
511.96075978555575,0.14324392653684853
512.0607597855558,0.14471321135589674
512.1607597855558,0.14618271489375406
512.2607597855558,0.14765213928474336
512.3607597855558,0.14912118367808658
512.4607597855559,0.15058954433076283
512.5607597855559,0.15205691470277066
512.6607597855559,0.1535229855547615
512.7607597855559,0.15498744504800663
512.860759785556,0.15644997884666034
512.960759785556,0.15791027022227766
513.060759785556,0.15936800016054503
513.160759785556,0.16082284747017903
513.260759785556,0.16227448889394666
513.3607597855561,0.16372259922175914
513.4607597855561,0.16516685140578852
513.5607597855561,0.166606916677555
513.6607597855561,0.16804246466693112
513.7607597855562,0.16947316352300643
513.8607597855562,0.17089868003675518
513.9607597855562,0.17231867976544749
514.0607597855562,0.17373282715874247
514.1607597855563,0.17514078568640049
514.2607597855563,0.17654221796754976
514.3607597855563,0.17793678590144077
514.4607597855563,0.17932415079962116
514.5607597855563,0.18070397351946046
514.6607597855564,0.18207591459895492
514.7607597855564,0.18343963439273892
514.8607597855564,0.18479479320922962
514.9607597855564,0.18614105144882923
515.0607597855565,0.18747806974310835
515.1607597855565,0.18880550909489263
515.2607597855565,0.19012303101917352
515.3607597855565,0.1914302976847626
515.4607597855565,0.1927269720566088
515.5607597855566,0.19401271803869513
515.6607597855566,0.19528720061743235
515.7607597855566,0.19655008600546495
515.8607597855566,0.19780104178580385
515.9607597855567,0.1990397370562007
516.0607597855567,0.2002658425736763
516.1607597855567,0.20147903089911587
516.2607597855567,0.20267897654184358
516.3607597855568,0.2038653561040876
516.4607597855568,0.2050378484252464
516.5607597855568,0.20619613472586726
516.6607597855568,0.20733989875124756
516.7607597855568,0.20846882691456808
516.8607597855569,0.2095826084394688
516.9607597855569,0.2106809355019772
517.0607597855569,0.21176350337169778
517.1607597855569,0.21283001055217382
517.260759785557,0.21388015892033035
517.360759785557,0.21491365386490868
517.460759785557,0.215930204423803
517.560759785557,0.21692952342020957
517.660759785557,0.21791132759749948
517.7607597855571,0.21887533775272672
517.8607597855571,0.2198212788686837
517.9607597855571,0.22074888024441652
518.0607597855571,0.22165787562411451
518.1607597855572,0.22254800332428679
518.2607597855572,0.22341900635914247
518.3607597855572,0.22427063256408927
518.4607597855572,0.22510263471726838
518.5607597855573,0.22591477065904342
518.6607597855573,0.22670680340936247
518.7607597855573,0.2274785012829141
518.8607597855573,0.2282296380019988
518.9607597855573,0.22895999280703874
519.0607597855574,0.229669350564651
519.1607597855574,0.23035750187320933
519.2607597855574,0.23102424316582298
519.3607597855574,0.23166937681066063
519.4607597855575,0.2322927112085513
519.5607597855575,0.232894060887794
519.6607597855575,0.23347324659611077
519.7607597855575,0.2340300953896795
519.8607597855575,0.23456444071918398
519.9607597855576,0.23507612251282223
520.0607597855576,0.2355649872562142
520.1607597855576,0.23603088806915365
520.2607597855576,0.23647368477915037
520.3607597855577,0.236893243991711
520.4607597855577,0.2372894391573092
520.5607597855577,0.2376621506349985
520.6607597855577,0.23801126575262213
520.7607597855578,0.23833667886357862
520.8607597855578,0.23863829140010212
520.9607597855578,0.23891601192302026
521.0607597855578,0.23916975616795458
521.1607597855578,0.2393994470879303
521.2607597855579,0.23960501489236588
521.3607597855579,0.23978639708241412
521.4607597855579,0.2399435384826304
521.5607597855579,0.24007639126894506
521.660759785558,0.24018491499292044
521.760759785558,0.24026907660227498
521.860759785558,0.2403288504576602
521.960759785558,0.24036421834567834
522.060759785558,0.2403750914529208
522.1607597855581,0.24032923744449416
522.2607597855581,0.24020029417852765
522.3607597855581,0.23998839539653188
522.4607597855581,0.23969376077849316
522.5607597855582,0.23931669556333918
522.6607597855582,0.23885759002195844
522.7607597855582,0.2383169187840477
522.8607597855582,0.23769524002041187
522.9607597855583,0.23699319448268924
523.0607597855583,0.2362115044028139
523.1607597855583,0.23535097225486187
523.2607597855583,0.23441247938225196
523.3607597855583,0.23339698449358856
523.4607597855584,0.23230552203073998
523.5607597855584,0.23113920041304026
523.6607597855584,0.22989920016178544
523.7607597855584,0.22858677190946677
523.8607597855585,0.22720323429843747
523.9607597855585,0.22574997177395523
524.0607597855585,0.22422843227676817
524.1607597855585,0.22264012484062456
524.2607597855585,0.22098661710028247
524.3607597855586,0.21926953271577518
524.4607597855586,0.2174905487188499
524.5607597855586,0.21565139278764234
524.6607597855586,0.21375384045577606
524.7607597855587,0.2117997122621861
524.8607597855587,0.20979087084805464
524.9607597855587,0.20772921800732114
525.0607597855587,0.20561669169728147
525.1607597855588,0.2034552630158274
525.2607597855588,0.20124693315189404
525.3607597855588,0.19899373031568196
525.4607597855588,0.19669770665520162
525.5607597855588,0.19436093516565073
525.6607597855589,0.1919855065980803
525.7607597855589,0.18957352637373415
525.8607597855589,0.18712711151035713
525.9607597855589,0.18464838756666466
526.060759785559,0.18213948561104285
526.160759785559,0.17960253922041614
526.260759785559,0.1770396815150665
526.360759785559,0.17445304223502622
526.460759785559,0.171844744863488
526.5607597855591,0.1692169038024861
526.6607597855591,0.16657162160590255
526.7607597855591,0.16391098627463707
526.8607597855591,0.16123706861856063
526.9607597855592,0.1585519196896371
527.0607597855592,0.15585756829036013
527.1607597855592,0.1531560185614026
527.2607597855592,0.1504492476521237
527.3607597855593,0.14773920347731587
527.4607597855593,0.14502780256331196
527.5607597855593,0.14231692798630133
527.6607597855593,0.139608427405433
527.7607597855593,0.1369041111930098
527.8607597855594,0.1342057506638013
527.9607597855594,0.1315150764052281
528.0607597855594,0.128833776709894
528.1607597855594,0.12616349611166972
528.2607597855595,0.1235058340262575
528.3607597855595,0.12086234349689959
528.4607597855595,0.118234530045626
528.5607597855595,0.11562385063017697
528.6607597855595,0.11303171270647933
528.7607597855596,0.11045947339630592
528.8607597855596,0.10790843875950372
528.9607597855596,0.10537986316993944
529.0607597855596,0.10287494879408271
529.1607597855597,0.10039484517092599
529.2607597855597,0.09794064889172834
529.3607597855597,0.09551340337786703
529.4607597855597,0.09311409875488737
529.5607597855598,0.09074367182065807
529.6607597855598,0.08840300610536493
529.7607597855598,0.08609293202091396
529.8607597855598,0.08381422709716195
529.9607597855598,0.08156761630225146
530.0607597855599,0.07935377244419704
530.1607597855599,0.07717331665075058
530.2607597855599,0.0750268189244657
530.3607597855599,0.07291479876978442
530.46075978556,0.07083772588888514
530.56075978556,0.0687960209429556
530.66075978556,0.06679005637549268
530.76075978556,0.06482015729417899
530.86075978556,0.06288660240784527
530.9607597855601,0.060989625014996586
531.0607597855601,0.05912941404036262
531.1607597855601,0.05730611511592034
531.2607597855601,0.05551983170284004
531.3607597855602,0.053770626250814316
531.4607597855602,0.05205852139124978
531.5607597855602,0.050383501160829604
531.6607597855602,0.04874551225199193
531.7607597855603,0.04714446528691467
531.8607597855603,0.04558023611164995
531.9607597855603,0.04405266710711294
532.0607597855603,0.04256156851369587
532.1607597855603,0.041106719766353945
532.2607597855604,0.03968787083708847
532.3607597855604,0.03830474358183961
532.4607597855604,0.036957033088891665
532.5607597855604,0.035644409025989796
532.6607597855605,0.03436651698346759
532.7607597855605,0.03312297981078848
532.8607597855605,0.03191339894401166
532.9607597855605,0.03073735572180372
533.0607597855605,0.029594412687729638
533.1607597855606,0.02848411487667234
533.2607597855606,0.027405991083345956
533.3607597855606,0.026359555110986324
533.4607597855606,0.02534430699842069
533.5607597855607,0.02435973422383738
533.6607597855607,0.023405312883696027
533.7607597855607,0.02248050884533687
533.8607597855607,0.02158477887196663
533.9607597855608,0.020717571718814946
534.0607597855608,0.019878329199371648
534.1607597855608,0.01906648722072902
534.2607597855608,0.018281476787165667
534.3607597855608,0.017522724971218737
534.4607597855609,0.016789655851598955
534.5607597855609,0.016081691417407753
534.6607597855609,0.015398252438218449
534.7607597855609,0.014738759299681997
534.860759785561,0.014102632804414343
534.960759785561,0.013489294938014405
535.060759785561,0.012898169600151053
535.160759785561,0.0123286833007428
535.260759785561,0.011780265821335276
535.3607597855611,0.011252350841859736
535.4607597855611,0.010744376533029282
535.5607597855611,0.010255786114699864
535.6607597855611,0.00978602838058868
535.7607597855612,0.009334558189804693
535.8607597855612,0.008900836925703844
535.9607597855612,0.008484332922635483
536.0607597855612,0.008084521861196138
536.1607597855613,0.007700887132653127
536.2607597855613,0.007332920173242
536.3607597855613,0.006980120769080308
536.4607597855613,0.006641997332474297
536.5607597855613,0.006318067150425821
536.6607597855614,0.0060078566061736805
536.7607597855614,0.005710901374627048
536.8607597855614,0.0054267465925685494
536.9607597855614,0.005154947004521188
537.0607597855615,0.004895067085186825
537.1607597855615,0.004646681139373959
537.2607597855615,0.004409373380340105
537.3607597855615,0.004182737987478334
537.4607597855615,0.003966379144279342
537.5607597855616,0.0037599110574994456
537.6607597855616,0.0035629579584616415
537.7607597855616,0.003375154087411098
537.8607597855616,0.0031961436618386557
537.9607597855617,0.0030255808296759602
538.0607597855617,0.0028631296082540403
538.1607597855617,0.0027084638099034867
538.2607597855617,0.002561266955059244
538.3607597855618,0.002421232173716134
538.4607597855618,0.002288062096063211
538.5607597855618,0.0021614687331055807
538.6607597855618,0.002041173348061869
538.7607597855618,0.0019269063193039795
538.8607597855619,0.0018184069955834157
538.9607597855619,0.00171542354426529
539.0607597855619,0.0016177127932673588
539.1607597855619,0.0015250400673770352
539.260759785562,0.0014371790195946295
539.360759785562,0.001353911458125883
539.460759785562,0.0012750271696215392
539.560759785562,0.0012003237392361592
539.660759785562,0.001129606368052833
539.7607597855621,0.0010626876883948469
539.8607597855621,0.000999387577519917
539.9607597855621,0.0009395329701672627
540.0607597855621,0.0008829576704027189
540.1607597855622,0.0008295021631823048
540.2607597855622,0.0007790134260301899
540.3607597855622,0.0007313447412030028
540.4607597855622,0.0006863555086887794
540.5607597855623,0.0006439110603657978
540.6607597855623,0.0006038824756239644
540.7607597855623,0.0005661463987293904
540.8607597855623,0.0005305848581914679
540.9607597855623,0.0004970850883709206
541.0607597855624,0.00046553935354723153
541.1607597855624,0.0004358447746443917
541.2607597855624,0.0004079031587951595
541.3607597855624,0.0003816208319059677
541.4607597855625,0.0003569084743672723
541.5607597855625,0.00033368096003751703
541.6607597855625,0.000311857198612975
541.7607597855625,0.00029135998148056754
541.8607597855625,0.00027211583113629235
541.9607597855626,0.0002540548542381626
542.0607597855626,0.00023711059834954047
542.1607597855626,0.00022121991241642598
542.2607597855626,0.00020632281101064972
542.3607597855627,0.00019236234235998846
542.4607597855627,0.00017928446017594765
542.5607597855627,0.0001670378992803732
542.6607597855627,0.00015557405502308278
542.7607597855628,0.000144846866474382
542.8607597855628,0.00013481270336860722
542.9607597855628,0.00012543025676770695
543.0607597855628,0.00011666043340731534
543.1607597855628,0.00010846625368176299
543.2607597855629,0.0001008127532189994
543.3607597855629,9.366688799143637e-05
543.4607597855629,8.699744290425129e-05
543.5607597855629,8.077494379868708e-05
543.660759785563,7.497157280433575e-05
543.760759785563,6.956108697126208e-05
543.860759785563,6.451874011011247e-05
543.960759785563,5.9821207766016795e-05
544.060759785563,5.5446515250127575e-05
544.1607597855631,5.137396865101532e-05
544.2607597855631,4.758408874684682e-05
544.3607597855631,4.4058547738274446e-05
544.4607597855631,4.0780108721265205e-05
544.5607597855632,3.7732567818651457e-05
544.6607597855632,3.490069888900223e-05
544.7607597855632,3.227020073144751e-05
544.8607597855632,2.9827646705345024e-05
544.9607597855633,2.7560436684129507e-05
545.0607597855633,2.5456751263314506e-05
545.1607597855633,2.3505508143414095e-05
545.2607597855633,2.1696320609499094e-05
545.3607597855633,2.0019458030186085e-05
545.4607597855634,1.8465808300062195e-05
545.5607597855634,1.7026842150865752e-05
545.6607597855634,1.5694579258154276e-05
545.7607597855634,1.4461556071691024e-05
545.8607597855635,1.332079529935294e-05
545.9607597855635,1.226577697600013e-05
546.0607597855635,1.1290411050437847e-05
546.1607597855635,1.0389011425337298e-05
546.2607597855636,9.55627138675366e-06
546.3607597855636,8.787240361678604e-06
546.4607597855636,8.077301943885216e-06
546.5607597855636,7.422153130156066e-06
546.6607597855636,6.817784710825194e-06
