503.0607597855537,0.0388944572483984
503.16075978555375,0.039659463227466246
503.2607597855538,0.040435584889427376
503.3607597855538,0.04122289055213467
503.4607597855538,0.0420214468072522
503.56075978555384,0.04283131847019683
503.66075978555386,0.04365256853022723
503.7607597855539,0.04448525810071485
503.8607597855539,0.045329446369631654
503.96075978555393,0.04618519055028936
504.06075978555396,0.047052545832366094
504.160759785554,0.047931565333256244
504.260759785554,0.04882230004977926
504.360759785554,0.04972479881028406
504.46075978555405,0.05063910822718584
504.56075978555407,0.05156527264997154
504.6607597855541,0.052503334118711435
504.7607597855541,0.05345333231811393
504.86075978555414,0.05441530453216043
504.96075978555416,0.055389285599358094
505.0607597855542,0.05637530786864737
505.1607597855542,0.057373401156001966
505.2607597855542,0.058383592701758316
505.36075978555425,0.05940590712871201
505.4607597855543,0.06044036640101809
505.5607597855543,0.06148698978393233
505.6607597855543,0.06254579380443008
505.76075978555434,0.06361679221273969
505.86075978555436,0.06469999594482603
505.9607597855544,0.065795413085861
506.0607597855544,0.06690304883471575
506.16075978555443,0.06802290546951059
506.26075978555446,0.06915498231425712
506.3607597855545,0.07029927570662664
506.4607597855545,0.07145577896687919
506.5607597855545,0.07262448236798615
506.66075978555455,0.07380537310697913
506.76075978555457,0.07499843527755722
506.8607597855546,0.0762036498439842
506.9607597855546,0.0774209946163057
507.06075978555464,0.078650444226917
507.16075978555466,0.07989197010850993
507.2607597855547,0.08114554047342744
507.3607597855547,0.082411120294453
507.4607597855547,0.08368867128706131
507.56075978555475,0.0849781518931559
507.6607597855548,0.08627951726631772
507.7607597855548,0.08759271925858875
507.8607597855548,0.08891770640881184
507.96075978555484,0.09025442393254966
508.06075978555486,0.09160281371360089
508.1607597855549,0.09296281429713402
508.2607597855549,0.09433436088445553
508.36075978555493,0.09571738532942912
508.46075978555496,0.09711181613656109
508.560759785555,0.09851757846076499
508.660759785555,0.09993459410881925
508.760759785555,0.10136278154252686
508.86075978555505,0.10280205588358846
508.96075978555507,0.10425232892019566
509.0607597855551,0.10571350911535192
509.1607597855551,0.10718550161692564
509.26075978555514,0.10866820826943928
509.36075978555516,0.11016152762759662
509.4607597855552,0.11166535497154831
509.5607597855552,0.1131795823238948
509.66075978555523,0.11470409846842389
509.76075978555525,0.11623878897057834
509.8607597855553,0.11778353619964788
509.9607597855553,0.1193382193526775
510.0607597855553,0.12090271448008297
510.16075978555534,0.12247689451296281
510.26075978555536,0.12406062929209331
510.3607597855554,0.12565378559859297
510.4607597855554,0.12725622718623977
510.56075978555543,0.12886781481542398
510.66075978555546,0.13048840628871655
510.7607597855555,0.13211785648803243
510.8607597855555,0.13375601741336546
510.9607597855555,0.13540273822307108
511.06075978555555,0.13705786527566982
511.16075978555557,0.13872124217314452
511.2607597855556,0.14039270980570123
511.3607597855556,0.1420721063979633
511.46075978555564,0.14375926755656515
511.56075978555566,0.14545402631911225
511.6607597855557,0.1471562132044711
511.7607597855557,0.1488656562643515
511.86075978555573,0.1505821811361429
511.96075978555575,0.1523056110969638
512.0607597855558,0.15403576711888245
512.1607597855558,0.15577246792526608
512.2607597855558,0.15751553004821348
512.3607597855558,0.15926476788702457
512.4607597855559,0.161019993767661
512.5607597855559,0.16278101800314743
512.6607597855559,0.16454764895486537
512.7607597855559,0.16631969309468694
512.860759785556,0.16809695506789818
512.960759785556,0.16987923775685695
513.060759785556,0.17166634234533296
513.160759785556,0.1734580683834731
513.260759785556,0.17525421385333737
513.3607597855561,0.17705457523494753
513.4607597855561,0.17885894757279117
513.5607597855561,0.18066712454272268
513.6607597855561,0.18247889851920185
513.7607597855562,0.18429406064281056
513.8607597855562,0.18611240088798697
513.9607597855562,0.18793370813091703
514.0607597855562,0.18975777021752144
514.1607597855563,0.19158437403147716
514.2607597855563,0.19341330556221176
514.3607597855563,0.1952443499728079
514.4607597855563,0.19707729166775745
514.5607597855563,0.19891191436050135
514.6607597855564,0.2007480011406949
514.7607597855564,0.20258533454113561
514.8607597855564,0.20442369660429208
514.9607597855564,0.2062628689483731
515.0607597855565,0.20810263283287495
515.1607597855565,0.20994276922354735
515.2607597855565,0.21178305885671733
515.3607597855565,0.21362328230291155
515.4607597855565,0.21546322002971888
515.5607597855566,0.21730265246383432
515.6607597855566,0.2191413600522278
515.7607597855566,0.2209791233223816
515.8607597855566,0.22281572294153995
515.9607597855567,0.22465093977491862
516.0607597855567,0.22648455494281963
516.1607597855567,0.22831634987660016
516.2607597855567,0.23014610637344504
516.3607597855568,0.23197360664989386
516.4607597855568,0.23379863339407453
516.5607597855568,0.2356209698165978
516.6607597855568,0.23744039970006817
516.7607597855568,0.23925670744716765
516.8607597855569,0.24106967812727223
516.9607597855569,0.24287909752156178
517.0607597855569,0.24468475216658475
517.1607597855569,0.2464864293962442
517.260759785557,0.24828391738217018
517.360759785557,0.2500770051724477
517.460759785557,0.2518654827286713
517.560759785557,0.25364914096129915
517.660759785557,0.2554277717632813
517.7607597855571,0.2572011680419403
517.8607597855571,0.25896912374908404
517.9607597855571,0.26073143390933196
518.0607597855571,0.2624878946466414
518.1607597855572,0.2642383032090187
518.2607597855572,0.2659824579914067
518.3607597855572,0.2677201585567393
518.4607597855572,0.26945120565515956
518.5607597855573,0.27117540124139633
518.6607597855573,0.2728925484903015
518.7607597855573,0.2746024518105492
518.8607597855573,0.2763049168565027
518.9607597855573,0.27799975053825626
519.0607597855574,0.2796867610298637
519.1607597855574,0.2813657577757651
519.2607597855574,0.28303655149542983
519.3607597855574,0.2846989541862323
519.4607597855575,0.28635277912458335
519.5607597855575,0.28799784086534036
519.6607597855575,0.2896339552395229
519.7607597855575,0.2912609393503634
519.8607597855575,0.2928786115677243
519.9607597855576,0.2944867915209166
520.0607597855576,0.2960853000899563
520.1607597855576,0.2976739593952991
520.2607597855576,0.2992525927860939
520.3607597855577,0.30082102482700207
520.4607597855577,0.30237908128362645
520.5607597855577,0.30392658910660203
520.6607597855577,0.305463376414398
520.7607597855578,0.30698927247488644
520.8607597855578,0.3085041076857324
520.9607597855578,0.3100077135536644
521.0607597855578,0.3114999226726862
521.1607597855578,0.31298056870129015
521.2607597855579,0.3144494863387385
521.3607597855579,0.31590651130047664
521.4607597855579,0.3173514802927488
521.5607597855579,0.3187842309864821
521.660759785558,0.3202046019905139
521.760759785558,0.3216124328242315
521.860759785558,0.3230075638897012
521.960759785558,0.32438983644335967
522.060759785558,0.32575901453213535
522.1607597855581,0.3270827120375498
522.2607597855581,0.3283344063593754
522.3607597855581,0.32951406407880107
522.4607597855581,0.3306217309900684
522.5607597855582,0.33165753170129086
522.6607597855582,0.3326216690917139
522.7607597855582,0.3335144236267627
522.8607597855582,0.33433615253257165
522.9607597855583,0.3350872888320376
523.0607597855583,0.3357683402447726
523.1607597855583,0.3363798879536672
523.2607597855583,0.3369225852410933
523.3607597855583,0.33739715599809295
523.4607597855584,0.3378043931101992
523.5607597855584,0.3381451567238296
523.6607597855584,0.3384203723974706
523.7607597855584,0.3386310291421402
523.8607597855585,0.33877817735586796
523.9607597855585,0.3388629266571709
524.0607597855585,0.3388864436227302
524.1607597855585,0.3388499494346778
524.2607597855585,0.338754717443098
524.3607597855586,0.33860207064952325
524.4607597855586,0.3383933791173611
524.5607597855586,0.3381300573153323
524.6607597855586,0.3378135614001192
524.7607597855587,0.3374453864445343
524.8607597855587,0.3370270636175986
524.9607597855587,0.3365601573229941
525.0607597855587,0.33604626230239937
525.1607597855588,0.3354870007102518
525.2607597855588,0.334884019166491
525.3607597855588,0.3342389857938343
525.4607597855588,0.333553587246108
525.5607597855588,0.3328295257341229
525.6607597855589,0.33206851605551596
525.7607597855589,0.33127228263491126
525.8607597855589,0.3304425565806552
525.9607597855589,0.3295810727642748
526.060759785559,0.32868956692868107
526.160759785559,0.32776977283100234
526.260759785559,0.32682341942577287
526.360759785559,0.32585222809404024
526.460759785559,0.32485790992376656
526.5607597855591,0.32384216304670915
526.6607597855591,0.32280667003675895
526.7607597855591,0.32175309537449664
526.8607597855591,0.3206830829825027
526.9607597855592,0.31959825383571877
527.0607597855592,0.31850020365091414
527.1607597855592,0.3173905006590607
527.2607597855592,0.3162706834641582
527.3607597855593,0.31514225899178966
527.4607597855593,0.31400670053041796
527.5607597855593,0.31286544586815973
527.6607597855593,0.3117198955274976
527.7607597855593,0.3105714111001158
527.8607597855594,0.3094213136837611
527.9607597855594,0.3082708824227553
528.0607597855594,0.30712135315350336
528.1607597855594,0.3059739171560673
528.2607597855595,0.304829720012595
528.3607597855595,0.30368986057312736
528.4607597855595,0.30255539002903403
528.5607597855595,0.30142731109406457
528.6607597855595,0.30030657729274507
528.7607597855596,0.2991940923555944
528.8607597855596,0.2980907097203917
528.9607597855596,0.2969972321384832
529.0607597855596,0.2959144113848889
529.1607597855597,0.2948429480707446
529.2607597855597,0.2937834915564014
529.3607597855597,0.2927366399632981
529.4607597855597,0.29170294028253
529.5607597855598,0.2906828885778486
529.6607597855598,0.28967693028065356
529.7607597855598,0.28868546057437494
529.8607597855598,0.28770882486548793
529.9607597855598,0.2867473193382622
530.0607597855599,0.2858011915902154
530.1607597855599,0.28487064134512186
530.2607597855599,0.28395582124031843
530.3607597855599,0.2830568376849527
530.46075978556,0.28217375178573406
530.56075978556,0.2813065803366737
530.66075978556,0.28045529686923626
530.76075978556,0.27961983275927693
530.86075978556,0.27880007838709425
530.9607597855601,0.2779958843469015
531.0607597855601,0.27720706270200085
531.1607597855601,0.27643338828193487
531.2607597855601,0.2756746000178916
531.3607597855602,0.2749304023126538
531.4607597855602,0.2742004664413992
531.5607597855602,0.2734844319796943
531.6607597855602,0.2727819082550576
531.7607597855603,0.2720924758185224
531.8607597855603,0.27141568793267634
531.9607597855603,0.27075107207272686
532.0607597855603,0.27009813143720424
532.1607597855603,0.26945634646499644
532.2607597855604,0.2688251763554896
532.3607597855604,0.26820406058867935
532.4607597855604,0.26759242044221093
532.5607597855604,0.26698966050240647
532.6607597855605,0.2663951701664417
532.7607597855605,0.2658083251329409
532.8607597855605,0.2652284888783719
532.9607597855605,0.2646550141167358
533.0607597855605,0.26408724424016494
533.1607597855606,0.2635245147381594
533.2607597855606,0.26296615459331657
533.3607597855606,0.26241148765152744
533.4607597855606,0.2618598339647392
533.5607597855607,0.2613105111045058
533.6607597855607,0.2607628354446738
533.7607597855607,0.26021612341167255
533.8607597855607,0.25966969270100304
533.9607597855608,0.2591228634586415
534.0607597855608,0.25857495942619363
534.1607597855608,0.2580253090487568
534.2607597855608,0.2574732465445641
534.3607597855608,0.25691811293560046
534.4607597855609,0.2563592570384932
534.5607597855609,0.2557960364150921
534.6607597855609,0.255227818282259
534.7607597855609,0.2546539803804952
534.860759785561,0.25407391180113365
534.960759785561,0.2534870137719233
535.060759785561,0.25289509316025094
535.160759785561,0.25230714784312236
535.260759785561,0.2517236094549659
535.3607597855611,0.2511439189915627
535.4607597855611,0.2505675254073991
535.5607597855611,0.24999388617028528
535.6607597855611,0.24942246778112806
535.7607597855612,0.24885274625931728
535.8607597855612,0.2482842075942405
535.9607597855612,0.2477163481634963
536.0607597855612,0.24714867511842598
536.1607597855613,0.24658070673763155
536.2607597855613,0.24601197274918885
536.3607597855613,0.2454420146223044
536.4607597855613,0.2448703858291988
536.5607597855613,0.24429665207803086
536.6607597855614,0.24372039151770497
536.7607597855614,0.24314119491542627
536.8607597855614,0.24255866580789068
536.9607597855614,0.24197242062701318
537.0607597855615,0.24138208880111126
537.1607597855615,0.24078731283247176
537.2607597855615,0.24018774835223766
537.3607597855615,0.2395830641535547
537.4607597855615,0.23897294220392204
537.5607597855616,0.2383570776376887
537.6607597855616,0.23773517872963654
537.7607597855616,0.23710696685058408
537.8607597855616,0.23647217640593832
537.9607597855617,0.23583055475811276
538.0607597855617,0.23518186213371792
538.1607597855617,0.23452587151641788
538.2607597855617,0.23386236852633108
538.3607597855618,0.23319115128683815
538.4607597855618,0.2325120302796404
538.5607597855618,0.23182482818889555
538.6607597855618,0.23112937973523537
538.7607597855618,0.23042553150044978
538.8607597855619,0.22971314174359989
538.9607597855619,0.22899208020929915
539.0607597855619,0.22826222792887935
539.1607597855619,0.22752347701513284
539.260759785562,0.22677573045129926
539.360759785562,0.22601890187493912
539.460759785562,0.22525291535731287
539.560759785562,0.22447770517885698
539.660759785562,0.2236932156013257
539.7607597855621,0.22289940063713903
539.8607597855621,0.2220962238164553
539.9607597855621,0.22128365795245902
540.0607597855621,0.2204616849053312
540.1607597855622,0.21963029534534517
540.2607597855622,0.21878948851550484
540.3607597855622,0.21793927199412091
540.4607597855622,0.21707966145769483
540.5607597855623,0.21621068044445965
540.6607597855623,0.2153323601189022
540.7607597855623,0.21444473903757105
540.8607597855623,0.21354786291645236
540.9607597855623,0.21264178440017587
541.0607597855624,0.2117265628332918
541.1607597855624,0.2108022640338428
541.2607597855624,0.20986896006943295
541.3607597855624,0.20892672903598092
541.4607597855625,0.207975654839325
541.5607597855625,0.20701582697983248
541.6607597855625,0.2060473403401489
541.7607597855625,0.20507029497620874
541.8607597855625,0.20408479591161324
541.9607597855626,0.2030909529354684
542.0607597855626,0.20208888040376294
542.1607597855626,0.20107869704435355
542.2607597855626,0.20006052576561228
542.3607597855627,0.19903449346878171
542.4607597855627,0.19800073086407177
542.5607597855627,0.19695937229052238
542.6607597855627,0.19591055553964837
542.7607597855628,0.19485442168287284
542.8607597855628,0.1937911149027487
542.9607597855628,0.19272078232796033
543.0607597855628,0.19164357387209063
543.1607597855628,0.1905596420761321
543.2607597855629,0.18946914195471637
543.3607597855629,0.18837223084602922
543.4607597855629,0.18726906826537587
543.5607597855629,0.18615981576235535
543.660759785563,0.18504463678159933
543.760759785563,0.18392369652702864
543.860759785563,0.18279716182957595
543.960759785563,0.18166520101832154
544.060759785563,0.1805279837949871
544.1607597855631,0.17938568111172964
544.2607597855631,0.17823846505217691
544.3607597855631,0.1770865087156439
544.4607597855631,0.17592998610446953
544.5607597855632,0.17476907201441083
544.6607597855632,0.17360394192803325
544.7607597855632,0.17243477191103268
544.8607597855632,0.17126173851142848
544.9607597855633,0.17008501866156267
545.0607597855633,0.16890478958284394
545.1607597855633,0.16772122869317474
545.2607597855633,0.1665345135169987
545.3607597855633,0.16534482159790911
545.4607597855634,0.16415233041375785
545.5607597855634,0.16295721729420545
545.6607597855634,0.16175965934065534
545.7607597855634,0.16055983334851429
545.8607597855635,0.15935791573172464
545.9607597855635,0.15815408244951254
546.0607597855635,0.15694850893530016
546.1607597855635,0.15574137002772936
546.2607597855636,0.15453283990374675
546.3607597855636,0.15332309201370073
546.4607597855636,0.15211229901840284
546.5607597855636,0.15090063272810758
546.6607597855636,0.14968826404336497
