32.40563021330489,0.0
32.455630213304886,0.0
32.50563021330488,0.0
32.55563021330488,0.0
32.60563021330488,0.0
32.655630213304875,0.0
32.70563021330487,0.0
32.75563021330487,0.0
32.805630213304866,0.0
32.85563021330486,0.0
32.90563021330486,0.0
32.95563021330486,0.0
33.005630213304855,0.0
33.05563021330485,0.0
33.10563021330485,0.0
33.155630213304846,0.0
33.20563021330484,0.0
33.25563021330484,0.0
33.30563021330484,0.0
33.355630213304835,0.0
33.40563021330483,0.0
33.45563021330483,0.0
33.505630213304826,0.0
33.55563021330482,0.0
33.60563021330482,0.0
33.65563021330482,0.0
33.705630213304815,0.0
33.75563021330481,0.0
33.80563021330481,0.0
33.855630213304806,0.0
33.9056302133048,0.0
33.9556302133048,0.0
34.0056302133048,0.0
34.055630213304795,0.0
34.10563021330479,0.0
34.15563021330479,0.0
34.20563021330479,0.0
34.255630213304784,0.0
34.30563021330478,0.0
34.35563021330478,0.0
34.405630213304775,0.0
34.45563021330477,0.0
34.50563021330477,0.0
34.55563021330477,0.0
34.605630213304764,0.0
34.65563021330476,0.0
34.70563021330476,0.0
34.755630213304755,0.0
34.80563021330475,0.0
34.85563021330475,0.0
34.90563021330475,0.0
34.955630213304744,0.0
35.00563021330474,0.0
35.05563021330474,0.0
35.105630213304735,0.0
35.15563021330473,0.0
35.20563021330473,0.0
35.25563021330473,0.0
35.305630213304724,0.0
35.35563021330472,0.0
35.40563021330472,0.0
35.455630213304715,0.0
35.50563021330471,0.0
35.55563021330471,0.0
35.60563021330471,0.0
35.655630213304704,0.0
35.7056302133047,0.0
35.7556302133047,0.0
35.805630213304696,0.0
35.85563021330469,0.0
35.90563021330469,0.0
35.95563021330469,0.0
36.005630213304684,0.0
36.05563021330468,0.0
36.10563021330468,0.0
36.155630213304676,0.0
36.20563021330467,0.0
36.25563021330467,0.0
36.30563021330467,0.0
36.355630213304664,0.0
36.40563021330466,0.0
36.45563021330466,0.0
36.505630213304656,0.0
36.55563021330465,0.0
36.60563021330465,0.0
36.65563021330465,0.0
36.705630213304644,0.0
36.75563021330464,0.0
36.80563021330464,0.0
36.855630213304636,0.0
36.90563021330463,0.0
36.95563021330463,0.0
37.00563021330463,0.0
37.055630213304624,0.0
37.10563021330462,0.0
37.15563021330462,0.0
37.205630213304616,0.0
37.25563021330461,0.0
37.30563021330461,0.0
37.35563021330461,0.0
37.405630213304605,0.0
37.4556302133046,0.0
37.5056302133046,0.0
37.555630213304596,0.0
37.60563021330459,0.0
37.65563021330459,0.0
37.70563021330459,0.0
37.755630213304585,0.0
37.80563021330458,0.0
37.85563021330458,0.0
37.905630213304576,0.0
37.95563021330457,0.0
38.00563021330457,0.0
38.05563021330457,0.0
38.105630213304565,0.0
38.15563021330456,0.0
38.20563021330456,0.0
38.255630213304556,0.0
38.30563021330455,0.0
38.35563021330455,0.0
38.40563021330455,0.0
38.455630213304545,0.0
38.50563021330454,0.0
38.55563021330454,0.0
38.605630213304536,0.0
38.65563021330453,0.0
38.70563021330453,0.0
38.75563021330453,0.0
38.805630213304525,0.0
38.85563021330452,0.0
38.90563021330452,0.0
38.95563021330452,0.0
39.005630213304514,0.0
39.05563021330451,0.0
39.10563021330451,0.0
39.155630213304505,0.0
39.2056302133045,0.0
39.2556302133045,0.0
39.3056302133045,0.0
39.355630213304494,0.0
39.40563021330449,0.0
39.45563021330449,0.0
39.505630213304485,0.0
39.55563021330448,0.0
39.60563021330448,0.0
39.65563021330448,0.0
39.705630213304474,0.0
39.75563021330447,0.0
39.80563021330447,0.0
39.855630213304465,0.0
39.90563021330446,0.0
39.95563021330446,0.0
40.00563021330446,0.0
40.055630213304454,0.0
40.10563021330445,0.0
40.15563021330445,0.0
40.205630213304445,0.0
40.25563021330444,0.0
40.30563021330444,0.0
40.35563021330444,0.0
40.405630213304434,0.0
40.45563021330443,0.0
40.50563021330443,0.0
40.555630213304426,0.0
40.60563021330442,0.0
40.65563021330442,0.0
40.70563021330442,0.0
40.755630213304414,0.0
40.80563021330441,0.0
40.85563021330441,0.0
40.905630213304406,0.0
40.9556302133044,0.0
41.0056302133044,0.0
41.0556302133044,0.0
41.105630213304394,0.0
41.15563021330439,0.0
41.20563021330439,0.0
41.255630213304386,0.0
41.30563021330438,0.0
41.35563021330438,0.0
41.40563021330438,0.0
41.455630213304374,0.0
41.50563021330437,0.0
41.55563021330437,0.0
41.605630213304366,0.0
41.65563021330436,0.0
41.70563021330436,0.0
41.75563021330436,0.0
41.805630213304354,0.0
41.85563021330435,0.0
41.90563021330435,0.0
41.955630213304346,0.0
42.00563021330434,0.0
42.05563021330434,0.0
42.10563021330434,0.0
42.155630213304335,0.0
42.20563021330433,0.0
42.25563021330433,0.0
42.305630213304326,0.0
42.35563021330432,0.0
42.40563021330432,0.0
42.45563021330432,0.0
42.505630213304315,0.0
42.55563021330431,0.0
42.60563021330431,0.0
42.655630213304306,0.0
42.7056302133043,0.0
42.7556302133043,0.0
42.8056302133043,0.0
42.855630213304295,0.0
42.90563021330429,0.0
42.95563021330429,0.0
43.005630213304286,0.0
43.05563021330428,0.0
43.10563021330428,0.0
43.15563021330428,0.0
43.205630213304275,0.0
43.25563021330427,0.0
43.30563021330427,0.0
43.355630213304266,0.0
43.40563021330426,0.0
43.45563021330426,0.0
43.50563021330426,0.0
43.555630213304255,0.0
43.60563021330425,0.0
43.65563021330425,0.0
43.70563021330425,0.0
43.755630213304244,0.0
43.80563021330424,0.0
43.85563021330424,0.0
43.905630213304235,0.0
43.95563021330423,0.0
44.00563021330423,0.0
44.05563021330423,0.0
44.105630213304224,0.0
44.15563021330422,0.0
44.20563021330422,0.0
44.255630213304215,0.0
44.30563021330421,0.0
44.35563021330421,0.0
44.40563021330421,0.0
44.455630213304204,0.0
44.5056302133042,0.0
44.5556302133042,0.0
44.605630213304195,0.0
44.65563021330419,0.0
44.70563021330419,0.0
44.75563021330419,0.0
44.805630213304184,0.0
44.85563021330418,0.0
44.90563021330418,0.0
44.955630213304175,0.0
45.00563021330417,0.0
45.05563021330417,0.0
45.10563021330417,0.0
45.155630213304164,0.0
45.20563021330416,0.0
45.25563021330416,0.0
45.305630213304156,0.0
45.35563021330415,0.0
45.40563021330415,0.0
45.45563021330415,0.0
45.505630213304144,0.0
45.55563021330414,0.0
45.60563021330414,0.0
45.655630213304136,0.0
45.70563021330413,0.0
45.75563021330413,0.0
45.80563021330413,0.0
45.855630213304124,0.0
45.90563021330412,0.0
45.95563021330412,0.0
46.005630213304116,0.0
46.05563021330411,0.0
46.10563021330411,0.0
46.15563021330411,0.0
46.205630213304104,0.0
46.2556302133041,0.0
46.3056302133041,0.0
46.355630213304096,0.0
46.40563021330409,0.0
46.45563021330409,0.0
46.50563021330409,0.0
46.555630213304084,0.0
46.60563021330408,0.0
46.65563021330408,0.0
46.705630213304076,0.0
46.75563021330407,0.0
46.80563021330407,0.0
46.85563021330407,0.0
46.905630213304065,0.0
46.95563021330406,0.0
47.00563021330406,0.0
47.055630213304056,0.0
47.10563021330405,0.0
47.15563021330405,0.0
47.20563021330405,0.0
47.255630213304045,0.0
47.30563021330404,0.0
47.35563021330404,0.0
47.405630213304036,0.0
47.45563021330403,0.0
47.50563021330403,0.0
47.55563021330403,0.0
47.605630213304025,0.0
47.65563021330402,0.0
47.70563021330402,0.0
47.755630213304016,0.0
47.80563021330401,0.0
47.85563021330401,0.0
47.90563021330401,0.0
47.955630213304005,0.0
48.005630213304,0.0
48.055630213304,0.0
48.105630213303996,0.0
48.15563021330399,0.0
48.20563021330399,0.0
48.25563021330399,0.0
48.305630213303985,0.0
48.35563021330398,0.0
48.40563021330398,0.0
48.45563021330398,0.0
48.505630213303974,0.0
48.55563021330397,0.0
48.60563021330397,0.0
48.655630213303965,0.0
48.70563021330396,0.0
48.75563021330396,0.0
48.80563021330396,0.0
48.855630213303954,0.0
48.90563021330395,0.0
48.95563021330395,0.0
49.005630213303945,0.0
49.05563021330394,0.0
49.10563021330394,0.0
49.15563021330394,0.0
49.205630213303934,0.0
49.25563021330393,0.0
49.30563021330393,0.0
49.355630213303925,0.0
49.40563021330392,0.0
49.45563021330392,0.0
49.50563021330392,0.0
49.555630213303914,0.0
49.60563021330391,0.0
49.65563021330391,0.0
49.705630213303905,0.0
49.7556302133039,0.0
49.8056302133039,0.0
49.8556302133039,0.0
49.905630213303894,0.0
49.95563021330389,0.0
50.00563021330389,0.0
50.055630213303886,0.0
50.10563021330388,0.0
50.15563021330388,0.0
50.20563021330388,0.0
50.255630213303874,0.0
50.30563021330387,0.0
50.35563021330387,0.0
50.405630213303866,0.0
50.45563021330386,0.0
50.50563021330386,0.0
50.55563021330386,0.0
50.605630213303854,0.0
50.65563021330385,0.0
50.70563021330385,0.0
50.755630213303846,0.0
50.80563021330384,0.0
50.85563021330384,0.0
50.90563021330384,0.0
50.955630213303834,0.0
51.00563021330383,0.0
51.05563021330383,0.0
51.105630213303826,0.0
51.15563021330382,0.0
51.20563021330382,0.0
51.25563021330382,0.0
51.305630213303814,0.0
51.35563021330381,0.0
51.40563021330381,0.0
51.455630213303806,0.0
51.5056302133038,0.0
51.5556302133038,0.0
51.6056302133038,0.0
51.655630213303795,0.0
51.70563021330379,0.0
51.75563021330379,0.0
51.805630213303786,0.0
51.85563021330378,0.0
51.90563021330378,0.0
51.95563021330378,0.0
52.005630213303775,0.0
52.05563021330377,0.0
52.10563021330377,0.0
52.155630213303766,0.0
52.20563021330376,0.0
52.25563021330376,0.0
52.30563021330376,0.0
52.355630213303755,0.0
52.40563021330375,0.0
52.45563021330375,0.0
52.505630213303746,0.0
52.55563021330374,0.0
52.60563021330374,0.0
52.65563021330374,0.0
52.705630213303735,0.0
52.75563021330373,0.0
52.80563021330373,0.0
52.855630213303726,0.0
52.90563021330372,0.0
52.95563021330372,0.0
53.00563021330372,0.0
53.055630213303715,0.0
53.10563021330371,0.0
53.15563021330371,0.0
53.20563021330371,0.0
53.255630213303704,0.0
53.3056302133037,0.0
53.3556302133037,0.0
53.405630213303695,0.0
53.45563021330369,0.0
53.50563021330369,0.0
53.55563021330369,0.0
53.605630213303684,0.0
53.65563021330368,0.0
53.70563021330368,0.0
53.755630213303675,0.0
53.80563021330367,0.0
53.85563021330367,0.0
53.90563021330367,0.0
53.955630213303664,0.0
54.00563021330366,0.0
54.05563021330366,0.0
54.105630213303655,0.0
54.15563021330365,0.0
54.20563021330365,0.0
54.25563021330365,0.0
54.305630213303644,0.0
54.35563021330364,0.0
54.40563021330364,0.0
54.455630213303635,0.0
54.50563021330363,0.0
54.55563021330363,0.0
54.60563021330363,0.0
54.655630213303624,0.0
54.70563021330362,0.0
54.75563021330362,0.0
54.805630213303616,0.0
54.85563021330361,0.0
54.90563021330361,0.0
54.95563021330361,0.0
55.005630213303604,0.0
55.0556302133036,0.0
55.1056302133036,0.0
55.155630213303596,0.0
55.20563021330359,0.0
55.25563021330359,0.0
55.30563021330359,0.0
55.355630213303584,0.0
55.40563021330358,0.0
55.45563021330358,0.0
55.505630213303576,0.0
55.55563021330357,0.0
55.60563021330357,0.0
55.65563021330357,0.0
55.705630213303564,0.0
55.75563021330356,0.0
55.80563021330356,0.0
55.855630213303556,0.0
55.90563021330355,0.0
55.95563021330355,0.0
56.00563021330355,0.0
56.055630213303544,0.0
56.10563021330354,0.0
56.15563021330354,0.0
56.205630213303536,0.0
56.25563021330353,0.0
56.30563021330353,0.0
56.35563021330353,0.0
56.405630213303525,0.0
56.45563021330352,0.0
56.50563021330352,0.0
56.555630213303516,0.0
56.60563021330351,0.0
56.65563021330351,0.0
56.70563021330351,0.0
56.755630213303505,0.0
56.8056302133035,0.0
56.8556302133035,0.0
56.905630213303496,0.0
56.95563021330349,0.0
57.00563021330349,0.0
57.05563021330349,0.0
57.105630213303485,0.0
57.15563021330348,0.0
57.20563021330348,0.0
57.255630213303476,0.0
57.30563021330347,0.0
57.35563021330347,0.0
57.40563021330347,0.0
57.455630213303465,0.0
57.50563021330346,0.0
57.55563021330346,0.0
57.605630213303456,0.0
57.65563021330345,0.0
57.70563021330345,0.0
57.75563021330345,0.0
57.805630213303445,0.0
57.85563021330344,0.0
57.90563021330344,0.0
57.95563021330344,0.0
58.005630213303434,0.0
58.05563021330343,0.0
58.10563021330343,0.0
58.155630213303425,0.0
58.20563021330342,0.0
58.25563021330342,0.0
58.30563021330342,0.0
58.355630213303414,0.0
58.40563021330341,0.0
58.45563021330341,0.0
58.505630213303405,0.0
58.5556302133034,0.0
58.6056302133034,0.0
58.6556302133034,0.0
58.705630213303394,0.0
58.75563021330339,0.0
58.80563021330339,0.0
58.855630213303385,0.0
58.90563021330338,0.0
58.95563021330338,0.0
59.00563021330338,0.0
59.055630213303374,0.0
59.10563021330337,0.0
59.15563021330337,0.0
59.205630213303365,0.0
59.25563021330336,0.0
59.30563021330336,0.0
59.35563021330336,0.0
59.405630213303354,0.0
59.45563021330335,0.0
59.50563021330335,0.0
59.555630213303345,0.0
59.60563021330334,0.0
59.65563021330334,0.0
59.70563021330334,0.0
59.755630213303334,0.0
59.80563021330333,0.0
59.85563021330333,0.0
59.905630213303326,0.0
59.95563021330332,0.0
60.00563021330332,0.0
60.05563021330332,0.0
60.105630213303314,0.0
60.15563021330331,0.0
60.20563021330331,0.0
60.255630213303306,0.0
60.3056302133033,0.0
60.3556302133033,0.0
60.4056302133033,0.0
60.455630213303294,0.0
60.50563021330329,0.0
60.55563021330329,0.0
60.605630213303286,0.0
60.65563021330328,0.0
60.70563021330328,0.0
60.75563021330328,0.0
60.805630213303274,0.0
60.85563021330327,0.0
60.90563021330327,0.0
60.955630213303266,0.0
61.00563021330326,0.0
61.05563021330326,0.0
61.10563021330326,0.0
61.155630213303255,0.0
61.20563021330325,0.0
61.25563021330325,0.0
61.305630213303246,0.0
61.35563021330324,0.0
61.40563021330324,0.0
61.45563021330324,0.0
61.505630213303235,0.0
61.55563021330323,0.0
61.60563021330323,0.0
61.655630213303226,0.0
61.70563021330322,0.0
61.75563021330322,0.0
61.80563021330322,0.0
61.855630213303215,0.0
61.90563021330321,0.0
61.95563021330321,0.0
62.005630213303206,0.0
62.0556302133032,0.0
62.1056302133032,0.0
62.1556302133032,0.0
62.205630213303195,0.0
62.25563021330319,0.0
62.30563021330319,0.0
62.355630213303186,0.0
62.40563021330318,0.0
62.45563021330318,0.0
62.50563021330318,0.0
62.555630213303175,0.0
62.60563021330317,0.0
62.65563021330317,0.0
62.705630213303166,0.0
62.755630213303164,0.0
62.80563021330316,0.0
62.85563021330316,0.0
62.905630213303155,0.0
62.95563021330315,0.0
63.00563021330315,0.0
63.05563021330315,0.0
63.105630213303144,0.0
63.15563021330314,0.0
63.20563021330314,0.0
63.255630213303135,0.0
63.30563021330313,0.0
63.35563021330313,0.0
63.40563021330313,0.0
63.455630213303124,0.0
63.50563021330312,0.0
63.55563021330312,0.0
63.605630213303115,0.0
63.65563021330311,0.0
63.70563021330311,0.0
63.75563021330311,5e-324
63.805630213303104,1.0084e-320
63.8556302133031,2.8864787e-317
63.9056302133031,7.9121670526e-314
63.955630213303095,2.0766959905961e-310
64.00563021330309,5.219162438747606e-307
64.05563021330309,1.2559695672692135e-303
64.10563021330309,2.8940620077284264e-300
64.15563021330308,6.385383133440608e-297
64.20563021330308,1.3490141423971232e-293
64.25563021330308,2.7289555235043224e-290
64.30563021330308,5.285995945574395e-287
64.35563021330307,9.804097168210716e-284
64.40563021330307,1.7411604800007386e-280
64.45563021330307,2.9608772877429084e-277
64.50563021330306,4.821169818793257e-274
64.55563021330306,7.516832326379722e-271
64.60563021330306,1.1221933984888754e-267
64.65563021330306,1.6041721394173819e-264
64.70563021330305,2.195758852822029e-261
64.75563021330305,2.877853808345557e-258
64.80563021330305,3.611629799372019e-255
64.85563021330304,4.3399841159286767e-252
64.90563021330304,4.993711696179501e-249
64.95563021330304,5.501855804596185e-246
65.00563021330304,5.804239917565598e-243
65.05563021330303,5.863162356992539e-240
65.10563021330303,5.671120800506255e-237
65.15563021330303,5.252381817957032e-234
65.20563021330302,4.65794218141485e-231
65.25563021330302,3.955326241398895e-228
65.30563021330302,3.2160362914529434e-225
65.35563021330302,2.5038596663527793e-222
65.40563021330301,1.8665921750816152e-219
65.45563021330301,1.3324143782021231e-216
65.50563021330301,9.107089262966267e-214
65.555630213303,5.960329775306266e-211
65.605630213303,3.735178819160265e-208
65.655630213303,2.2413151169246744e-205
65.705630213303,1.287789428185513e-202
65.755630213303,7.084956756707033e-200
65.80563021330299,3.7323293956657554e-197
65.85563021330299,1.882665394480746e-194
65.90563021330298,9.093199670387121e-192
65.95563021330298,4.205433096960533e-189
66.00563021330298,1.8623235800975545e-186
66.05563021330298,7.896778731129355e-184
66.10563021330297,3.206233956385385e-181
66.15563021330297,1.2464959234678917e-178
66.20563021330297,4.640202448065701e-176
66.25563021330296,1.6539920140166536e-173
66.30563021330296,5.6452125827876435e-171
66.35563021330296,1.8449202874134224e-168
66.40563021330296,5.77331595025462e-166
66.45563021330295,1.7299097930326268e-163
66.50563021330295,4.963316867212919e-161
66.55563021330295,1.3635496629412222e-158
66.60563021330294,3.58690877565078e-156
66.65563021330294,9.034832718430012e-154
66.70563021330294,2.1790656434535674e-151
66.75563021330294,5.032350988160227e-149
66.80563021330293,1.1128123777177301e-146
66.85563021330293,2.3562609424989264e-144
66.90563021330293,4.777219917504297e-142
66.95563021330292,9.27422220949562e-140
67.00563021330292,1.7239718632124791e-137
67.05563021330292,3.0685504132253195e-135
67.10563021330292,5.229820282769101e-133
67.15563021330291,8.534747567833852e-131
67.20563021330291,1.3336596418310564e-128
67.25563021330291,1.995490896120762e-126
67.3056302133029,2.85893910847165e-124
67.3556302133029,3.922026046092404e-122
67.4056302133029,5.151888491567157e-120
67.4556302133029,6.479967812516564e-118
67.5056302133029,7.804222736411016e-116
67.55563021330289,8.999883262411489e-114
67.60563021330289,9.937897422409455e-112
67.65563021330289,1.0507576396758959e-109
67.70563021330288,1.0638025229615941e-107
67.75563021330288,1.0312640745315964e-105
67.80563021330288,9.572583750952931e-104
67.85563021330287,8.508223186385997e-102
67.90563021330287,7.241007309192565e-100
67.95563021330287,5.90078119655988e-98
68.00563021330287,4.604372479704852e-96
68.05563021330286,3.4401850242194653e-94
68.10563021330286,2.4611810669258027e-92
68.15563021330286,1.6859929071213378e-90
68.20563021330285,1.1059063049479969e-88
68.25563021330285,6.945944965669766e-87
68.30563021330285,4.177291237617815e-85
68.35563021330285,2.405517856903336e-83
68.40563021330284,1.3263948543938435e-81
68.45563021330284,7.003054154944004e-80
68.50563021330284,3.540401811273938e-78
68.55563021330283,1.71383116855976e-76
68.60563021330283,7.943903000856931e-75
68.65563021330283,3.525739663727042e-73
68.70563021330283,1.4983627347143504e-71
68.75563021330282,6.097251347483469e-70
68.80563021330282,2.3757549701789687e-68
68.85563021330282,8.86379305161352e-67
68.90563021330281,3.166561900723462e-65
68.95563021330281,1.0831953067182865e-63
69.00563021330281,3.547937577414145e-62
69.0556302133028,1.1127448268910647e-60
69.1056302133028,3.3416857812635807e-59
69.1556302133028,9.60917384893642e-58
69.2056302133028,2.645799339775847e-56
69.2556302133028,6.975545404200082e-55
69.30563021330279,1.7609614517913745e-53
69.35563021330279,4.256689200159079e-52
69.40563021330279,9.852454707451268e-51
69.45563021330278,2.1835712405961883e-49
69.50563021330278,4.633836406903581e-48
69.55563021330278,9.415956472483916e-47
69.60563021330277,1.8320553910460667e-45
69.65563021330277,3.4132112720129137e-44
69.70563021330277,6.088890379602683e-43
69.75563021330277,1.0400723540786266e-41
69.80563021330276,1.7011372835285153e-40
69.85563021330276,2.664192408963952e-39
69.90563021330276,3.995234020448237e-38
69.95563021330275,5.736794232534399e-37
70.00563021330275,7.887633733679909e-36
70.05563021330275,1.038423748220687e-34
70.10563021330275,1.3090399497974075e-33
70.15563021330274,1.5800891935815584e-32
70.20563021330274,1.8262520572910346e-31
70.25563021330274,2.0211113761507266e-30
70.30563021330273,2.1417569658940755e-29
70.35563021330273,2.1732042350776657e-28
70.40563021330273,2.1114524737931398e-27
70.45563021330273,1.9643211433242243e-26
70.50563021330272,1.7498228571799085e-25
70.55563021330272,1.4925403892801705e-24
70.60563021330272,1.2190134922168733e-23
70.65563021330271,9.533257982685493e-23
70.70563021330271,7.138789762602345e-22
70.75563021330271,5.118683202220498e-21
70.8056302133027,3.5143282556902085e-20
70.8556302133027,2.310344855508484e-19
70.9056302133027,1.4543258008397623e-18
70.9556302133027,8.765910271332536e-18
71.0056302133027,5.059210457342284e-17
71.05563021330269,2.7958822963193436e-16
71.10563021330269,1.4794675208540407e-15
71.15563021330269,7.496221312366682e-15
71.20563021330268,3.636886747458457e-14
71.25563021330268,1.6895364590073753e-13
71.30563021330268,7.515463531176006e-13
71.35563021330267,3.2010642310632045e-12
71.40563021330267,1.305519666739732e-11
71.45563021330267,5.0982703524771165e-11
71.50563021330267,1.9063942429158182e-10
71.55563021330266,6.825791011210943e-10
71.60563021330266,2.3401498579312906e-09
71.65563021330266,7.682185063136135e-09
71.70563021330265,2.4147727910635577e-08
71.75563021330265,7.26805483847482e-08
71.80563021330265,2.0946454867611978e-07
71.85563021330265,5.780338587764858e-07
71.90563021330264,1.527377678379201e-06
71.95563021330264,3.8644706529335056e-06
72.00563021330264,9.362331206758569e-06
72.05563021330263,2.171842869509036e-05
72.10563021330263,4.824176789786281e-05
72.15563021330263,0.00010260498034038088
72.20563021330263,0.00020896044345470433
72.25563021330262,0.0004074835997684547
72.30563021330262,0.0007608632361503752
72.35563021330262,0.0013603588276764609
72.40563021330262,0.0023288996274117395
72.45563021330261,0.0038176708045370342
72.50563021330261,0.005992342045924253
72.5556302133026,0.009006273403116178
72.6056302133026,0.012961165954193693
72.6556302133026,0.01786049245034449
72.7056302133026,0.02356639756658076
72.7556302133026,0.02977442505313781
72.80563021330259,0.03602002260805185
72.85563021330259,0.04172486990742788
72.90563021330259,0.046280326546769696
72.95563021330258,0.049152798696982226
73.00563021330258,0.049986243515224495
73.05563021330258,0.04867468652398785
73.10563021330258,0.04538436245736841
73.15563021330257,0.0405190941728946
73.20563021330257,0.034638863141340785
73.25563021330257,0.0283542356873281
73.30563021330256,0.022224022762901106
73.35563021330256,0.01667929978559039
73.40563021330256,0.011986251030973229
73.45563021330256,0.008247823080126284
73.50563021330255,0.005434326368353361
73.55563021330255,0.0034284870309730132
73.60563021330255,0.0020711412474915046
73.65563021330254,0.0011980290192552395
73.70563021330254,0.0006635526241112592
73.75563021330254,0.00035191179007522535
73.80563021330254,0.00017870745769247152
73.85563021330253,8.689643289632517e-05
