32.40563021330489,0.01516216080513677
32.455630213304886,0.01540456188546723
32.50563021330488,0.01566442519285024
32.55563021330488,0.015943466986417885
32.60563021330488,0.01624361938509798
32.655630213304875,0.016567063738033832
32.70563021330487,0.016916270163088207
32.75563021330487,0.01729404458948267
32.805630213304866,0.017703584974656645
32.85563021330486,0.018148548794723503
32.90563021330486,0.018633134463150382
32.95563021330486,0.019162180055282203
33.005630213304855,0.019741283664412676
33.05563021330485,0.02037695096763601
33.10563021330485,0.021076777247497788
33.155630213304846,0.021849673354673152
33.20563021330484,0.022706148129830232
33.25563021330484,0.02365866394923783
33.30563021330484,0.024722087783605483
33.355630213304835,0.02591426814749491
33.40563021330483,0.027256779587248314
33.45563021330483,0.028775892448736386
33.505630213304826,0.030503848940926052
33.55563021330482,0.03248056063452029
33.60563021330482,0.03475589330124093
33.65563021330482,0.037392781723593276
33.705630213304815,0.040471535039702355
33.75563021330481,0.04409587780575239
33.80563021330481,0.04840156670851573
33.855630213304806,0.05356890354428172
33.9056302133048,0.059841267160049026
33.9556302133048,0.0675531588368208
34.0056302133048,0.07717366448558631
34.055630213304795,0.08937558692629205
34.10563021330479,0.10514858665248132
34.15563021330479,0.1259901306715662
34.20563021330479,0.15423835421313709
34.255630213304784,0.19367111282556726
34.30563021330478,0.25061251111845456
34.35563021330478,0.33598716608778306
34.405630213304775,0.4688943141809946
34.45563021330477,0.6808273361082376
34.50563021330477,1.0077628947537414
34.55563021330477,1.4109768172438455
34.605630213304764,1.6091473342568021
34.65563021330476,1.367075247773719
34.70563021330476,0.9638122346691108
34.755630213304755,0.6510379918081184
34.80563021330475,0.4502347227540722
34.85563021330475,0.3241629950359715
34.90563021330475,0.24285019664421095
34.955630213304744,0.18837546395526192
35.00563021330474,0.15049486685590735
35.05563021330474,0.12325998871349259
35.105630213304735,0.10310303086131405
35.15563021330473,0.0878068764955614
35.20563021330473,0.07594618253312677
35.25563021330473,0.06657572401687306
35.305630213304724,0.05905093515231576
35.35563021330472,0.052921187305827955
35.40563021330472,0.04786435599066797
35.455630213304715,0.04364555528581488
35.50563021330471,0.0400904337189055
35.55563021330471,0.03706748268941401
35.60563021330471,0.034476062625061844
35.655630213304704,0.03223813973652735
35.7056302133047,0.030292481349672613
35.7556302133047,0.02859051157104523
35.805630213304696,0.02709330799970997
35.85563021330469,0.025769395335665753
35.90563021330469,0.02459310385738401
35.95563021330469,0.023543333831325963
36.005630213304684,0.022602615368907928
36.05563021330468,0.0217563858712995
36.10563021330468,0.020992429491344597
36.155630213304676,0.020300438477015303
36.20563021330467,0.019671667085773066
36.25563021330467,0.019098656441418484
36.30563021330467,0.01857501421774929
36.355630213304664,0.01809523703074279
36.40563021330466,0.017654566348144173
36.45563021330466,0.017248870888713328
36.505630213304656,0.016874550096265633
36.55563021330465,0.016528454486065634
36.60563021330465,0.016207819579663805
36.65563021330465,0.015910210845309174
36.705630213304644,0.015633477599888302
36.75563021330464,0.015375714245243574
36.80563021330464,0.015135227536348049
36.855630213304636,0.014910508833116648
36.90563021330463,0.014700210487998
36.95563021330463,0.014503125680228355
37.00563021330463,0.014318171134048947
37.055630213304624,0.014144372259377543
37.10563021330462,0.013980850334809307
37.15563021330462,0.013826811418579874
37.205630213304616,0.013681536726490584
37.25563021330461,0.013544374259290663
37.30563021330461,0.013414731497604734
37.35563021330461,0.013292069011736015
37.405630213304605,0.01317589485778979
37.4556302133046,0.013065759651519826
37.5056302133046,0.012961252227876257
37.555630213304596,0.012861995808046773
37.60563021330459,0.01276764460733153
37.65563021330459,0.012677880826877711
37.70563021330459,0.012592411980447134
37.755630213304585,0.01251096851426431
37.80563021330458,0.012433301683808037
37.85563021330458,0.012359181656343716
37.905630213304576,0.012288395812190578
37.95563021330457,0.012220747221297349
38.00563021330457,0.012156053274759968
38.05563021330457,0.012094144453537499
38.105630213304565,0.012034863218875147
38.15563021330456,0.011978063010882781
38.20563021330456,0.011923607343390931
38.255630213304556,0.011871368984653272
38.30563021330455,0.011821229214718563
38.35563021330455,0.011773077151383645
38.40563021330455,0.011726809137586263
38.455630213304545,0.011682328183921935
38.50563021330454,0.01163954346069001
38.55563021330454,0.011598369834504617
38.605630213304536,0.011558727445058944
38.65563021330453,0.011520541318116287
38.70563021330453,0.011483741011228073
38.75563021330453,0.01144826028905467
38.805630213304525,0.01141403682549633
38.85563021330452,0.011381011930134362
38.90563021330452,0.011349130296741922
38.95563021330452,0.011318339771853245
39.005630213304514,0.011288591141584111
39.05563021330451,0.011259837935077299
39.10563021330451,0.01123203624310805
39.155630213304505,0.011205144550528122
39.2056302133045,0.011179123581355173
39.2556302133045,0.011153936155428729
39.3056302133045,0.011129547055656355
39.355630213304494,0.011105922904965433
39.40563021330449,0.011083032052158165
39.45563021330449,0.011060844465941258
39.505630213304485,0.011039331636468166
39.55563021330448,0.011018466483791428
39.60563021330448,0.010998223272676482
39.65563021330448,0.01097857753327682
39.705630213304474,0.010959505987214157
39.75563021330447,0.010940986478646865
39.80563021330447,0.010922997909945699
39.855630213304465,0.010905520181628298
39.90563021330446,0.010888534136233264
39.95563021330446,0.010872021505841354
40.00563021330446,0.010855964862975435
40.055630213304454,0.01084034757463293
40.10563021330445,0.010825153759224451
40.15563021330445,0.010810368246210547
40.205630213304445,0.010795976538245107
40.25563021330444,0.010781964775649118
40.30563021330444,0.010768319703052257
40.35563021330444,0.010755028638052524
40.405630213304434,0.010742079441755537
40.45563021330443,0.010729460491065835
40.50563021330443,0.01071716065261209
40.555630213304426,0.010705169258197063
40.60563021330442,0.010693476081671292
40.65563021330442,0.01068207131713688
40.70563021330442,0.01067094555839476
40.755630213304414,0.010660089779554948
40.80563021330441,0.010649495316735244
40.85563021330441,0.010639153850779104
40.905630213304406,0.010629057390928313
40.9556302133044,0.010619198259390696
41.0056302133044,0.0106095690767472
41.0556302133044,0.010600162748146602
41.105630213304394,0.010590972450239619
41.15563021330439,0.010581991618807539
41.20563021330439,0.010573213937043463
41.255630213304386,0.010564633324447157
41.30563021330438,0.010556243926297034
41.35563021330438,0.010548040103665272
41.40563021330438,0.01054001642394427
41.455630213304374,0.01053216765185473
41.50563021330437,0.010524488740907608
41.55563021330437,0.010516974825293918
41.605630213304366,0.010509621212178074
41.65563021330436,0.010502423374371994
41.70563021330436,0.010495376943368606
41.75563021330436,0.010488477702714752
41.805630213304354,0.010481721581704736
41.85563021330435,0.01047510464937689
41.90563021330435,0.010468623108796645
41.955630213304346,0.010462273291610598
42.00563021330434,0.010456051652856964
42.05563021330434,0.010449954766018751
42.10563021330434,0.010443979318306734
42.155630213304335,0.010438122106160137
42.20563021330433,0.010432380030953602
42.25563021330433,0.01042675009489971
42.305630213304326,0.010421229397136944
42.35563021330432,0.010415815129993553
42.40563021330432,0.010410504575418363
42.45563021330432,0.010405295101570027
42.505630213304315,0.010400184159556762
42.55563021330431,0.010395169280319005
42.60563021330431,0.010390248071647899
42.655630213304306,0.01038541821533287
42.7056302133043,0.01038067746443194
42.7556302133043,0.01037602364065881
42.8056302133043,0.010371454631881003
42.855630213304295,0.010366968389723721
42.90563021330429,0.010362562927274359
42.95563021330429,0.010358236316882827
43.005630213304286,0.010353986688053195
43.05563021330428,0.010349812225422306
43.10563021330428,0.010345711166821306
43.15563021330428,0.010341681801416217
43.205630213304275,0.010337722467923907
43.25563021330427,0.01033383155289996
43.30563021330427,0.010330007489095166
43.355630213304266,0.010326248753877509
43.40563021330426,0.010322553867716685
43.45563021330426,0.010318921392728322
43.50563021330426,0.010315349931275256
43.555630213304255,0.010311838124623286
43.60563021330425,0.010308384651649034
43.65563021330425,0.010304988227597584
43.70563021330425,0.010301647602887742
43.755630213304244,0.01029836156196282
43.80563021330424,0.010295128922185011
43.85563021330424,0.010291948532771418
43.905630213304235,0.010288819273770013
43.95563021330423,0.01028574005507378
44.00563021330423,0.010282709815471448
44.05563021330423,0.010279727521733251
44.105630213304224,0.01027679216773027
44.15563021330422,0.01027390277358592
44.20563021330422,0.010271058384858298
44.255630213304215,0.010268258071752051
44.30563021330421,0.010265500928358621
44.35563021330421,0.01026278607192365
44.40563021330421,0.010260112642140476
44.455630213304204,0.010257479800468643
44.5056302133042,0.010254886729476423
44.5556302133042,0.01025233263220641
44.605630213304195,0.010249816731563222
44.65563021330419,0.01024733826972247
44.70563021330419,0.01024489650756015
44.75563021330419,0.01024249072410163
44.805630213304184,0.010240120215989508
44.85563021330418,0.010237784296969565
44.90563021330418,0.010235482297394138
44.955630213304175,0.010233213563742238
45.00563021330417,0.010230977458155769
45.05563021330417,0.010228773357991222
45.10563021330417,0.010226600655386275
45.155630213304164,0.010224458756840736
45.20563021330416,0.010222347082811264
45.25563021330416,0.010220265067319377
45.305630213304156,0.01021821215757225
45.35563021330415,0.010216187813595812
45.40563021330415,0.010214191507879703
45.45563021330415,0.010212222725033656
45.505630213304144,0.010210280961454866
45.55563021330414,0.010208365725005976
45.60563021330414,0.01020647653470327
45.655630213304136,0.010204612920414717
45.70563021330413,0.010202774422567503
45.75563021330413,0.010200960591864731
45.80563021330413,0.010199170989010933
45.855630213304124,0.01019740518444611
45.90563021330412,0.010195662758087979
45.95563021330412,0.010193943299082148
46.005630213304116,0.010192246405559945
46.05563021330411,0.010190571684403621
46.10563021330411,0.010188918751018685
46.15563021330411,0.010187287229113112
46.205630213304104,0.01018567675048321
46.2556302133041,0.010184086954805884
46.3056302133041,0.01018251748943711
46.355630213304096,0.010180968009216387
46.40563021330409,0.010179438176276987
46.45563021330409,0.010177927659861783
46.50563021330409,0.010176436136144476
46.555630213304084,0.010174963288056062
46.60563021330408,0.010173508805116326
46.65563021330408,0.010172072383270232
46.705630213304076,0.010170653724729034
46.75563021330407,0.010169252537815934
46.80563021330407,0.010167868536816184
46.85563021330407,0.010166501441831434
46.905630213304065,0.01016515097863823
46.95563021330406,0.010163816878550514
47.00563021330406,0.01016249887828597
47.055630213304056,0.01016119671983616
47.10563021330405,0.010159910150340241
47.15563021330405,0.010158638921962237
47.20563021330405,0.010157382791771677
47.255630213304045,0.010156141521627554
47.30563021330404,0.010154914878065451
47.35563021330404,0.010153702632187784
47.405630213304036,0.010152504559557012
47.45563021330403,0.010151320440091764
47.50563021330403,0.010150150057965778
47.55563021330403,0.010148993201509563
47.605630213304025,0.010147849663114689
47.65563021330402,0.010146719239140664
47.70563021330402,0.010145601729824266
47.755630213304016,0.010144496939191306
47.80563021330401,0.0101434046749707
47.85563021330401,0.010142324748510838
47.90563021330401,0.01014125697469811
47.955630213304005,0.010140201171877599
48.005630213304,0.010139157161775814
48.055630213304,0.01013812476942545
48.105630213303996,0.010137103823092077
48.15563021330399,0.01013609415420272
48.20563021330399,0.010135095597276295
48.25563021330399,0.010134107989855791
48.305630213303985,0.010133131172442205
48.35563021330398,0.01013216498843015
48.40563021330398,0.010131209284045081
48.45563021330398,0.010130263908282122
48.505630213303974,0.01012932871284641
48.55563021330397,0.010128403552094958
48.60563021330397,0.010127488282979935
48.655630213303965,0.010126582764993388
48.70563021330396,0.010125686860113312
48.75563021330396,0.01012480043275106
48.80563021330396,0.010123923349700047
48.855630213303954,0.010123055480085703
48.90563021330395,0.010122196695316657
48.95563021330395,0.010121346869037108
49.005630213303945,0.010120505877080346
49.05563021330394,0.010119673597423403
49.10563021330394,0.01011884991014279
49.15563021330394,0.010118034697371298
49.205630213303934,0.010117227843255836
49.25563021330393,0.010116429233916275
49.30563021330393,0.010115638757405263
49.355630213303925,0.010114856303668993
49.40563021330392,0.010114081764508905
49.45563021330392,0.01011331503354428
49.50563021330392,0.010112556006175713
49.555630213303914,0.01011180457954944
49.60563021330391,0.010111060652522503
49.65563021330391,0.010110324125628702
49.705630213303905,0.010109594901045363
49.7556302133039,0.010108872882560852
49.8056302133039,0.01010815797554284
49.8556302133039,0.010107450086907303
49.905630213303894,0.01010674912508821
49.95563021330389,0.010106055000007936
50.00563021330389,0.010105367623048296
50.055630213303886,0.01010468690702229
50.10563021330388,0.010104012766146437
50.15563021330388,0.010103345116013757
50.20563021330388,0.010102683873567355
50.255630213303874,0.010102028957074582
50.30563021330387,0.010101380286101786
50.35563021330387,0.01010073778148962
50.405630213303866,0.010100101365328882
50.45563021330386,0.010099470960936906
50.50563021330386,0.010098846492834464
50.55563021330386,0.01009822788672317
50.605630213303854,0.010097615069463384
50.65563021330385,0.01009700796905259
50.70563021330385,0.01009640651460425
50.755630213303846,0.010095810636327118
50.80563021330384,0.01009522026550498
50.85563021330384,0.010094635334476859
50.90563021330384,0.010094055776617624
50.955630213303834,0.010093481526319012
51.00563021330383,0.010092912518971075
51.05563021330383,0.010092348690943994
51.105630213303826,0.010091789979570295
51.15563021330382,0.010091236323127443
51.20563021330382,0.010090687660820788
51.25563021330382,0.010090143932766875
51.305630213303814,0.010089605079977115
51.35563021330381,0.010089071044341775
51.40563021330381,0.010088541768614323
51.455630213303806,0.010088017196396072
51.5056302133038,0.010087497272121179
51.5556302133038,0.010086981941041904
51.6056302133038,0.010086471149214219
51.655630213303795,0.01008596484348368
51.70563021330379,0.010085462971471608
51.75563021330379,0.010084965481561533
51.805630213303786,0.01008447232288593
51.85563021330378,0.010083983445313211
51.90563021330378,0.010083498799434992
51.95563021330378,0.010083018336553602
52.005630213303775,0.010082542008669856
52.05563021330377,0.010082069768471067
52.10563021330377,0.010081601569319296
52.155630213303766,0.010081137365239834
52.20563021330376,0.010080677110909927
52.25563021330376,0.010080220761647699
52.30563021330376,0.01007976827340132
52.355630213303755,0.010079319602738371
52.40563021330375,0.010078874706835423
52.45563021330375,0.010078433543467812
52.505630213303746,0.010077996070999634
52.55563021330374,0.01007756224837391
52.60563021330374,0.010077132035102958
52.65563021330374,0.010076705391258947
52.705630213303735,0.010076282277464632
52.75563021330373,0.010075862654884268
52.80563021330373,0.010075446485214698
52.855630213303726,0.010075033730676619
52.90563021330372,0.010074624354005999
52.95563021330372,0.01007421831844567
53.00563021330372,0.010073815587737081
53.055630213303715,0.0100734161261122
53.10563021330371,0.010073019898285573
53.15563021330371,0.010072626869446533
53.20563021330371,0.010072237005251552
53.255630213303704,0.010071850271816745
53.3056302133037,0.010071466635710496
53.3556302133037,0.010071086063946248
53.405630213303695,0.010070708523975399
53.45563021330369,0.010070333983680355
53.50563021330369,0.010069962411367688
53.55563021330369,0.01006959377576144
53.605630213303684,0.010069228045996534
53.65563021330368,0.010068865191612323
53.70563021330368,0.010068505182546244
53.755630213303675,0.010068147989127581
53.80563021330367,0.010067793582071372
53.85563021330367,0.01006744193247239
53.90563021330367,0.010067093011799255
53.955630213303664,0.010066746791888646
54.00563021330366,0.010066403244939624
54.05563021330366,0.01006606234350804
54.105630213303655,0.010065724060501066
54.15563021330365,0.010065388369171802
54.20563021330365,0.010065055243113998
54.25563021330365,0.010064724656256852
54.305630213303644,0.010064396582859918
54.35563021330364,0.010064070997508093
54.40563021330364,0.010063747875106688
54.455630213303635,0.010063427190876606
54.50563021330363,0.010063108920349579
54.55563021330363,0.010062793039363504
54.60563021330363,0.010062479524057867
54.655630213303624,0.01006216835086922
54.70563021330362,0.01006185949652677
54.75563021330362,0.010061552938048019
54.805630213303616,0.01006124865273449
54.85563021330361,0.010060946618167527
54.90563021330361,0.010060646812204168
54.95563021330361,0.010060349212973078
55.005630213303604,0.010060053798870571
55.0556302133036,0.010059760548556684
55.1056302133036,0.010059469440951322
55.155630213303596,0.010059180455230474
55.20563021330359,0.010058893570822484
55.25563021330359,0.010058608767404394
55.30563021330359,0.010058326024898343
55.355630213303584,0.01005804532346803
55.40563021330358,0.010057766643515232
55.45563021330358,0.010057489965676385
55.505630213303576,0.010057215270819224
55.55563021330357,0.01005694254003947
55.60563021330357,0.010056671754657581
55.65563021330357,0.010056402896215549
55.705630213303564,0.010056135946473763
55.75563021330356,0.010055870887407907
55.80563021330356,0.010055607701205923
55.855630213303556,0.010055346370265016
55.90563021330355,0.010055086877188712
55.95563021330355,0.010054829204783964
56.00563021330355,0.0100545733360583
56.055630213303544,0.010054319254217025
56.10563021330354,0.010054066942660467
56.15563021330354,0.010053816384981259
56.205630213303536,0.01005356756496168
56.25563021330353,0.010053320466571024
56.30563021330353,0.010053075073963021
56.35563021330353,0.010052831371473298
56.405630213303525,0.010052589343616877
56.45563021330352,0.010052348975085713
56.50563021330352,0.01005211025074628
56.555630213303516,0.010051873155637183
56.60563021330351,0.010051637674966817
56.65563021330351,0.01005140379411106
56.70563021330351,0.010051171498610999
56.755630213303505,0.010050940774170701
56.8056302133035,0.010050711606655011
56.8556302133035,0.010050483982087383
56.905630213303496,0.010050257886647755
56.95563021330349,0.010050033306670451
57.00563021330349,0.010049810228642111
57.05563021330349,0.010049588639199664
57.105630213303485,0.01004936852512832
57.15563021330348,0.01004914987335961
57.20563021330348,0.010048932670969438
57.255630213303476,0.010048716905176171
57.30563021330347,0.010048502563338764
57.35563021330347,0.010048289632954906
57.40563021330347,0.010048078101659193
57.455630213303465,0.010047867957221342
57.50563021330346,0.010047659187544414
57.55563021330346,0.010047451780663078
57.605630213303456,0.010047245724741895
57.65563021330345,0.010047041008073632
57.70563021330345,0.010046837619077592
57.75563021330345,0.01004663554629799
57.805630213303445,0.010046434778402322
57.85563021330344,0.01004623530417979
57.90563021330344,0.010046037112539735
57.95563021330344,0.010045840192510088
58.005630213303434,0.01004564453323586
58.05563021330343,0.01004545012397764
58.10563021330343,0.010045256954110127
58.155630213303425,0.010045065013120672
58.20563021330342,0.010044874290607853
58.25563021330342,0.010044684776280061
58.30563021330342,0.010044496459954118
58.355630213303414,0.010044309331553904
58.40563021330341,0.010044123381109007
58.45563021330341,0.010043938598753407
58.505630213303405,0.010043754974724149
58.5556302133034,0.010043572499360071
58.6056302133034,0.010043391163100523
58.6556302133034,0.010043210956484118
58.705630213303394,0.010043031870147493
58.75563021330339,0.010042853894824103
58.80563021330339,0.010042677021343014
58.855630213303385,0.010042501240627723
58.90563021330338,0.010042326543694996
58.95563021330338,0.010042152921653716
59.00563021330338,0.010041980365703758
59.055630213303374,0.010041808867134868
59.10563021330337,0.010041638417325568
59.15563021330337,0.010041469007742068
59.205630213303365,0.010041300629937206
59.25563021330336,0.010041133275549383
59.30563021330336,0.010040966936301535
59.35563021330336,0.010040801604000107
59.405630213303354,0.010040637270534041
59.45563021330335,0.010040473927873786
59.50563021330335,0.010040311568070313
59.555630213303345,0.010040150183254147
59.60563021330334,0.01003998976563442
59.65563021330334,0.010039830307497926
59.70563021330334,0.010039671801208194
59.755630213303334,0.010039514239204572
59.80563021330333,0.010039357614001331
59.85563021330333,0.01003920191818677
59.905630213303326,0.010039047144422344
59.95563021330332,0.010038893285441799
60.00563021330332,0.010038740334050309
60.05563021330332,0.010038588283123652
60.105630213303314,0.010038437125607367
60.15563021330331,0.010038286854515941
60.20563021330331,0.010038137462932003
60.255630213303306,0.010037988944005524
60.3056302133033,0.010037841290953035
60.3556302133033,0.010037694497056849
60.4056302133033,0.010037548555664307
60.455630213303294,0.010037403460187005
60.50563021330329,0.010037259204100073
60.55563021330329,0.010037115780941425
60.605630213303286,0.010036973184311042
60.65563021330328,0.010036831407870256
60.70563021330328,0.010036690445341046
60.75563021330328,0.010036550290505349
60.805630213303274,0.01003641093720436
60.85563021330327,0.01003627237933787
60.90563021330327,0.010036134610863593
60.955630213303266,0.010035997625796505
61.00563021330326,0.010035861418208194
61.05563021330326,0.010035725982226226
61.10563021330326,0.010035591312033501
61.155630213303255,0.010035457401867637
61.20563021330325,0.01003532424602035
61.25563021330325,0.010035191838836846
61.305630213303246,0.01003506017471522
61.35563021330324,0.010034929248105865
61.40563021330324,0.010034799053510889
61.45563021330324,0.010034669585483531
61.505630213303235,0.010034540838627598
61.55563021330323,0.0100344128075969
61.60563021330323,0.010034285487094698
61.655630213303226,0.01003415887187315
61.70563021330322,0.010034032956732775
61.75563021330322,0.010033907736521916
61.80563021330322,0.010033783206136224
61.855630213303215,0.010033659360518117
61.90563021330321,0.010033536194656287
61.95563021330321,0.010033413703585181
62.005630213303206,0.010033291882384504
62.0556302133032,0.010033170726178728
62.1056302133032,0.010033050230136595
62.1556302133032,0.01003293038947065
62.205630213303195,0.010032811199436753
62.25563021330319,0.01003269265533361
62.30563021330319,0.010032574752502316
62.355630213303186,0.010032457486325898
62.40563021330318,0.010032340852228852
62.45563021330318,0.01003222484567671
62.50563021330318,0.01003210946217559
62.555630213303175,0.010031994697271764
62.60563021330317,0.010031880546551228
62.65563021330317,0.010031767005639281
62.705630213303166,0.010031654070200098
62.755630213303164,0.010031541735936325
62.80563021330316,0.010031429998588665
62.85563021330316,0.01003131885393547
62.905630213303155,0.010031208297792353
62.95563021330315,0.010031098326011791
63.00563021330315,0.010030988934482725
63.05563021330315,0.010030880119130193
63.105630213303144,0.010030771875914935
63.15563021330314,0.01003066420083303
63.20563021330314,0.01003055708991552
63.255630213303135,0.010030450539228044
63.30563021330313,0.010030344544870475
63.35563021330313,0.010030239102976573
63.40563021330313,0.010030134209713621
63.455630213303124,0.010030029861282078
63.50563021330312,0.010029926053915245
63.55563021330312,0.010029822783878914
63.605630213303115,0.010029720047471035
63.65563021330311,0.010029617841021387
63.70563021330311,0.010029516160891252
63.75563021330311,0.010029415003473083
63.805630213303104,0.010029314365190192
63.8556302133031,0.010029214242496427
63.9056302133031,0.010029114631875866
63.955630213303095,0.010029015529842509
64.00563021330309,0.010028916932939964
64.05563021330309,0.01002881883774115
64.10563021330309,0.01002872124084801
64.15563021330308,0.010028624138891199
64.20563021330308,0.010028527528529802
64.25563021330308,0.010028431406451047
64.30563021330308,0.010028335769370025
64.35563021330307,0.010028240614029398
64.40563021330307,0.010028145937199128
64.45563021330307,0.010028051735676209
64.50563021330306,0.010027958006284384
64.55563021330306,0.010027864745873888
64.60563021330306,0.010027771951321174
64.65563021330306,0.01002767961952866
64.70563021330305,0.010027587747424467
64.75563021330305,0.010027496331962158
64.80563021330305,0.010027405370120498
64.85563021330304,0.01002731485890319
64.90563021330304,0.010027224795338642
64.95563021330304,0.010027135176479709
65.00563021330304,0.010027045999403466
65.05563021330303,0.01002695726121096
65.10563021330303,0.010026868959026979
65.15563021330303,0.010026781089999812
65.20563021330302,0.01002669365130103
65.25563021330302,0.010026606640125254
65.30563021330302,0.010026520053689921
65.35563021330302,0.010026433889235076
65.40563021330301,0.010026348144023143
65.45563021330301,0.010026262815338709
65.50563021330301,0.010026177900488311
65.555630213303,0.010026093396800223
65.605630213303,0.010026009301624242
65.655630213303,0.010025925612331484
65.705630213303,0.01002584232631418
65.755630213303,0.010025759440985473
65.80563021330299,0.010025676953779207
65.85563021330299,0.010025594862149743
65.90563021330298,0.010025513163571753
65.95563021330298,0.010025431855540029
66.00563021330298,0.010025350935569291
66.05563021330298,0.010025270401193997
66.10563021330297,0.010025190249968154
66.15563021330297,0.010025110479465133
66.20563021330297,0.010025031087277486
66.25563021330296,0.010024952071016764
66.30563021330296,0.010024873428313336
66.35563021330296,0.010024795156816214
66.40563021330296,0.010024717254192876
66.45563021330295,0.01002463971812909
66.50563021330295,0.010024562546328745
66.55563021330295,0.010024485736513683
66.60563021330294,0.010024409286423524
66.65563021330294,0.010024333193815505
66.70563021330294,0.010024257456464316
66.75563021330294,0.010024182072161936
66.80563021330293,0.010024107038717464
66.85563021330293,0.01002403235395698
66.90563021330293,0.010023958015723367
66.95563021330292,0.010023884021876161
67.00563021330292,0.010023810370291406
67.05563021330292,0.010023737058861493
67.10563021330292,0.010023664085495007
67.15563021330291,0.010023591448116587
67.20563021330291,0.010023519144666768
67.25563021330291,0.010023447173101845
67.3056302133029,0.010023375531393722
67.3556302133029,0.01002330421752977
67.4056302133029,0.01002323322951269
67.4556302133029,0.010023162565360363
67.5056302133029,0.010023092223105727
67.55563021330289,0.010023022200796625
67.60563021330289,0.010022952496495681
67.65563021330289,0.010022883108280159
67.70563021330288,0.010022814034241828
67.75563021330288,0.010022745272486843
67.80563021330288,0.010022676821135603
67.85563021330287,0.01002260867832263
67.90563021330287,0.010022540842196434
67.95563021330287,0.010022473310919398
68.00563021330287,0.010022406082667645
68.05563021330286,0.010022339155630914
68.10563021330286,0.01002227252801245
68.15563021330286,0.01002220619802887
68.20563021330285,0.010022140163910048
68.25563021330285,0.010022074423898998
68.30563021330285,0.01002200897625176
68.35563021330285,0.01002194381923728
68.40563021330284,0.010021878951137294
68.45563021330284,0.010021814370246221
68.50563021330284,0.010021750074871045
68.55563021330283,0.010021686063331207
68.60563021330283,0.010021622333958495
68.65563021330283,0.010021558885096937
68.70563021330283,0.010021495715102684
68.75563021330282,0.01002143282234392
68.80563021330282,0.010021370205200742
68.85563021330282,0.010021307862065062
68.90563021330281,0.010021245791340503
68.95563021330281,0.0100211839914423
69.00563021330281,0.010021122460797187
69.0556302133028,0.010021061197843318
69.1056302133028,0.010021000201030143
69.1556302133028,0.01002093946881833
69.2056302133028,0.010020878999679655
69.2556302133028,0.010020818792096918
69.30563021330279,0.010020758844563835
69.35563021330279,0.010020699155584949
69.40563021330279,0.01002063972367554
69.45563021330278,0.01002058054736153
69.50563021330278,0.010020521625179392
69.55563021330278,0.010020462955676056
69.60563021330277,0.010020404537408828
69.65563021330277,0.010020346368945287
69.70563021330277,0.010020288448863216
69.75563021330277,0.010020230775750498
69.80563021330276,0.010020173348205041
69.85563021330276,0.010020116164834687
69.90563021330276,0.010020059224257128
69.95563021330275,0.010020002525099828
70.00563021330275,0.010019946065999935
70.05563021330275,0.010019889845604195
70.10563021330275,0.010019833862568881
70.15563021330274,0.010019778115559711
70.20563021330274,0.01001972260325176
70.25563021330274,0.010019667324329386
70.30563021330273,0.010019612277486156
70.35563021330273,0.010019557461424767
70.40563021330273,0.010019502874856964
70.45563021330273,0.010019448516503469
70.50563021330272,0.010019394385093909
70.55563021330272,0.010019340479366735
70.60563021330272,0.010019286798069153
70.65563021330271,0.010019233339957048
70.70563021330271,0.010019180103794916
70.75563021330271,0.010019127088355792
70.8056302133027,0.010019074292421175
70.8556302133027,0.01001902171478096
70.9056302133027,0.010018969354233373
70.9556302133027,0.0100189172095849
71.0056302133027,0.010018865279650247
71.05563021330269,0.010018813563252361
71.10563021330269,0.010018762059222879
71.15563021330269,0.010018710766404492
71.20563021330268,0.010018659683662008
71.25563021330268,0.010018608809930912
71.30563021330268,0.010018558144419928
71.35563021330267,0.01001850768741613
71.40563021330267,0.010018457443335037
71.45563021330267,0.010018407431730842
71.50563021330267,0.010018357725152364
71.55563021330266,0.010018308573053813
71.60563021330266,0.0100182607876912
71.65563021330266,0.010018216886813144
71.70563021330265,0.010018184308385395
71.75563021330265,0.010018183995107737
71.80563021330265,0.010018272129819351
71.85563021330265,0.010018592245594342
71.90563021330264,0.01001949333058359
71.95563021330264,0.010021782358390751
72.00563021330264,0.0100272323464053
72.05563021330263,0.010039540762954541
72.10563021330263,0.010066016611797316
72.15563021330263,0.010120332523444636
72.20563021330263,0.010226640874321005
72.25563021330262,0.01042511710595317
72.30563021330262,0.010778450004215635
72.35563021330262,0.011377899043196738
72.40563021330262,0.01234639347498037
72.45563021330261,0.0138351184677727
72.50563021330261,0.0160097437074774
72.5556302133026,0.01902362924467539
72.6056302133026,0.022978476156492025
72.6556302133026,0.02787775719316573
72.7056302133026,0.03358361702876565
72.7556302133026,0.039791599412590244
72.80563021330259,0.04603715204174497
72.85563021330259,0.05174195459141018
72.90563021330259,0.05629736665617103
72.95563021330258,0.05916979440601981
73.00563021330258,0.060003194997208846
73.05563021330258,0.05869159395132866
73.10563021330258,0.055401226001580414
73.15563021330257,0.05053591400460335
73.20563021330257,0.04465563943028842
73.25563021330257,0.03837096860237905
73.30563021330256,0.03224071247204777
73.35563021330256,0.026695946455958734
73.40563021330256,0.022002854828828397
73.45563021330256,0.018264384170878105
73.50563021330255,0.015450844916561854
73.55563021330255,0.013444963200353838
73.60563021330255,0.012087575200921364
73.65563021330254,0.011214420918777255
73.70563021330254,0.010679902630940291
73.75563021330254,0.010368220064603159
73.80563021330254,0.010194974159493463
73.85563021330253,0.010103121720732003
