32.40563021330489,0.005162160805136764
32.455630213304886,0.0054045618854672225
32.50563021330488,0.00566442519285023
32.55563021330488,0.0059434669864178785
32.60563021330488,0.006243619385097971
32.655630213304875,0.006567063738033825
32.70563021330487,0.0069162701630882005
32.75563021330487,0.007294044589482662
32.805630213304866,0.007703584974656639
32.85563021330486,0.008148548794723496
32.90563021330486,0.008633134463150376
32.95563021330486,0.009162180055282194
33.005630213304855,0.00974128366441267
33.05563021330485,0.010376950967636004
33.10563021330485,0.01107677724749778
33.155630213304846,0.011849673354673147
33.20563021330484,0.012706148129830223
33.25563021330484,0.013658663949237822
33.30563021330484,0.014722087783605477
33.355630213304835,0.015914268147494904
33.40563021330483,0.01725677958724831
33.45563021330483,0.01877589244873638
33.505630213304826,0.020503848940926047
33.55563021330482,0.022480560634520284
33.60563021330482,0.024755893301240926
33.65563021330482,0.027392781723593267
33.705630213304815,0.03047153503970235
33.75563021330481,0.03409587780575238
33.80563021330481,0.03840156670851572
33.855630213304806,0.04356890354428171
33.9056302133048,0.04984126716004902
33.9556302133048,0.05755315883682079
34.0056302133048,0.0671736644855863
34.055630213304795,0.07937558692629204
34.10563021330479,0.09514858665248131
34.15563021330479,0.11599013067156619
34.20563021330479,0.14423835421313708
34.255630213304784,0.18367111282556725
34.30563021330478,0.24061251111845458
34.35563021330478,0.32598716608778305
34.405630213304775,0.4588943141809946
34.45563021330477,0.6708273361082376
34.50563021330477,0.9977628947537415
34.55563021330477,1.4009768172438455
34.605630213304764,1.599147334256802
34.65563021330476,1.357075247773719
34.70563021330476,0.9538122346691108
34.755630213304755,0.6410379918081184
34.80563021330475,0.4402347227540722
34.85563021330475,0.3141629950359715
34.90563021330475,0.23285019664421094
34.955630213304744,0.1783754639552619
35.00563021330474,0.14049486685590734
35.05563021330474,0.11325998871349258
35.105630213304735,0.09310303086131404
35.15563021330473,0.0778068764955614
35.20563021330473,0.06594618253312676
35.25563021330473,0.05657572401687306
35.305630213304724,0.049050935152315754
35.35563021330472,0.042921187305827946
35.40563021330472,0.03786435599066796
35.455630213304715,0.03364555528581487
35.50563021330471,0.030090433718905494
35.55563021330471,0.027067482689414005
35.60563021330471,0.024476062625061835
35.655630213304704,0.022238139736527347
35.7056302133047,0.020292481349672608
35.7556302133047,0.018590511571045222
35.805630213304696,0.017093307999709966
35.85563021330469,0.015769395335665747
35.90563021330469,0.014593103857384002
35.95563021330469,0.013543333831325955
36.005630213304684,0.012602615368907921
36.05563021330468,0.011756385871299492
36.10563021330468,0.01099242949134459
36.155630213304676,0.010300438477015296
36.20563021330467,0.009671667085773057
36.25563021330467,0.009098656441418475
36.30563021330467,0.008575014217749283
36.355630213304664,0.008095237030742783
36.40563021330466,0.007654566348144165
36.45563021330466,0.00724887088871332
36.505630213304656,0.006874550096265625
36.55563021330465,0.0065284544860656265
36.60563021330465,0.006207819579663797
36.65563021330465,0.005910210845309166
36.705630213304644,0.005633477599888296
36.75563021330464,0.005375714245243567
36.80563021330464,0.0051352275363480415
36.855630213304636,0.00491050883311664
36.90563021330463,0.0047002104879979925
36.95563021330463,0.004503125680228349
37.00563021330463,0.004318171134048939
37.055630213304624,0.004144372259377535
37.10563021330462,0.003980850334809299
37.15563021330462,0.003826811418579866
37.205630213304616,0.003681536726490577
37.25563021330461,0.0035443742592906557
37.30563021330461,0.0034147314976047277
37.35563021330461,0.0032920690117360083
37.405630213304605,0.0031758948577897818
37.4556302133046,0.0030657596515198185
37.5056302133046,0.0029612522278762506
37.555630213304596,0.002861995808046766
37.60563021330459,0.002767644607331524
37.65563021330459,0.002677880826877704
37.70563021330459,0.0025924119804471273
37.755630213304585,0.002510968514264304
37.80563021330458,0.00243330168380803
37.85563021330458,0.002359181656343708
37.905630213304576,0.0022883958121905704
37.95563021330457,0.0022207472212973423
38.00563021330457,0.002156053274759961
38.05563021330457,0.002094144453537492
38.105630213304565,0.0020348632188751394
38.15563021330456,0.0019780630108827742
38.20563021330456,0.001923607343390924
38.255630213304556,0.0018713689846532652
38.30563021330455,0.0018212292147185556
38.35563021330455,0.0017730771513836383
38.40563021330455,0.0017268091375862566
38.455630213304545,0.0016823281839219285
38.50563021330454,0.0016395434606900012
38.55563021330454,0.0015983698345046105
38.605630213304536,0.0015587274450589376
38.65563021330453,0.0015205413181162799
38.70563021330453,0.001483741011228065
38.75563021330453,0.0014482602890546641
38.805630213304525,0.0014140368254963221
38.85563021330452,0.001381011930134355
38.90563021330452,0.001349130296741914
38.95563021330452,0.0013183397718532378
39.005630213304514,0.0012885911415841036
39.05563021330451,0.001259837935077291
39.10563021330451,0.0012320362431080427
39.155630213304505,0.0012051445505281142
39.2056302133045,0.0011791235813551659
39.2556302133045,0.0011539361554287213
39.3056302133045,0.0011295470556563466
39.355630213304494,0.0011059229049654258
39.40563021330449,0.0010830320521581576
39.45563021330449,0.0010608444659412507
39.505630213304485,0.001039331636468158
39.55563021330448,0.0010184664837914201
39.60563021330448,0.0009982232726764744
39.65563021330448,0.0009785775332768123
39.705630213304474,0.0009595059872141498
39.75563021330447,0.0009409864786468576
39.80563021330447,0.0009229979099456924
39.855630213304465,0.0009055201816282903
39.90563021330446,0.000888534136233257
39.95563021330446,0.0008720215058413466
40.00563021330446,0.0008559648629754272
40.055630213304454,0.0008403475746329225
40.10563021330445,0.0008251537592244441
40.15563021330445,0.0008103682462105398
40.205630213304445,0.0007959765382451007
40.25563021330444,0.00078196477564911
40.30563021330444,0.0007683197030522507
40.35563021330444,0.000755028638052517
40.405630213304434,0.0007420794417555299
40.45563021330443,0.0007294604910658282
40.50563021330443,0.0007171606526120821
40.555630213304426,0.0007051692581970568
40.60563021330442,0.0006934760816712843
40.65563021330442,0.0006820713171368736
40.70563021330442,0.0006709455583947533
40.755630213304414,0.0006600897795549402
40.80563021330441,0.0006494953167352373
40.85563021330441,0.0006391538507790964
40.905630213304406,0.0006290573909283055
40.9556302133044,0.0006191982593906885
41.0056302133044,0.0006095690767471929
41.0556302133044,0.0006001627481465939
41.105630213304394,0.000590972450239612
41.15563021330439,0.0005819916188075317
41.20563021330439,0.0005732139370434562
41.255630213304386,0.0005646333244471496
41.30563021330438,0.0005562439262970262
41.35563021330438,0.0005480401036652645
41.40563021330438,0.0005400164239442617
41.455630213304374,0.0005321676518547223
41.50563021330437,0.000524488740907601
41.55563021330437,0.0005169748252939106
41.605630213304366,0.0005096212121780667
41.65563021330436,0.0005024233743719868
41.70563021330436,0.0004953769433685983
41.75563021330436,0.000488477702714745
41.805630213304354,0.0004817215817047293
41.85563021330435,0.00047510464937688257
41.90563021330435,0.00046862310879663825
41.955630213304346,0.00046227329161059057
42.00563021330434,0.0004560516528569572
42.05563021330434,0.00044995476601874396
42.10563021330434,0.00044397931830672673
42.155630213304335,0.0004381221061601297
42.20563021330433,0.00043238003095359483
42.25563021330433,0.00042675009489970327
42.305630213304326,0.0004212293971369361
42.35563021330432,0.0004158151299935459
42.40563021330432,0.000410504575418356
42.45563021330432,0.0004052951015700205
42.505630213304315,0.0004001841595567544
42.55563021330431,0.00039516928031899735
42.60563021330431,0.0003902480716478926
42.655630213304306,0.0003854182153328628
42.7056302133043,0.0003806774644319333
42.7556302133043,0.00037602364065880353
42.8056302133043,0.00037145463188099524
42.855630213304295,0.00036696838972371425
42.90563021330429,0.000362562927274351
42.95563021330429,0.00035823631688281963
43.005630213304286,0.00035398668805318846
43.05563021330428,0.0003498122254222994
43.10563021330428,0.0003457111668212979
43.15563021330428,0.000341681801416209
43.205630213304275,0.0003377224679238997
43.25563021330427,0.0003338315528999526
43.30563021330427,0.00033000748909515825
43.355630213304266,0.00032624875387750167
43.40563021330426,0.00032255386771667705
43.45563021330426,0.00031892139272831504
43.50563021330426,0.00031534993127524863
43.555630213304255,0.0003118381246232791
43.60563021330425,0.00030838465164902725
43.65563021330425,0.0003049882275975777
43.70563021330425,0.00030164760288773436
43.755630213304244,0.00029836156196281377
43.80563021330424,0.0002951289221850039
43.85563021330424,0.00029194853277141064
43.905630213304235,0.00028881927377000515
43.95563021330423,0.0002857400550737726
44.00563021330423,0.00028270981547144056
44.05563021330423,0.0002797275217332446
44.105630213304224,0.0002767921677302626
44.15563021330422,0.00027390277358591415
44.20563021330422,0.00027105838485829076
44.255630213304215,0.0002682580717520438
44.30563021330421,0.0002655009283586138
44.35563021330421,0.00026278607192364357
44.40563021330421,0.00026011264214046966
44.455630213304204,0.0002574798004686347
44.5056302133042,0.0002548867294764156
44.5556302133042,0.00025233263220640287
44.605630213304195,0.00024981673156321434
44.65563021330419,0.0002473382697224631
44.70563021330419,0.00024489650756014217
44.75563021330419,0.0002424907241016229
44.805630213304184,0.00024012021598950113
44.85563021330418,0.00023778429696955745
44.90563021330418,0.00023548229739413042
44.955630213304175,0.00023321356374223184
45.00563021330417,0.00023097745815576267
45.05563021330417,0.0002287733579912143
45.10563021330417,0.00022660065538626818
45.155630213304164,0.00022445875684072952
45.20563021330416,0.00022234708281125684
45.25563021330416,0.00022026506731937008
45.305630213304156,0.00021821215757224292
45.35563021330415,0.00021618781359580442
45.40563021330415,0.00021419150787969614
45.45563021330415,0.00021222272503364844
45.505630213304144,0.00021028096145485844
45.55563021330414,0.00020836572500596888
45.60563021330414,0.00020647653470326336
45.655630213304136,0.00020461292041470952
45.70563021330413,0.00020277442256749602
45.75563021330413,0.00020096059186472387
45.80563021330413,0.00019917098901092617
45.855630213304124,0.00019740518444610308
45.90563021330412,0.00019566275808797156
45.95563021330412,0.00019394329908214116
46.005630213304116,0.0001922464055599386
46.05563021330411,0.00019057168440361478
46.10563021330411,0.00018891875101867758
46.15563021330411,0.0001872872291131053
46.205630213304104,0.00018567675048320332
46.2556302133041,0.0001840869548058769
46.3056302133041,0.00018251748943710132
46.355630213304096,0.00018096800921637874
46.40563021330409,0.00017943817627697996
46.45563021330409,0.00017792765986177547
46.50563021330409,0.00017643613614446932
46.555630213304084,0.00017496328805605474
46.60563021330408,0.0001735088051163183
46.65563021330408,0.00017207238327022545
46.705630213304076,0.0001706537247290264
46.75563021330407,0.00016925253781592702
46.80563021330407,0.00016786853681617647
46.85563021330407,0.0001665014418314264
46.905630213304065,0.0001651509786382243
46.95563021330406,0.00016381687855050676
47.00563021330406,0.00016249887828596418
47.055630213304056,0.00016119671983615285
47.10563021330405,0.00015991015034023484
47.15563021330405,0.00015863892196223026
47.20563021330405,0.00015738279177167068
47.255630213304045,0.00015614152162754646
47.30563021330404,0.00015491487806544463
47.35563021330404,0.00015370263218777717
47.405630213304036,0.00015250455955700384
47.45563021330403,0.00015132044009175577
47.50563021330403,0.00015015005796577104
47.55563021330403,0.000148993201509555
47.605630213304025,0.00014784966311468182
47.65563021330402,0.0001467192391406565
47.70563021330402,0.00014560172982425954
47.755630213304016,0.00014449693919129844
47.80563021330401,0.00014340467497069408
47.85563021330401,0.00014232474851083083
47.90563021330401,0.0001412569746981029
47.955630213304005,0.00014020117187759124
48.005630213304,0.00013915716177580754
48.055630213304,0.0001381247694254439
48.105630213303996,0.00013710382309206894
48.15563021330399,0.00013609415420271311
48.20563021330399,0.0001350955972762876
48.25563021330399,0.00013410798985578334
48.305630213303985,0.0001331311724421983
48.35563021330398,0.0001321649884301427
48.40563021330398,0.00013120928404507392
48.45563021330398,0.00013026390828211386
48.505630213303974,0.00012932871284640344
48.55563021330397,0.00012840355209495046
48.60563021330397,0.00012748828297992767
48.655630213303965,0.00012658276499338066
48.70563021330396,0.00012568686011330487
48.75563021330396,0.00012480043275105374
48.80563021330396,0.0001239233497000402
48.855630213303954,0.00012305548008569533
48.90563021330395,0.00012219669531664934
48.95563021330395,0.00012134686903710053
49.005630213303945,0.0001205058770803395
49.05563021330394,0.00011967359742339678
49.10563021330394,0.00011884991014278273
49.15563021330394,0.00011803469737128983
49.205630213303934,0.00011722784325582853
49.25563021330393,0.0001164292339162681
49.30563021330393,0.00011563875740525548
49.355630213303925,0.0001148563036689857
49.40563021330392,0.00011408176450889797
49.45563021330392,0.0001133150335442727
49.50563021330392,0.00011255600617570534
49.555630213303914,0.00011180457954943357
49.60563021330391,0.00011106065252249514
49.65563021330391,0.0001103241256286944
49.705630213303905,0.00010959490104535596
49.7556302133039,0.00010887288256084496
49.8056302133039,0.00010815797554283368
49.8556302133039,0.00010745008690729504
49.905630213303894,0.00010674912508820385
49.95563021330389,0.00010605500000792775
50.00563021330389,0.00010536762304828942
50.055630213303886,0.0001046869070222834
50.10563021330388,0.00010401276614643009
50.15563021330388,0.00010334511601375067
50.20563021330388,0.00010268387356734753
50.255630213303874,0.00010202895707457403
50.30563021330387,0.00010138028610177918
50.35563021330387,0.00010073778148961233
50.405630213303866,0.00010010136532887399
50.45563021330386,9.947096093689875e-05
50.50563021330386,9.884649283445719e-05
50.55563021330386,9.822788672316352e-05
50.605630213303854,9.761506946337667e-05
50.65563021330385,9.700796905258224e-05
50.70563021330385,9.640651460424357e-05
50.755630213303846,9.58106363271102e-05
50.80563021330384,9.522026550497268e-05
50.85563021330384,9.463533447685243e-05
50.90563021330384,9.405577661761637e-05
50.955630213303834,9.348152631900557e-05
51.00563021330383,9.291251897106811e-05
51.05563021330383,9.23486909439863e-05
51.105630213303826,9.178997957028854e-05
51.15563021330382,9.123632312743679e-05
51.20563021330382,9.06876608207805e-05
51.25563021330382,9.014393276686805e-05
51.305630213303814,8.960507997710759e-05
51.35563021330381,8.907104434176831e-05
51.40563021330381,8.854176861431483e-05
51.455630213303806,8.801719639606606e-05
51.5056302133038,8.749727212117133e-05
51.5556302133038,8.698194104189629e-05
51.6056302133038,8.647114921421097e-05
51.655630213303795,8.596484348367342e-05
51.70563021330379,8.546297147160158e-05
51.75563021330379,8.496548156152694e-05
51.805630213303786,8.447232288592335e-05
51.85563021330378,8.398344531320458e-05
51.90563021330378,8.349879943498465e-05
51.95563021330378,8.301833655359437e-05
52.005630213303775,8.254200866984893e-05
52.05563021330377,8.206976847106019e-05
52.10563021330377,8.160156931928823e-05
52.155630213303766,8.113736523982709e-05
52.20563021330376,8.067711090991882e-05
52.25563021330376,8.022076164769107e-05
52.30563021330376,7.976827340131301e-05
52.355630213303755,7.931960273836477e-05
52.40563021330375,7.887470683541545e-05
52.45563021330375,7.84335434678053e-05
52.505630213303746,7.799607099962712e-05
52.55563021330374,7.75622483739029e-05
52.60563021330374,7.713203510295108e-05
52.65563021330374,7.670539125894016e-05
52.705630213303735,7.628227746462486e-05
52.75563021330373,7.586265488426047e-05
52.80563021330373,7.544648521469177e-05
52.855630213303726,7.503373067661242e-05
52.90563021330372,7.462435400599137e-05
52.95563021330372,7.42183184456624e-05
53.00563021330372,7.381558773707358e-05
53.055630213303715,7.341612611219271e-05
53.10563021330371,7.301989828556593e-05
53.15563021330371,7.262686944652575e-05
53.20563021330371,7.22370052515455e-05
53.255630213303704,7.185027181673702e-05
53.3056302133037,7.146663571048861e-05
53.3556302133037,7.108606394624017e-05
53.405630213303695,7.070852397539245e-05
53.45563021330369,7.033398368034808e-05
53.50563021330369,6.996241136768095e-05
53.55563021330369,6.959377576143166e-05
53.605630213303684,6.922804599652646e-05
53.65563021330368,6.886519161231655e-05
53.70563021330368,6.85051825462359e-05
53.755630213303675,6.814798912757463e-05
53.80563021330367,6.77935820713658e-05
53.85563021330367,6.744193247238313e-05
53.90563021330367,6.709301179924739e-05
53.955630213303664,6.674679188863931e-05
54.00563021330366,6.640324493961665e-05
54.05563021330366,6.606234350803336e-05
54.105630213303655,6.572406050105884e-05
54.15563021330365,6.538836917179514e-05
54.20563021330365,6.505524311399007e-05
54.25563021330365,6.472465625684443e-05
54.305630213303644,6.439658285991125e-05
54.35563021330364,6.407099750808546e-05
54.40563021330364,6.374787510668177e-05
54.455630213303635,6.342719087659929e-05
54.50563021330363,6.310892034957126e-05
54.55563021330363,6.279303936349762e-05
54.60563021330363,6.24795240578595e-05
54.655630213303624,6.216835086921337e-05
54.70563021330362,6.185949652676372e-05
54.75563021330362,6.155293804801238e-05
54.805630213303616,6.124865273448325e-05
54.85563021330361,6.094661816752064e-05
54.90563021330361,6.0646812204160165e-05
54.95563021330361,6.034921297307035e-05
55.005630213303604,6.0053798870563894e-05
55.0556302133036,5.9760548556677015e-05
55.1056302133036,5.946944095131571e-05
55.155630213303596,5.9180455230467504e-05
55.20563021330359,5.889357082247747e-05
55.25563021330359,5.86087674043873e-05
55.30563021330359,5.832602489833619e-05
55.355630213303584,5.8045323468022296e-05
55.40563021330358,5.776664351522373e-05
55.45563021330358,5.748996567637777e-05
55.505630213303576,5.721527081921737e-05
55.55563021330357,5.694254003946372e-05
55.60563021330357,5.667175465757387e-05
55.65563021330357,5.640289621554237e-05
55.705630213303564,5.613594647375588e-05
55.75563021330356,5.587088740789971e-05
55.80563021330356,5.5607701205915447e-05
55.855630213303556,5.534637026500854e-05
55.90563021330355,5.5086877188705076e-05
55.95563021330355,5.482920478395661e-05
56.00563021330355,5.457333605829243e-05
56.055630213303544,5.431925421701808e-05
56.10563021330354,5.406694266045954e-05
56.15563021330354,5.3816384981252024e-05
56.205630213303536,5.356756496167274e-05
56.25563021330353,5.332046657101654e-05
56.30563021330353,5.307507396301408e-05
56.35563021330353,5.283137147329124e-05
56.405630213303525,5.25893436168694e-05
56.45563021330352,5.234897508570574e-05
56.50563021330352,5.211025074627266e-05
56.555630213303516,5.187315563717583e-05
56.60563021330351,5.163767496681013e-05
56.65563021330351,5.140379411105265e-05
56.70563021330351,5.117149861099219e-05
56.755630213303505,5.0940774170694683e-05
56.8056302133035,5.07116066550037e-05
56.8556302133035,5.0483982087375525e-05
56.905630213303496,5.025788664774821e-05
56.95563021330349,5.0033306670443915e-05
57.00563021330349,4.9810228642103974e-05
57.05563021330349,4.958863919965617e-05
57.105630213303485,4.93685251283135e-05
57.15563021330348,4.914987335960403e-05
57.20563021330348,4.8932670969431205e-05
57.255630213303476,4.871690517616408e-05
57.30563021330347,4.850256333875693e-05
57.35563021330347,4.828963295489785e-05
57.40563021330347,4.8078101659185616e-05
57.455630213303465,4.786795722133452e-05
57.50563021330346,4.765918754440659e-05
57.55563021330346,4.7451780663070677e-05
57.605630213303456,4.72457247418881e-05
57.65563021330345,4.70410080736242e-05
57.70563021330345,4.683761907758549e-05
57.75563021330345,4.663554629798191e-05
57.805630213303445,4.6434778402313746e-05
57.85563021330344,4.6235304179782796e-05
57.90563021330344,4.6037112539727374e-05
57.95563021330344,4.5840192510080774e-05
58.005630213303434,4.564453323585273e-05
58.05563021330343,4.54501239776335e-05
58.10563021330343,4.5256954110120224e-05
58.155630213303425,4.506501312066519e-05
58.20563021330342,4.487429060784551e-05
58.25563021330342,4.4684776280054026e-05
58.30563021330342,4.449645995411097e-05
58.355630213303414,4.4309331553896e-05
58.40563021330341,4.412338110900048e-05
58.45563021330341,4.393859875339932e-05
58.505630213303405,4.3754974724142364e-05
58.5556302133034,4.35724993600649e-05
58.6056302133034,4.339116310051682e-05
58.6556302133034,4.32109564841104e-05
58.705630213303394,4.303187014748616e-05
58.75563021330339,4.2853894824096566e-05
58.80563021330339,4.267702134300741e-05
58.855630213303385,4.2501240627716366e-05
58.90563021330338,4.2326543694988534e-05
58.95563021330338,4.215292165370884e-05
59.00563021330338,4.1980365703750676e-05
59.055630213303374,4.1808867134860895e-05
59.10563021330337,4.163841732556061e-05
59.15563021330337,4.146900774206167e-05
59.205630213303365,4.130062993719854e-05
59.25563021330336,4.113327554937537e-05
59.30563021330336,4.096693630152786e-05
59.35563021330336,4.0801604000099886e-05
59.405630213303354,4.063727053403451e-05
59.45563021330335,4.047392787377922e-05
59.50563021330335,4.0311568070305044e-05
59.555630213303345,4.015018325413953e-05
59.60563021330334,3.9989765634413175e-05
59.65563021330334,3.9830307497919166e-05
59.70563021330334,3.96718012081862e-05
59.755630213303334,3.9514239204564313e-05
59.80563021330333,3.935761400132318e-05
59.85563021330333,3.9201918186763085e-05
59.905630213303326,3.904714442233808e-05
59.95563021330332,3.889328544179132e-05
60.00563021330332,3.8740334050302114e-05
60.05563021330332,3.858828312364498e-05
60.105630213303314,3.843712560735995e-05
60.15563021330331,3.828685451593436e-05
60.20563021330331,3.813746293199589e-05
60.255630213303306,3.798894400551639e-05
60.3056302133033,3.784129095302674e-05
60.3556302133033,3.7694497056842275e-05
60.4056302133033,3.754855566429868e-05
60.455630213303294,3.74034601869983e-05
60.50563021330329,3.7259204100066583e-05
60.55563021330329,3.7115780941418506e-05
60.605630213303286,3.6973184311034906e-05
60.65563021330328,3.683140787024855e-05
60.70563021330328,3.669044534103968e-05
60.75563021330328,3.655029050534108e-05
60.805630213303274,3.6410937204352304e-05
60.85563021330327,3.6272379337863165e-05
60.90563021330327,3.61346108635861e-05
60.955630213303266,3.5997625796497455e-05
61.00563021330326,3.58614182081875e-05
61.05563021330326,3.5725982226218994e-05
61.10563021330326,3.559131203349423e-05
61.155630213303255,3.545740186763045e-05
61.20563021330325,3.532424602034341e-05
61.25563021330325,3.519183883683908e-05
61.305630213303246,3.506017471521327e-05
61.35563021330324,3.4929248105859124e-05
61.40563021330324,3.4799053510882374e-05
61.45563021330324,3.4669585483524126e-05
61.505630213303235,3.454083862759123e-05
61.55563021330323,3.441280759689401e-05
61.60563021330323,3.428548709469125e-05
61.655630213303226,3.41588718731424e-05
61.70563021330322,3.403295673276679e-05
61.75563021330322,3.390773652190989e-05
61.80563021330322,3.3783206136216344e-05
61.855630213303215,3.3659360518109815e-05
61.90563021330321,3.353619465627949e-05
61.95563021330321,3.341370358517314e-05
62.005630213303206,3.329188238449663e-05
62.0556302133032,3.3170726178719834e-05
62.1056302133032,3.3050230136588826e-05
62.1556302133032,3.2930389470644244e-05
62.205630213303195,3.281119943674577e-05
62.25563021330319,3.269265533360263e-05
62.30563021330319,3.257475250230998e-05
62.355630213303186,3.2457486325891204e-05
62.40563021330318,3.234085222884589e-05
62.45563021330318,3.222484567670353e-05
62.50563021330318,3.210946217558282e-05
62.555630213303175,3.1994697271756405e-05
62.60563021330317,3.1880546551221164e-05
62.65563021330317,3.1767005639273766e-05
62.705630213303166,3.165407020009152e-05
62.755630213303164,3.154173593631847e-05
62.80563021330316,3.142999858865661e-05
62.85563021330316,3.1318853935462103e-05
62.905630213303155,3.1208297792346565e-05
62.95563021330315,3.109832601178324e-05
63.00563021330315,3.098893448271798e-05
63.05563021330315,3.088011913018509e-05
63.105630213303144,3.077187591492779e-05
63.15563021330314,3.066420083302342e-05
63.20563021330314,3.055708991551314e-05
63.255630213303135,3.045053922803621e-05
63.30563021330313,3.034454487046872e-05
63.35563021330313,3.0239102976566676e-05
63.40563021330313,3.013420971361343e-05
63.455630213303124,3.0029861282071436e-05
63.50563021330312,2.9926053915238137e-05
63.55563021330312,2.9822783878906077e-05
63.605630213303115,2.972004747102707e-05
63.65563021330311,2.9617841021380425e-05
63.70563021330311,2.951616089124515e-05
63.75563021330311,2.9415003473076118e-05
63.805630213303104,2.9314365190184053e-05
63.8556302133031,2.921424249641941e-05
63.9056302133031,2.9114631875859964e-05
63.955630213303095,2.9015529842502168e-05
64.00563021330309,2.8916932939956143e-05
64.05563021330309,2.881883774114434e-05
64.10563021330309,2.872124084800371e-05
64.15563021330308,2.862413889119146e-05
64.20563021330308,2.8527528529794234e-05
64.25563021330308,2.8431406451040748e-05
64.30563021330308,2.8335769370017835e-05
64.35563021330307,2.824061402938974e-05
64.40563021330307,2.8145937199120836e-05
64.45563021330307,2.8051735676201455e-05
64.50563021330306,2.7958006284377037e-05
64.55563021330306,2.7864745873880355e-05
64.60563021330306,2.7771951321166942e-05
64.65563021330306,2.76796195286535e-05
64.70563021330305,2.7587747424459447e-05
64.75563021330305,2.74963319621514e-05
64.80563021330305,2.7405370120490618e-05
64.85563021330304,2.73148589031834e-05
64.90563021330304,2.7224795338634326e-05
64.95563021330304,2.713517647970237e-05
65.00563021330304,2.704599940345979e-05
65.05563021330303,2.6957261210953813e-05
65.10563021330303,2.686895902697104e-05
65.15563021330303,2.6781089999804538e-05
65.20563021330302,2.669365130102361e-05
65.25563021330302,2.66066401252462e-05
65.30563021330302,2.652005368991385e-05
65.35563021330302,2.643388923506925e-05
65.40563021330301,2.6348144023136308e-05
65.45563021330301,2.626281533870272e-05
65.50563021330301,2.6177900488304966e-05
65.555630213303,2.609339680021579e-05
65.605630213303,2.600930162423401e-05
65.655630213303,2.5925612331476763e-05
65.705630213303,2.5842326314174037e-05
65.755630213303,2.5759440985465533e-05
65.80563021330299,2.5676953779199797e-05
65.85563021330299,2.55948621497356e-05
65.90563021330298,2.551316357174553e-05
65.95563021330298,2.54318555400218e-05
66.00563021330298,2.5350935569284173e-05
66.05563021330298,2.527040119399008e-05
66.10563021330297,2.5190249968146796e-05
66.15563021330297,2.511047946512571e-05
66.20563021330297,2.5031087277478686e-05
66.25563021330296,2.4952071016756397e-05
66.30563021330296,2.4873428313328717e-05
66.35563021330296,2.479515681620703e-05
66.40563021330296,2.4717254192868547e-05
66.45563021330295,2.4639718129082552e-05
66.50563021330295,2.4562546328738494e-05
66.55563021330295,2.4485736513676026e-05
66.60563021330294,2.4409286423516855e-05
66.65563021330294,2.433319381549847e-05
66.70563021330294,2.4257456464309654e-05
66.75563021330294,2.4182072161927756e-05
66.80563021330293,2.4107038717457796e-05
66.85563021330293,2.4032353956973276e-05
66.90563021330293,2.3958015723358715e-05
66.95563021330292,2.388402187615388e-05
67.00563021330292,2.381037029139974e-05
67.05563021330292,2.3737058861486008e-05
67.10563021330292,2.3664085495000398e-05
67.15563021330291,2.3591448116579452e-05
67.20563021330291,2.3519144666760985e-05
67.25563021330291,2.3447173101838118e-05
67.3056302133029,2.3375531393714834e-05
67.3556302133029,2.3304217529763143e-05
67.4056302133029,2.3233229512681707e-05
67.4556302133029,2.3162565360355993e-05
67.5056302133029,2.3092223105719926e-05
67.55563021330289,2.302220079661899e-05
67.60563021330289,2.29524964956748e-05
67.65563021330289,2.288310828015106e-05
67.70563021330288,2.2814034241821024e-05
67.75563021330288,2.2745272486836256e-05
67.80563021330288,2.267682113559684e-05
67.85563021330287,2.2608678322622936e-05
67.90563021330287,2.2540842196427677e-05
67.95563021330287,2.24733109193914e-05
68.00563021330287,2.2406082667637217e-05
68.05563021330286,2.233915563090785e-05
68.10563021330286,2.227252801244377e-05
68.15563021330286,2.2206198028862616e-05
68.20563021330285,2.214016391003986e-05
68.25563021330285,2.2074423898990697e-05
68.30563021330285,2.2008976251753188e-05
68.35563021330285,2.1943819237272604e-05
68.40563021330284,2.1878951137286932e-05
68.45563021330284,2.1814370246213657e-05
68.50563021330284,2.1750074871037572e-05
68.55563021330283,2.1686063331199885e-05
68.60563021330283,2.1622333958488377e-05
68.65563021330283,2.1558885096928708e-05
68.70563021330283,2.149571510267686e-05
68.75563021330282,2.143282234391265e-05
68.80563021330282,2.1370205200734365e-05
68.85563021330282,2.1307862065054433e-05
68.90563021330281,2.1245791340496207e-05
68.95563021330281,2.118399144229174e-05
69.00563021330281,2.1122460797180654e-05
69.0556302133028,2.1061197843310017e-05
69.1056302133028,2.1000201030135212e-05
69.1556302133028,2.0939468818321835e-05
69.2056302133028,2.0878999679648593e-05
69.2556302133028,2.0818792096911143e-05
69.30563021330279,2.075884456382694e-05
69.35563021330279,2.069915558494103e-05
69.40563021330279,2.0639723675532778e-05
69.45563021330278,2.0580547361523524e-05
69.50563021330278,2.0521625179385215e-05
69.55563021330278,2.0462955676049905e-05
69.60563021330277,2.040453740882015e-05
69.65563021330277,2.034636894528034e-05
69.70563021330277,2.0288448863208893e-05
69.75563021330277,2.023077575049131e-05
69.80563021330276,2.017334820503411e-05
69.85563021330276,2.0116164834679623e-05
69.90563021330276,2.0059224257121603e-05
69.95563021330275,2.0002525099821717e-05
70.00563021330275,1.9946065999926802e-05
70.05563021330275,1.988984560418699e-05
70.10563021330275,1.983386256887462e-05
70.15563021330274,1.9778115559703936e-05
70.20563021330274,1.9722603251751607e-05
70.25563021330274,1.9667324329377963e-05
70.30563021330273,1.9612277486149094e-05
70.35563021330273,1.955746142475963e-05
70.40563021330273,1.9502874856956312e-05
70.45563021330273,1.9448516503462312e-05
70.50563021330272,1.9394385093902266e-05
70.55563021330272,1.9340479366728076e-05
70.60563021330272,1.9286798069145374e-05
70.65563021330271,1.923333995704077e-05
70.70563021330271,1.9180103794909746e-05
70.75563021330271,1.912708835578528e-05
70.8056302133027,1.907429242116714e-05
70.8556302133027,1.9021714780951878e-05
70.9056302133027,1.8969354233363492e-05
70.9556302133027,1.891720958488475e-05
71.0056302133027,1.8865279650189175e-05
71.05563021330269,1.8813563252073682e-05
71.10563021330269,1.876205922139188e-05
71.15563021330269,1.871076639698798e-05
71.20563021330268,1.865968362563134e-05
71.25563021330268,1.860880976195168e-05
71.30563021330268,1.8558143668374842e-05
71.35563021330267,1.850768421505922e-05
71.40563021330267,1.845743027983277e-05
71.45563021330267,1.8407380748130603e-05
71.50563021330267,1.8357534512933217e-05
71.55563021330266,1.8307890474705243e-05
71.60563021330266,1.8258447541334863e-05
71.65563021330266,1.820920462807369e-05
71.70563021330265,1.8160160657477318e-05
71.75563021330265,1.8111314559346357e-05
71.80563021330265,1.8062665270668064e-05
71.85563021330265,1.8014211735558503e-05
71.90563021330264,1.7965952905205258e-05
71.95563021330264,1.7917887737810682e-05
72.00563021330264,1.7870015198535647e-05
72.05563021330263,1.782233425944388e-05
72.10563021330263,1.7774843899446766e-05
72.15563021330263,1.772754310424866e-05
72.20563021330263,1.768043086629278e-05
72.25563021330262,1.7633506184707497e-05
72.30563021330262,1.7586768065253228e-05
72.35563021330262,1.7540215520269726e-05
72.40563021330262,1.7493847568623938e-05
72.45563021330261,1.7447663235658292e-05
72.50563021330261,1.740166155313948e-05
72.5556302133026,1.735584155920772e-05
72.6056302133026,1.7310202298326466e-05
72.6556302133026,1.7264742821232607e-05
72.7056302133026,1.721946218488708e-05
72.7556302133026,1.7174359452426007e-05
72.80563021330259,1.712943369311218e-05
72.85563021330259,1.708468398228709e-05
72.90563021330259,1.7040109401323327e-05
72.95563021330258,1.699570903757745e-05
73.00563021330258,1.6951481984343256e-05
73.05563021330258,1.69074273408055e-05
73.10563021330258,1.6863544211994023e-05
73.15563021330257,1.6819831708738304e-05
73.20563021330257,1.6776288947622417e-05
73.25563021330257,1.673291505094039e-05
73.30563021330256,1.6689709146651983e-05
73.35563021330256,1.6646670368338856e-05
73.40563021330256,1.6603797855161123e-05
73.45563021330256,1.656109075181433e-05
73.50563021330255,1.6518548208486768e-05
73.55563021330255,1.6476169380817226e-05
73.60563021330255,1.6433953429853066e-05
73.65563021330254,1.639189952200873e-05
73.70563021330254,1.635000682902458e-05
73.75563021330254,1.630827452792611e-05
73.80563021330254,1.6266701800983527e-05
73.85563021330253,1.622528783567171e-05
