29.422528455903475,0.0022937212215021732
29.432528455903476,0.002300106900665505
29.442528455903478,0.002306519256617376
29.45252845590348,0.0023129584380078734
29.46252845590348,0.0023194245945228707
29.472528455903483,0.002325917876892692
29.482528455903484,0.00233243843690086
29.492528455903486,0.0023389864273929343
29.502528455903487,0.0023455620022854243
29.51252845590349,0.0023521653165748035
29.52252845590349,0.0023587965263466033
29.532528455903492,0.002365455788784599
29.542528455903494,0.002372143262180087
29.552528455903495,0.002378859105941252
29.562528455903497,0.0023856034806026254
29.572528455903498,0.0023923765478346443
29.5825284559035,0.0023991784704532927
29.5925284559035,0.002406009412429851
29.602528455903503,0.002412869538900733
29.612528455903504,0.0024197590161774275
29.622528455903506,0.0024266780117565335
29.632528455903508,0.0024336266943298978
29.64252845590351,0.002440605233794854
29.65252845590351,0.002447613801264566
29.662528455903512,0.0024546525690784683
29.672528455903514,0.002461721710812818
29.682528455903515,0.0024688214012913486
29.692528455903517,0.002475951816596034
29.70252845590352,0.002483113134077957
29.71252845590352,0.0024903055323682918
29.72252845590352,0.002497529191389393
29.732528455903523,0.0025047842923660033
29.742528455903525,0.0025120710178365637
29.752528455903526,0.0025193895516646488
29.762528455903528,0.002526740079050515
29.77252845590353,0.002534122786542763
29.78252845590353,0.0025415378620501253
29.792528455903533,0.0025489854948533668
29.802528455903534,0.0025564658756173112
29.812528455903536,0.002563979196402993
29.822528455903537,0.0025715256506799243
29.83252845590354,0.0025791054333384996
29.84252845590354,0.002586718740702519
29.852528455903542,0.0025943657705418434
29.862528455903544,0.0026020467220851835
29.872528455903545,0.002609761796033012
29.882528455903547,0.002617511194570622
29.89252845590355,0.002625295121381304
29.90252845590355,0.002633113781659676
29.91252845590355,0.0026409673821251416
29.922528455903553,0.0026488561310354913
29.932528455903554,0.0026567802382006455
29.942528455903556,0.002664739914996538
29.952528455903558,0.0026727353743791517
29.96252845590356,0.0026807668308986925
29.97252845590356,0.002688834500713916
29.982528455903562,0.002696938601606602
29.992528455903564,0.0027050793529961865
30.002528455903565,0.002713256975954541
30.012528455903567,0.0027214716932209113
30.02252845590357,0.0027297237292170126
30.03252845590357,0.0027380133100622837
30.04252845590357,0.0027463406635893075
30.052528455903573,0.0027547060193593847
30.062528455903575,0.0027631096086782802
30.072528455903576,0.0027715516646121393
30.082528455903578,0.002780032422003566
30.09252845590358,0.0027885521174878776
30.10252845590358,0.0027971109895095305
30.112528455903583,0.0028057092783387214
30.122528455903584,0.0028143472260881747
30.132528455903586,0.0028230250767300926
30.142528455903587,0.002831743076113302
30.15252845590359,0.0028405014719805836
30.16252845590359,0.0028493005139861825
30.172528455903592,0.002858140453713511
30.182528455903594,0.0028670215446930433
30.192528455903595,0.0028759440424204
30.202528455903597,0.00288490820437464
30.2125284559036,0.0028939142900367303
30.2225284559036,0.00290296256090824
30.2325284559036,0.0029120532805302197
30.242528455903603,0.0029211867145022977
30.252528455903605,0.00293036313050198
30.262528455903606,0.002939582798304162
30.272528455903608,0.002948845989800855
30.28252845590361,0.002958152979021132
30.29252845590361,0.002967504042151284
30.302528455903612,0.002976899457555206
30.312528455903614,0.0029863395057950076
30.322528455903615,0.0029958244696518463
30.332528455903617,0.0030053546341469953
30.34252845590362,0.0030149302865631455
30.35252845590362,0.0030245517164659385
30.36252845590362,0.0030342192157257427
30.372528455903623,0.003043933078539674
30.382528455903625,0.003053693601453858
30.392528455903626,0.0030635010833859407
30.402528455903628,0.0030733558256478533
30.41252845590363,0.0030832581319688327
30.42252845590363,0.003093208308518697
30.432528455903633,0.0031032066639313837
30.442528455903634,0.003113253509328754
30.452528455903636,0.0031233491583446647
30.462528455903637,0.0031334939271493137
30.47252845590364,0.003143688134473855
30.48252845590364,0.0031539321016353
30.492528455903642,0.003164226152561695
30.502528455903644,0.003174570613817592
30.512528455903645,0.0031849658146298
30.522528455903647,0.0031954120869134377
30.53252845590365,0.003205909765298279
30.54252845590365,0.003216459187155406
30.55252845590365,0.003227060692624156
30.562528455903653,0.00323771462463939
30.572528455903655,0.003248421328959067
30.582528455903656,0.00325918115419214
30.592528455903658,0.0032699944518267674
30.60252845590366,0.0032808615762588574
30.61252845590366,0.0032917828848209396
30.622528455903662,0.00330275873781137
30.632528455903664,0.0033137894985238747
30.642528455903665,0.0033248755332774406
30.652528455903667,0.003336017211446551
30.66252845590367,0.0033472149054917734
30.67252845590367,0.003358468990990707
30.68252845590367,0.003369779846669289
30.692528455903673,0.0033811478544334755
30.702528455903675,0.003392573399401281
30.712528455903676,0.0034040568699352076
30.722528455903678,0.003415598657675048
30.73252845590368,0.003427199157571082
30.74252845590368,0.0034388587679176595
30.752528455903683,0.0034505778903871813
30.762528455903684,0.0034623569300644887
30.772528455903686,0.003474196295481657
30.782528455903687,0.0034860963986532
30.79252845590369,0.003498057655111703
30.80252845590369,0.0035100804839438694
30.812528455903692,0.003522165307827014
30.822528455903694,0.0035343125530659745
30.832528455903695,0.003546522649630481
30.842528455903697,0.003558796031192967
30.8525284559037,0.003571133135166842
30.8625284559037,0.0035835344027452145
30.8725284559037,0.003596000278940094
30.882528455903703,0.003608531212622062
30.892528455903705,0.003621127656560428
30.902528455903706,0.0036337900674638635
30.912528455903708,0.003646518906021541
30.92252845590371,0.003659314636944768
30.93252845590371,0.003672177729009136
30.942528455903712,0.0036851086550971713
30.952528455903714,0.0036981078922415224
30.962528455903715,0.0037111759216686695
30.972528455903717,0.0037243132288431752
30.98252845590372,0.003737520303512474
30.99252845590372,0.0037507976397522214
31.00252845590372,0.003764145736012196
31.012528455903723,0.003777565095162779
31.022528455903725,0.0037910562245419975
31.032528455903726,0.003804619636003164
31.042528455903728,0.0038182558459631004
31.05252845590373,0.003831965375450967
31.06252845590373,0.0038457487501576985
31.072528455903733,0.0038596065004860604
31.082528455903734,0.0038735391616013318
31.092528455903736,0.0038875472734826253
31.102528455903737,0.003901631380974848
31.11252845590374,0.00391579203384132
31.12252845590374,0.00393002978681706
31.132528455903742,0.003944345199662738
31.142528455903744,0.0039587388372193145
31.152528455903745,0.0039732112694633726
31.162528455903747,0.003987763071563151
31.17252845590375,0.004002394823935299
31.18252845590375,0.004017107112302338
31.19252845590375,0.004031900527750877
31.202528455903753,0.004046775666790555
31.212528455903755,0.00406173313141376
31.222528455903756,0.004076773529156089
31.232528455903758,0.00409189747315761
31.24252845590376,0.0041071055822248966
31.25252845590376,0.0041223984808938805
31.262528455903762,0.004137776799493496
31.272528455903764,0.00415324117421017
31.282528455903766,0.004168792247153135
31.292528455903767,0.0041844306664206
31.30252845590377,0.004200157086166783
31.31252845590377,0.004215972166669809
31.32252845590377,0.004231876574400513
31.332528455903773,0.0042478709820921315
31.342528455903775,0.004263956068810914
31.352528455903776,0.004280132520027659
31.362528455903778,0.004296401027690201
31.37252845590378,0.004312762290296854
31.38252845590378,0.004329217012970808
31.392528455903783,0.004345765907535536
31.402528455903784,0.004362409692591196
31.412528455903786,0.0043791490935920305
31.422528455903787,0.004395984842924824
31.43252845590379,0.0044129176799883926
31.44252845590379,0.00442994835127414
31.452528455903792,0.004447077610447693
31.462528455903794,0.0044643062184316325
31.472528455903795,0.00448163494348934
31.482528455903797,0.004499064561309975
31.4925284559038,0.00451659585509459
31.5025284559038,0.004534229615643426
31.5125284559038,0.004551966641444378
31.522528455903803,0.004569807738762673
31.532528455903805,0.004587753721731753
31.542528455903806,0.0046058054124454165
31.552528455903808,0.004623963641051198
31.56252845590381,0.004642229245845051
31.57252845590381,0.004660603073367296
31.582528455903812,0.004679085978499918
31.592528455903814,0.004697678824565182
31.602528455903816,0.004716382483425626
31.612528455903817,0.004735197835585414
31.62252845590382,0.0047541257702931146
31.63252845590382,0.004773167185645887
31.642528455903822,0.004792322988695132
31.652528455903823,0.004811594095553597
31.662528455903825,0.004830981431503987
31.672528455903826,0.0048504859311090925
31.682528455903828,0.00487010853832346
31.69252845590383,0.004889850206606623
31.70252845590383,0.004909711899037931
31.712528455903833,0.004929694588433
31.722528455903834,0.00494979925746181
31.732528455903836,0.004970026898768448
31.742528455903837,0.004990378515092583
31.75252845590384,0.005010855119392647
31.76252845590384,0.005031457734970769
31.772528455903842,0.0050521873955994955
31.782528455903844,0.005073045145650324
31.792528455903845,0.005094032040224067
31.802528455903847,0.005115149145283099
31.81252845590385,0.005136397537785492
31.82252845590385,0.0051577783058210916
31.83252845590385,0.005179292548749552
31.842528455903853,0.00520094137734038
31.852528455903855,0.005222725913914983
31.862528455903856,0.005244647292490804
31.872528455903858,0.005266706658927546
31.88252845590386,0.005288905171075524
31.89252845590386,0.005311243998926192
31.902528455903862,0.005333724324764862
31.912528455903864,0.0053563473433256795
31.922528455903866,0.005379114261948869
31.932528455903867,0.005402026300740287
31.94252845590387,0.005425084692733349
31.95252845590387,0.005448290684053335
31.962528455903872,0.005471645534084147
31.972528455903873,0.005495150515637524
31.982528455903875,0.005518806915124788
31.992528455903877,0.005542616032731149
32.00252845590388,0.005566579182592625
32.012528455903876,0.005590697692975581
32.02252845590388,0.005614972906459033
32.032528455903886,0.005639406180119569
32.042528455903884,0.005663998885719177
32.05252845590388,0.005688752409895899
32.06252845590389,0.005713668154357308
32.07252845590389,0.005738747536076907
32.08252845590389,0.005763991987493611
32.09252845590389,0.005789402956714226
32.102528455903894,0.005814981907718987
32.1125284559039,0.005840730320570219
32.1225284559039,0.00586664969162428
32.132528455903895,0.00589274153374675
32.1425284559039,0.005919007376530861
32.152528455903905,0.0059454487665193175
32.1625284559039,0.0059720672674295925
32.1725284559039,0.00599886446038273
32.182528455903906,0.006025841944135629
32.19252845590391,0.006053001335316939
32.20252845590391,0.006080344268666706
32.21252845590391,0.0061078723972797675
32.22252845590391,0.006135587392852893
32.23252845590392,0.0061634909459357965
32.242528455903916,0.006191584766186171
32.252528455903914,0.006219870582628759
32.26252845590392,0.006248350143918425
32.272528455903924,0.0062770252186074155
32.28252845590392,0.00630589759541691
32.29252845590392,0.006334969083512922
32.302528455903925,0.006364241512786502
32.31252845590393,0.006393716734138433
32.32252845590393,0.006423396619768546
32.332528455903926,0.006453283063469699
32.34252845590393,0.006483377980926394
32.352528455903936,0.0065136833100182204
32.362528455903934,0.006544201011128264
32.37252845590393,0.0065749330674565315
32.38252845590394,0.0066058814853383755
32.39252845590394,0.006637048294568096
32.40252845590394,0.0066684355487279
32.41252845590394,0.006700045325522253
32.422528455903944,0.006731879727117607
32.43252845590395,0.006763940880487721
32.44252845590395,0.006796230937764733
32.452528455903945,0.006828752076596043
32.46252845590395,0.006861506500506995
32.472528455903955,0.0068944964392695825
32.48252845590395,0.006927724149277345
32.49252845590395,0.006961191913926529
32.502528455903956,0.006994902044003509
32.51252845590396,0.007028856878078694
32.52252845590396,0.007063058782907112
32.53252845590396,0.007097510153835752
32.54252845590396,0.007132213415217653
32.55252845590397,0.0071671710208330046
32.562528455903966,0.0072023854543174365
32.572528455903964,0.007237859229597609
32.58252845590397,0.007273594891334087
32.592528455903974,0.007309595015371784
32.60252845590397,0.0073458622091981726
32.61252845590397,0.007382399112409362
32.622528455903975,0.007419208397184079
32.63252845590398,0.007456292768765781
32.64252845590398,0.007493654965953205
32.652528455903976,0.007531297761599396
32.66252845590398,0.007569223963119276
32.672528455903986,0.007607436413006029
32.682528455903984,0.007645937989356582
32.69252845590398,0.007684731606406269
32.70252845590399,0.00772382021507274
32.71252845590399,0.0077632068035093935
32.72252845590399,0.007802894397668677
32.73252845590399,0.007842886061875299
32.742528455903994,0.007883184899409463
32.752528455904,0.007923794053100437
32.762528455904,0.007964716705930757
32.772528455903995,0.008005956081651217
32.782528455904,0.008047515445406694
32.792528455904005,0.008089398104373176
32.802528455904,0.008131607408406332
32.812528455904,0.008174146750701728
32.822528455904006,0.008217019568466865
32.83252845590401,0.008260229343605296
32.84252845590401,0.008303779603413311
32.85252845590401,0.00834767392128924
32.86252845590401,0.008391915917455566
32.87252845590402,0.008436509259694197
32.882528455904016,0.008481457664095327
32.892528455904014,0.008526764895820037
32.90252845590402,0.00857243476987679
32.912528455904024,0.008618471151912225
32.92252845590402,0.008664877959016729
32.93252845590402,0.008711659160544899
32.942528455904025,0.008758818778951159
32.95252845590403,0.008806360890640892
32.96252845590403,0.008854289626837639
32.972528455904026,0.008902609174466511
32.98252845590403,0.008951323777054074
32.992528455904036,0.009000437735645126
33.002528455904034,0.00904995540973695
33.01252845590403,0.00909988121823121
33.02252845590404,0.009150219640403813
33.03252845590404,0.009200975216893134
33.04252845590404,0.009252152550707295
33.05252845590404,0.00930375630825067
33.062528455904044,0.009355791220369935
33.07252845590405,0.00940826208342019
33.08252845590405,0.009461173760351816
33.092528455904045,0.009514531181818282
33.10252845590405,0.009568339347305324
33.112528455904055,0.009622603326281983
33.12252845590405,0.00967732825937427
33.13252845590405,0.009732519359561717
33.142528455904056,0.009788181913397245
33.15252845590406,0.009844321282250905
33.16252845590406,0.009900942903578345
33.17252845590406,0.009958052292214255
33.18252845590406,0.010015655041691296
33.19252845590407,0.010073756825585178
33.202528455904066,0.010132363398886672
33.212528455904064,0.010191480599401016
33.22252845590407,0.010251114349175158
33.232528455904074,0.010311270655953613
33.24252845590407,0.010371955614663817
33.25252845590407,0.01043317540893141
33.262528455904075,0.010494936312626066
33.27252845590408,0.010557244691438603
33.28252845590408,0.01062010700449044
33.292528455904076,0.010683529805975813
33.30252845590408,0.010747519746837495
33.312528455904086,0.010812083576476807
33.322528455904084,0.010877228144499056
33.33252845590408,0.010942960402494966
33.34252845590409,0.011009287405858787
33.35252845590409,0.011076216315644115
33.36252845590409,0.011143754400458526
33.37252845590409,0.01121190903839776
33.382528455904094,0.011280687719020183
33.3925284559041,0.011350098045362658
33.4025284559041,0.01142014773599909
33.412528455904095,0.011490844627142378
33.4225284559041,0.011562196674790722
33.432528455904105,0.01163421195691941
33.4425284559041,0.01170689867571957
33.4525284559041,0.011780265159884637
33.462528455904106,0.01185431986694569
33.47252845590411,0.011929071385656815
33.48252845590411,0.01200452843843218
33.49252845590411,0.012080699883835696
33.50252845590411,0.012157594719124448
33.51252845590412,0.012235222082847356
33.522528455904116,0.012313591257500747
33.532528455904114,0.012392711672241952
33.54252845590412,0.012472592905662189
33.552528455904124,0.012553244688620424
33.56252845590412,0.012634676907139967
33.57252845590412,0.012716899605369161
33.582528455904125,0.012799922988607534
33.59252845590413,0.012883757426399292
33.60252845590413,0.01296841345569612
33.612528455904126,0.013053901784090823
33.62252845590413,0.013140233293123327
33.632528455904136,0.013227419041661163
33.642528455904134,0.013315470269356602
33.65252845590413,0.013404398400182146
33.66252845590414,0.013494215046046152
33.67252845590414,0.013584932010490906
33.68252845590414,0.01367656129247556
33.69252845590414,0.013769115090245889
33.702528455904144,0.01386260580529285
33.71252845590415,0.013957046046402537
33.72252845590415,0.014052448633800223
33.732528455904145,0.014148826603390697
33.74252845590415,0.014246193211097132
33.752528455904155,0.014344561937301424
33.76252845590415,0.014443946491388934
33.77252845590415,0.014544360816400188
33.782528455904156,0.014645819093792069
33.79252845590416,0.014748335748311744
33.80252845590416,0.014851925452986654
33.81252845590416,0.014956603134233432
33.82252845590416,0.01506238397708864
33.83252845590417,0.015169283430564945
33.842528455904166,0.015277317213136474
33.852528455904164,0.01538650131835659
33.86252845590417,0.015496852020611358
33.872528455904174,0.015608385881012809
33.88252845590417,0.015721119753436156
33.89252845590417,0.01583507079070462
33.902528455904175,0.015950256450925696
33.91252845590418,0.016066694503983313
33.92252845590418,0.01618440303819071
33.932528455904176,0.016303400467108084
33.94252845590418,0.016423705536529398
33.952528455904186,0.01654533733164341
33.962528455904184,0.016668315284374274
33.97252845590418,0.016792659180906368
33.98252845590419,0.016918389169398387
33.99252845590419,0.017045525767892346
34.00252845590419,0.01717408987242354
34.01252845590419,0.01730410276533681
34.022528455904194,0.01743558612381482
34.0325284559042,0.01756856202862472
34.0425284559042,0.0177030529730901
34.052528455904195,0.017839081872294184
34.0625284559042,0.017976672072521006
34.072528455904205,0.018115847360941555
34.0825284559042,0.018256631975552835
34.0925284559042,0.018399050615376673
34.102528455904206,0.018543128450925817
34.11252845590421,0.01868889113494547
34.12252845590421,0.018836364813439054
34.13252845590421,0.018985576136986215
34.14252845590421,0.019136552272361548
34.15252845590422,0.019289320914463413
34.162528455904216,0.01944391029856278
34.172528455904214,0.019600349212881268
34.18252845590422,0.01975866701150818
34.192528455904224,0.019918893627667075
34.20252845590422,0.02008105958734333
34.21252845590422,0.020245196023283122
34.222528455904225,0.020411334689375105
34.23252845590423,0.020579507975426816
34.24252845590423,0.020749748922348862
34.252528455904226,0.02092209123775891
34.26252845590423,0.021096569312018382
34.27252845590424,0.02127321823471567
34.282528455904234,0.021452073811610788
34.29252845590423,0.021633172582055236
34.30252845590424,0.021816551836901982
34.31252845590424,0.02200224963692147
34.32252845590424,0.022190304831740486
34.33252845590424,0.022380757079320104
34.342528455904244,0.022573646865989616
34.35252845590425,0.022769015527054848
34.36252845590425,0.022966905268000163
34.372528455904245,0.02316735918630286
34.38252845590425,0.023370421293879496
34.392528455904255,0.023576136540185342
34.40252845590425,0.023784550835989033
34.41252845590425,0.02399571107784435
34.422528455904256,0.024209665173281263
34.43252845590426,0.02442646206674121
34.44252845590426,0.02464615176628161
34.45252845590426,0.02486878537107521
34.46252845590426,0.025094415099729976
34.47252845590427,0.025323094319458193
34.482528455904266,0.0255548775761238
34.492528455904264,0.02578982062519758
34.50252845590427,0.02602798046365014
34.512528455904274,0.026269415362815674
34.52252845590427,0.026514184902260433
34.53252845590427,0.026762350004689902
34.542528455904275,0.027013972971929884
34.55252845590428,0.027269117522019586
34.56252845590428,0.027527848827455955
34.572528455904276,0.02779023355462913
34.58252845590428,0.028056339904489722
34.59252845590429,0.02832623765449244
34.602528455904284,0.02859999820186149
34.61252845590428,0.02887769460822441
34.62252845590429,0.029159401645661765
34.63252845590429,0.029445195844224552
34.64252845590429,0.029735155540972304
34.65252845590429,0.03002936093058631
34.662528455904294,0.030327894117613545
34.6725284559043,0.030630839170401682
34.6825284559043,0.03093828217678717
34.692528455904295,0.03125031130159991
34.7025284559043,0.03156701684604991
34.712528455904305,0.03188849130906631
34.7225284559043,0.03221482945066133
34.7325284559043,0.03254612835739372
34.742528455904306,0.03288248751000842
34.75252845590431,0.03322400885333484
34.76252845590431,0.03357079686852893
34.77252845590431,0.033922958647746575
34.78252845590431,0.03428060397133856
34.79252845590432,0.0346438453876638
34.802528455904316,0.03501279829562103
34.812528455904314,0.03538758103000169
34.82252845590432,0.035768314949770674
34.832528455904324,0.036155124529388454
34.84252845590432,0.036548137453292495
34.85252845590432,0.03694748471365927
34.862528455904325,0.037353300711572585
34.87252845590433,0.037765723361731916
34.88252845590433,0.0381848942008402
34.892528455904326,0.03861095849981378
34.90252845590433,0.03904406537996354
34.91252845590434,0.039484367933304974
34.922528455904335,0.03993202334716166
34.93252845590433,0.040387193033231246
34.94252845590434,0.04085004276129039
34.95252845590434,0.04132074279772478
34.96252845590434,0.04179946804907941
34.97252845590434,0.04228639821082895
34.982528455904344,0.0427817179215776
34.99252845590435,0.04328561692290912
35.00252845590435,0.0437982902251175
35.012528455904345,0.04431993827905629
35.02252845590435,0.044850767154354446
35.032528455904355,0.045390988724260575
35.04252845590435,0.045940820857389125
35.05252845590435,0.04650048761665092
35.062528455904356,0.04707021946566263
35.07252845590436,0.04765025348294615
35.08252845590436,0.04824083358424238
35.09252845590436,0.048842210753275245
35.10252845590436,0.04945464328131611
35.11252845590437,0.05007839701591797
35.122528455904366,0.050713745619204845
35.132528455904364,0.05136097083611552
35.14252845590437,0.05202036277301843
35.152528455904374,0.05269222018713583
35.16252845590437,0.05337685078723578
35.17252845590437,0.054074571546065965
35.182528455904375,0.05478570902502484
35.19252845590438,0.055510599711590676
35.20252845590438,0.056249590370052345
35.212528455904376,0.05700303840610536
35.22252845590438,0.05777131224590111
35.23252845590439,0.0585547917301669
35.242528455904385,0.059353868524041335
35.25252845590438,0.060168946543293314
35.26252845590439,0.06100044239762126
35.27252845590439,0.061848785851762934
35.28252845590439,0.06271442030517886
35.29252845590439,0.06359780329109836
35.302528455904394,0.06449940699575109
35.3125284559044,0.0654197187986454
35.3225284559044,0.06635924183479162
35.332528455904395,0.06731849557979844
35.3425284559044,0.06829801645880941
35.352528455904405,0.06929835848028891
35.3625284559044,0.07032009389570833
35.3725284559044,0.07136381388621729
35.382528455904406,0.07243012927742634
35.39252845590441,0.07351967128347474
35.40252845590441,0.07463309228160135
35.41252845590441,0.07577106661847235
35.42252845590441,0.07693429144956407
35.43252845590442,0.07812348761294789
35.442528455904416,0.07933940053886934
35.452528455904414,0.08058280119654863
35.46252845590442,0.08185448707967322
35.472528455904424,0.083155283232099
35.48252845590442,0.08448604331531889
35.49252845590442,0.08584765071928512
35.502528455904425,0.08724101971820811
35.51252845590443,0.08866709667299079
35.52252845590443,0.09012686128198588
35.532528455904426,0.09162132788177707
35.54252845590443,0.09315154679969868
35.55252845590444,0.09471860575982506
35.562528455904435,0.09632363134415925
35.57252845590443,0.09796779051073128
35.58252845590444,0.09965229217029001
35.59252845590444,0.10137838882324439
35.60252845590444,0.1031473782584544
35.61252845590444,0.10496060531538942
35.622528455904444,0.10681946371107291
35.63252845590445,0.10872539793312154
35.64252845590445,0.11067990520003468
35.652528455904445,0.11268453748969662
35.66252845590445,0.11474090363682732
35.672528455904455,0.11685067149986272
35.68252845590445,0.1190155701974282
35.69252845590445,0.12123739241418419
35.70252845590446,0.1235179967753818
35.71252845590446,0.1258593102889683
35.72252845590446,0.12826333085348646
35.73252845590446,0.1307321298293136
35.74252845590446,0.1332678546699868
35.75252845590447,0.13587273160946392
35.762528455904466,0.13854906840011894
35.772528455904464,0.14129925709505994
35.78252845590447,0.14412577686698133
35.792528455904474,0.14703119685421803
35.80252845590447,0.15001817902289158
35.81252845590447,0.15308948103200612
35.822528455904475,0.15624795908606304
35.83252845590448,0.15949657075719223
35.84252845590448,0.1628383777558771
35.852528455904476,0.16627654862603786
35.86252845590448,0.1698143613365214
35.87252845590449,0.17345520573689546
35.882528455904485,0.17720258584076215
35.89252845590448,0.18106012189453938
35.90252845590449,0.18503155218378872
35.91252845590449,0.18912073452263223
35.92252845590449,0.1933316473645033
35.93252845590449,0.19766839046432597
35.942528455904494,0.20213518501319794
35.9525284559045,0.20673637315668703
35.9625284559045,0.21147641679681825
35.972528455904495,0.2163598955656421
35.9825284559045,0.22139150384491127
35.992528455904505,0.2265760466917823
36.0025284559045,0.2319184345144917
36.0125284559045,0.23742367632455907
36.02252845590451,0.243096871373276
36.03252845590451,0.2489431989600263
36.04252845590451,0.2549679061783186
36.05252845590451,0.2611762933423302
36.06252845590451,0.26757369681243703
36.07252845590452,0.2741654689128008
36.082528455904516,0.2809569546077953
36.092528455904514,0.28795346457719245
36.10252845590452,0.29516024430313637
36.112528455904524,0.30258243875561885
36.12252845590452,0.3102250522381141
36.13252845590452,0.3180929029322132
36.142528455904525,0.32619057166076576
36.15252845590453,0.3345223443746976
36.16252845590453,0.34309214786097875
36.172528455904526,0.35190347817028655
36.18252845590453,0.36095932127528396
36.19252845590454,0.37026206549702273
36.202528455904535,0.37981340528096647
36.21252845590453,0.38961423596922956
36.22252845590454,0.3996645393060457
36.23252845590454,0.4099632595337477
36.24252845590454,0.42050817009128955
36.25252845590454,0.43129573112150743
36.262528455904544,0.44232093823189034
36.27252845590455,0.4535771632412306
36.28252845590455,0.4650559879849961
36.292528455904545,0.47674703264848745
36.30252845590455,0.4886377805502356
36.312528455904555,0.5007134018077052
36.32252845590455,0.5129565788791476
36.33252845590455,0.5253473375816603
36.34252845590456,0.5378628878239565
36.35252845590456,0.5504774789452351
36.36252845590456,0.5631622751947443
36.37252845590456,0.5758852574894053
36.38252845590456,0.5886111581117004
36.39252845590457,0.6013014354125772
36.402528455904566,0.6139142958141106
36.412528455904564,0.6264047704098425
36.42252845590457,0.6387248531814911
36.432528455904574,0.65082370723542
36.44252845590457,0.662647944463706
36.45252845590457,0.674141982617892
36.462528455904575,0.6852484819317798
36.47252845590458,0.6959088611500804
36.48252845590458,0.7060638901490969
36.492528455904576,0.7156543533446669
36.50252845590458,0.7246217748782947
36.51252845590459,0.7329091932967903
36.522528455904585,0.7404619702664913
36.53252845590458,0.7472286149854632
36.54252845590459,0.7531616035811499
36.55252845590459,0.7582181711061121
36.56252845590459,0.7623610529465263
36.57252845590459,0.7655591526711794
36.582528455904594,0.7677881146488786
36.5925284559046,0.7690307821545489
36.6025284559046,0.7692775250963418
36.612528455904595,0.7685264257783013
36.6225284559046,0.7667833160471258
36.632528455904605,0.7640616644857008
36.6425284559046,0.760382317707132
36.6525284559046,0.7557731049613692
36.66252845590461,0.7502683199019952
36.67252845590461,0.7439080972261912
36.68252845590461,0.7367377048112346
36.69252845590461,0.7288067738150409
36.70252845590461,0.7201684899534148
36.71252845590462,0.7108787688549569
36.722528455904616,0.7009954371333491
36.732528455904614,0.6905774387635083
36.74252845590462,0.6796840836927982
36.752528455904624,0.6683743525654728
36.76252845590462,0.6567062681897543
36.77252845590462,0.6447363411175974
36.782528455904625,0.6325190935952305
36.79252845590463,0.6201066633024787
36.80252845590463,0.6075484858193381
36.812528455904626,0.5948910526924798
36.82252845590463,0.5821777403433844
36.83252845590464,0.5694487038578956
36.842528455904635,0.5567408288974546
36.85252845590463,0.5440877345333784
36.86252845590464,0.5315198196760936
36.87252845590464,0.5190643458960245
36.88252845590464,0.5067455497566172
36.89252845590464,0.4945847782503416
36.902528455904644,0.48260064149793064
36.91252845590465,0.4708091774985742
36.92252845590465,0.4592240243702528
36.932528455904645,0.44785659616761814
36.94252845590465,0.43671625898886657
36.952528455904655,0.42581050466799075
36.96252845590465,0.4151451198848695
36.97252845590465,0.40472434900715937
36.98252845590466,0.3945510494024208
36.99252845590466,0.3846268383266354
37.00252845590466,0.3749522308085364
37.01252845590466,0.3655267682114688
37.02252845590466,0.3563491373700416
37.03252845590467,0.34741728037241487
37.042528455904666,0.33872849519574455
37.052528455904664,0.33027952750692957
37.06252845590467,0.32206665401790435
37.072528455904674,0.3140857578386236
37.08252845590467,0.30633239630561604
37.09252845590467,0.2988018617830258
37.102528455904675,0.29148923593940673
37.11252845590468,0.28438943799986094
37.12252845590468,0.27749726746179826
37.132528455904676,0.27080744174555493
37.14252845590468,0.2643146292298627
37.15252845590469,0.2580134780980567
37.162528455904685,0.25189864139509205
37.17252845590468,0.2459647986687716
37.18252845590469,0.2402066745416541
37.19252845590469,0.23461905453347984
37.20252845590469,0.22919679842805074
37.21252845590469,0.22393485145364242
37.222528455904694,0.2188282535223253
37.2325284559047,0.21387214675117866
37.2425284559047,0.2090617814674372
37.252528455904695,0.20439252088012705
37.2625284559047,0.19985984458267936
37.272528455904705,0.19545935103432435
37.2825284559047,0.19118675915278585
37.2925284559047,0.187037909136836
37.30252845590471,0.18300876262452548
37.31252845590471,0.17909540228129497
37.32252845590471,0.1752940309016818
37.33252845590471,0.1716009700988692
37.34252845590471,0.16801265864776752
37.35252845590472,0.1645256505395917
37.362528455904716,0.16113661279898786
37.372528455904714,0.1578423231085812
37.38252845590472,0.15463966728026973
37.392528455904724,0.15152563660761217
37.40252845590472,0.1484973251292442
37.41252845590472,0.1455519268293412
37.422528455904725,0.1426867327976474
37.43252845590473,0.1398991283684725
37.44252845590473,0.13718659025530996
37.45252845590473,0.13454668369531522
37.46252845590473,0.13197705961573475
37.47252845590474,0.12947545183246792
37.482528455904735,0.12703967428928054
37.49252845590473,0.12466761834474004
37.50252845590474,0.12235725011265919
37.51252845590474,0.12010660786070006
37.52252845590474,0.1179137994708118
37.53252845590474,0.11577699996433902
37.542528455904744,0.11369444909389483
37.55252845590475,0.11166444900344275
37.56252845590475,0.10968536195747867
37.572528455904745,0.1077556081397454
37.58252845590475,0.10587366352150303
37.592528455904755,0.10403805779902506
37.60252845590475,0.10224737239969825
37.61252845590475,0.1005002385558718
37.62252845590476,0.09879533544539562
37.63252845590476,0.0971313883976115
37.64252845590476,0.09550716716342326
37.65252845590476,0.09392148424797593
37.66252845590476,0.09237319330438522
37.67252845590477,0.09086118758688765
37.682528455904766,0.0893843984617335
37.692528455904764,0.08794179397412524
37.70252845590477,0.08653237746948311
37.712528455904774,0.08515518626730709
37.72252845590477,0.08380929038590607
37.73252845590477,0.08249379131628709
37.742528455904775,0.081207820843513
37.75252845590478,0.07995053991385495
37.76252845590478,0.07872113754609451
37.77252845590478,0.07751882978537147
37.78252845590478,0.07634285869800746
37.79252845590479,0.07519249140576817
37.802528455904785,0.07406701915806685
37.81252845590478,0.07296575644066035
37.82252845590479,0.07188804011943219
37.83252845590479,0.07083322861789194
37.84252845590479,0.06980070112706674
37.85252845590479,0.06878985684650829
37.862528455904794,0.0678001142551835
37.8725284559048,0.0668309104110526
37.8825284559048,0.06588170027818263
37.892528455904795,0.06495195608029056
37.9025284559048,0.06404116667965215
37.912528455904805,0.06314883698034578
37.9225284559048,0.062274487354841646
37.9325284559048,0.061417653092988515
37.94252845590481,0.060577883872488296
37.95252845590481,0.05975474324997846
37.96252845590481,0.05894780817187867
37.97252845590481,0.058156668504195395
37.98252845590481,0.05738092658051193
37.99252845590482,0.05662019676741677
38.002528455904816,0.05587410504665518
38.012528455904814,0.0551422886133217
38.02252845590482,0.05442439548944006
38.032528455904824,0.05372008415229907
38.04252845590482,0.05302902317694031
38.05252845590482,0.052350890892221974
38.062528455904825,0.05168537504990782
38.07252845590483,0.05103217250624866
38.08252845590483,0.050390988915547066
38.09252845590483,0.04976153843522078
38.10252845590483,0.04914354344190045
38.11252845590484,0.04853673425811374
38.122528455904835,0.04794084888912645
38.13252845590483,0.04735563276953335
38.14252845590484,0.046780838519207994
38.15252845590484,0.046216225708234346
38.16252845590484,0.045661560630459036
38.17252845590484,0.04511661608532138
38.182528455904844,0.04458117116763282
38.19252845590485,0.04405501106498806
38.20252845590485,0.0435379268625039
38.212528455904845,0.04302971535459712
38.22252845590485,0.04253017886352552
38.232528455904855,0.042039125064424206
38.24252845590485,0.04155636681658082
38.25252845590485,0.041081722000707206
38.26252845590486,0.04061501336197472
38.27252845590486,0.04015606835858755
38.28252845590486,0.039704719015677785
38.29252845590486,0.03926080178431788
38.30252845590486,0.03882415740545425
38.31252845590487,0.038394630778571616
38.322528455904866,0.03797207083490526
38.332528455904864,0.037556330415028996
38.34252845590487,0.037147266150653044
38.352528455904874,0.036744738350470804
38.36252845590487,0.03634861088990017
38.37252845590487,0.03595875110457338
38.382528455904875,0.035575029687435825
38.39252845590488,0.03519732058931698
38.40252845590488,0.03482550092284298
38.41252845590488,0.03445945086956712
38.42252845590488,0.034099053590200164
38.43252845590489,0.03374419513782449
38.442528455904885,0.033394764373980916
38.45252845590488,0.03305065288752404
38.46252845590489,0.03271175491614509
38.47252845590489,0.03237796727046441
38.48252845590489,0.03204918926059862
38.49252845590489,0.03172532262511423
38.502528455904894,0.03140627146228178
38.5125284559049,0.031091942163547194
38.5225284559049,0.03078224334913943
38.532528455904895,0.03047708580573938
38.5425284559049,0.030176382426136905
38.552528455904906,0.029880048150804875
38.5625284559049,0.029587999911321158
38.5725284559049,0.0293001565755746
38.58252845590491,0.02901643889469261
38.59252845590491,0.02873676945162964
38.60252845590491,0.028461072611357326
38.61252845590491,0.02818927447260181
38.62252845590491,0.02792130282107492
38.63252845590492,0.027657087084147113
38.642528455904916,0.02739655828691156
38.652528455904914,0.02713964900959257
38.66252845590492,0.02688629334625291
38.672528455904924,0.026636426864755175
38.68252845590492,0.02638998656793372
38.69252845590492,0.026146910855937167
38.702528455904925,0.02590713948970235
38.71252845590493,0.025670613555521252
38.72252845590493,0.02543727543066344
38.73252845590493,0.02520706875001966
38.74252845590493,0.024979938373733
38.75252845590494,0.024755830355784478
38.762528455904935,0.024534691913500686
38.77252845590493,0.024316471397953954
38.78252845590494,0.024101118265226193
38.79252845590494,0.02388858304850768
38.80252845590494,0.023678817331002876
38.81252845590494,0.023471773719617846
38.822528455904944,0.023267405819404303
38.83252845590495,0.023065668208735585
38.84252845590495,0.022866516415190205
38.852528455904945,0.022669906892121103
38.86252845590495,0.022475796995889107
38.872528455904956,0.022284144963739014
38.88252845590495,0.022094909892297288
38.89252845590495,0.021908051716672424
38.90252845590496,0.021723531190139363
38.91252845590496,0.021541309864389187
38.92252845590496,0.02136135007032594
38.93252845590496,0.021183614899393917
38.94252845590496,0.021008068185419608
38.95252845590497,0.020834674486951674
38.962528455904966,0.020663399070083296
38.972528455904964,0.020494207891742364
38.98252845590497,0.02032706758343585
38.992528455904974,0.020161945435433797
39.00252845590497,0.01999880938137928
39.01252845590497,0.019837627983311696
39.022528455904975,0.019678370417091553
39.03252845590498,0.01952100645821393
39.04252845590498,0.019365506467998814
39.05252845590498,0.01921184138014714
39.06252845590498,0.01905998268765237
39.07252845590499,0.01890990243005634
39.082528455904985,0.018761573181038944
39.09252845590498,0.018614968036332075
39.10252845590499,0.01847006060194881
39.11252845590499,0.01832682498271807
39.12252845590499,0.018185235771115475
39.13252845590499,0.018045268036382133
39.142528455904994,0.01790689731392347
39.152528455905,0.017770099594979397
39.162528455905,0.017634851316557863
39.172528455904995,0.01750112935162437
39.182528455905,0.017368910999540636
39.192528455905006,0.01723817397674479
39.202528455905004,0.01710889640766596
39.212528455905,0.016981056815866844
39.22252845590501,0.016854634115408308
39.23252845590501,0.016729607602429215
39.24252845590501,0.016605956946935254
39.25252845590501,0.0164836621847911
39.26252845590501,0.01636270370991071
39.27252845590502,0.01624306226663974
39.282528455905016,0.016124718942324548
39.292528455905014,0.01600765516006284
39.30252845590502,0.015891852671631387
39.312528455905024,0.015777293550585457
39.32252845590502,0.015663960185525124
39.33252845590502,0.015551835273524005
39.342528455905025,0.015440901813716514
39.35252845590503,0.015331143101038818
39.36252845590503,0.015222542720119189
39.37252845590503,0.015115084539313912
39.38252845590503,0.015008752704885176
39.39252845590504,0.014903531635316864
39.402528455905035,0.014799406015764169
39.41252845590503,0.014696360792633853
39.42252845590504,0.014594381168291922
39.43252845590504,0.014493452595895063
39.44252845590504,0.014393560774342248
39.45252845590504,0.014294691643343682
39.462528455905044,0.014196831378604259
39.47252845590505,0.014099966387118242
39.48252845590505,0.014004083302572011
39.492528455905045,0.013909168980852309
39.50252845590505,0.013815210495657551
39.512528455905056,0.013722195134209253
39.522528455905054,0.013630110393060689
39.53252845590505,0.013538943974000609
39.54252845590506,0.013448683780049783
39.55252845590506,0.013359317911547791
39.56252845590506,0.013270834662327433
39.57252845590506,0.013183222515974848
39.58252845590506,0.013096470142173406
39.59252845590507,0.013010566393128985
39.602528455905066,0.012925500300074355
39.612528455905064,0.012841261069850925
39.62252845590507,0.012757838081566145
39.632528455905074,0.012675220883324472
39.64252845590507,0.012593399189029755
39.65252845590507,0.012512362875257588
39.662528455905075,0.012432101978196075
39.67252845590508,0.012352606690653118
39.68252845590508,0.012273867359128322
39.69252845590508,0.012195874480948202
39.70252845590508,0.012118618701463364
39.71252845590509,0.01204209081130588
39.722528455905085,0.011966281743705223
39.73252845590508,0.011891182571861536
39.74252845590509,0.011816784506375057
39.75252845590509,0.011743078892730163
39.76252845590509,0.011670057208832473
39.77252845590509,0.011597711062597937
39.782528455905094,0.011526032189592958
39.7925284559051,0.011455012450723997
39.8025284559051,0.011384643829975402
39.812528455905095,0.011314918432194402
39.8225284559051,0.011245828480922503
39.832528455905106,0.011177366316271812
39.842528455905104,0.011109524392845179
39.8525284559051,0.01104229527769924
39.86252845590511,0.010975671648349639
39.87252845590511,0.010909646290817122
39.88252845590511,0.010844212097713489
39.89252845590511,0.010779362066366583
39.90252845590511,0.010715089296983674
39.91252845590512,0.010651386990852088
39.922528455905116,0.010588248448576091
39.932528455905114,0.01052566706834934
39.94252845590512,0.010463636344262365
39.952528455905124,0.010402149864643944
39.96252845590512,0.010341201310435559
39.97252845590512,0.010280784453598289
39.982528455905125,0.01022089315555162
39.99252845590513,0.010161521365643236
40.00252845590513,0.01010266311964895
40.01252845590513,0.010044312538302255
40.02252845590513,0.009986463825853043
40.03252845590514,0.009929111268654579
40.042528455905135,0.00987224923377804
40.05252845590513,0.009815872167654095
40.06252845590514,0.009759974594741152
40.07252845590514,0.009704551116219443
40.08252845590514,0.0096495964087103
40.09252845590514,0.00959510522302016
40.102528455905144,0.009541072382908976
40.11252845590515,0.009487492783882282
40.12252845590515,0.009434361392006282
40.132528455905145,0.00938167324274559
40.14252845590515,0.009329423439823332
40.152528455905156,0.009277607154102897
40.162528455905154,0.009226219622490789
40.17252845590515,0.009175256146860216
40.18252845590516,0.0091247120929952
40.19252845590516,0.00907458288955452
40.20252845590516,0.009024864027054987
40.21252845590516,0.008975551056873777
