29.422528455903475,0.011633500411069655
29.432528455903476,0.011713702910582196
29.442528455903478,0.011794736163613304
29.45252845590348,0.01187661166237221
29.46252845590348,0.011959341098109831
29.472528455903483,0.01204293636526212
29.482528455903484,0.01212740956569424
29.492528455903486,0.012212773013048297
29.502528455903487,0.012299039237197548
29.51252845590349,0.012386220988810112
29.52252845590349,0.0124743312440252
29.532528455903492,0.012563383209245053
29.542528455903494,0.01265339032604594
29.552528455903495,0.012744366276211472
29.562528455903497,0.012836324986891832
29.572528455903498,0.012929280635892455
29.5825284559035,0.013023247657095942
29.5925284559035,0.013118240746020972
29.602528455903503,0.013214274865522227
29.612528455903504,0.013311365251635418
29.622528455903506,0.013409527419571625
29.632528455903508,0.013508777169865314
29.64252845590351,0.013609130594680576
29.65252845590351,0.013710604084280195
29.662528455903512,0.013813214333662388
29.672528455903514,0.013916978349370208
29.682528455903515,0.014021913456478713
29.692528455903517,0.014128037305765225
29.70252845590352,0.01423536788106818
29.71252845590352,0.014343923506840264
29.72252845590352,0.014453722855901633
29.732528455903523,0.014564784957399376
29.742528455903525,0.014677129204979435
29.752528455903526,0.01479077536517751
29.762528455903528,0.01490574358603561
29.77252845590353,0.015022054405951293
29.78252845590353,0.015139728762766671
29.792528455903533,0.015258788003104703
29.802528455903534,0.015379253891960423
29.812528455903536,0.015501148622555107
29.822528455903537,0.015624494826461612
29.83252845590354,0.015749315584009393
29.84252845590354,0.01587563443497811
29.852528455903542,0.016003475389588937
29.862528455903544,0.01613286293980306
29.872528455903545,0.01626382207093718
29.882528455903547,0.01639637827360627
29.89252845590355,0.016530557556004015
29.90252845590355,0.016666386456531967
29.91252845590355,0.016803892056788717
29.922528455903553,0.016943101994930796
29.932528455903554,0.0170840444794175
29.942528455903556,0.0172267483031523
29.952528455903558,0.01737124285803386
29.96252845590356,0.017517558149930276
29.97252845590356,0.017665724814090667
29.982528455903562,0.017815774131008627
29.992528455903564,0.017967738042752802
30.002528455903565,0.018121649169780277
30.012528455903567,0.018277540828249124
30.02252845590357,0.018435447047847036
30.03252845590357,0.01859540259015371
30.04252845590357,0.018757442967555216
30.052528455903573,0.01892160446272935
30.062528455903575,0.019087924148721652
30.072528455903576,0.019256439909632724
30.082528455903578,0.01942719046193791
30.09252845590358,0.019600215376461647
30.10252845590358,0.01977555510102943
30.112528455903583,0.019953250983821263
30.122528455903584,0.02013334529745147
30.132528455903586,0.020315881263800725
30.142528455903587,0.020500903079627195
30.15252845590359,0.02068845594298473
30.16252845590359,0.020878586080477175
30.172528455903592,0.021071340775379165
30.182528455903594,0.02126676839665485
30.192528455903595,0.02146491842890729
30.202528455903597,0.021665841503292857
30.2125284559036,0.021869589429435992
30.2225284559036,0.022076215228381466
30.2325284559036,0.02228577316662275
30.242528455903603,0.022498318791246592
30.252528455903605,0.02271390896623577
30.262528455903606,0.02293260190997359
30.272528455903608,0.023154457233995767
30.28252845590361,0.023379535983037016
30.29252845590361,0.023607900676421798
30.302528455903612,0.02383961535085104
30.312528455903614,0.02407474560463843
30.322528455903615,0.024313358643452514
30.332528455903617,0.024555523327623396
30.34252845590362,0.024801310221074957
30.35252845590362,0.025050791641946693
30.36252845590362,0.02530404171497176
30.372528455903623,0.02556113642568102
30.382528455903625,0.025822153676505727
30.392528455903626,0.026087173344854987
30.402528455903628,0.02635627734324756
30.41252845590363,0.026629549681580905
30.42252845590363,0.02690707653162439
30.432528455903633,0.02718894629382766
30.442528455903634,0.02747524966653891
30.452528455903636,0.027766079717732657
30.462528455903637,0.028061531959350888
30.47252845590364,0.028361704424366606
30.48252845590364,0.0286666977466835
30.492528455903642,0.02897661524399127
30.502528455903644,0.029291563003701494
30.512528455903645,0.029611649972094947
30.522528455903647,0.0299369880468175
30.53252845590365,0.030267692172868562
30.54252845590365,0.030603880442232504
30.55252845590365,0.030945674197311233
30.562528455903653,0.03129319813832371
30.572528455903655,0.031646580434846104
30.582528455903656,0.03200595284167514
30.592528455903658,0.03237145081920594
30.60252845590366,0.03274321365852569
30.61252845590366,0.03312138461143374
30.622528455903662,0.0335061110256101
30.632528455903664,0.03389754448516529
30.642528455903665,0.03429584095681599
30.652528455903667,0.03470116094194394
30.66252845590367,0.03511366963480859
30.67252845590367,0.03553353708719779
30.68252845590367,0.035960938379815795
30.692528455903673,0.03639605380072354
30.702528455903675,0.0368390690311624
30.712528455903676,0.037290175339110374
30.722528455903678,0.03774956978093816
30.73252845590368,0.038217455411552
30.74252845590368,0.03869404150343115
30.752528455903683,0.03917954377498981
30.762528455903684,0.03967418462871642
30.772528455903686,0.04017819339956849
30.782528455903687,0.04069180661412662
30.79252845590369,0.04121526826104002
30.80252845590369,0.04174883007332459
30.812528455903692,0.04229275182310641
30.822528455903694,0.0428473016294368
30.832528455903695,0.043412756279839974
30.842528455903697,0.04398940156629257
30.8525284559037,0.04457753263637359
30.8625284559037,0.04517745436036606
30.8725284559037,0.04578948171513701
30.882528455903703,0.04641394018566983
30.892528455903705,0.04705116618517483
30.902528455903706,0.0477015074947579
30.912528455903708,0.048365323723684954
30.92252845590371,0.04904298679134209
30.93252845590371,0.0497348814320568
30.942528455903712,0.05044140572401579
30.952528455903714,0.05116297164359013
30.962528455903715,0.05190000564645766
30.972528455903717,0.052652949276998755
30.98252845590372,0.053422259807531305
30.99252845590372,0.05420841090904933
31.00252845590372,0.05501189335523245
31.012528455903723,0.0558332157616048
31.022528455903725,0.05667290536184102
31.032528455903726,0.057531508823343375
31.042528455903728,0.05840959310435025
31.05252845590373,0.059307746354982
31.06252845590373,0.06022657886478525
31.072528455903733,0.06116672405950451
31.082528455903734,0.06212883954998819
31.092528455903736,0.06311360823632839
31.102528455903737,0.06412173947053945
31.11252845590374,0.06515397028130092
31.12252845590374,0.06621106666452824
31.132528455903742,0.06729382494378808
31.142528455903744,0.06840307320484952
31.152528455903745,0.06953967280895641
31.162528455903747,0.07070451998972113
31.17252845590375,0.07189854753888157
31.18252845590375,0.07312272658652798
31.19252845590375,0.07437806848180029
31.202528455903753,0.0756656267804817
31.212528455903755,0.07698649934636982
31.222528455903756,0.0783418305738008
31.232528455903758,0.07973281373923251
31.24252845590376,0.08116069349036535
31.25252845590376,0.08262676848189912
31.262528455903762,0.08413239416769021
31.272528455903764,0.08567898575979617
31.282528455903766,0.08726802136567277
31.292528455903767,0.08890104531563067
31.30252845590377,0.09057967169357016
31.31252845590377,0.09230558808499663
31.32252845590377,0.09408055955738481
31.332528455903773,0.0959064328891148
31.342528455903775,0.09778514106444991
31.352528455903776,0.09971870805338177
31.362528455903778,0.10170925389663221
31.37252845590378,0.10375900011769155
31.38252845590378,0.10587027548549632
31.392528455903783,0.10804552215321633
31.402528455903784,0.11028730220064996
31.412528455903786,0.11259830460992508
31.422528455903787,0.1149813527065889
31.43252845590379,0.11743941210076411
31.44252845590379,0.1199755991658579
31.452528455903792,0.12259319009536819
31.462528455903794,0.125295630581646
31.472528455903795,0.12808654616407394
31.482528455903797,0.13096975329803465
31.4925284559038,0.1339492712002842
31.5025284559038,0.13702933453096142
31.5125284559038,0.14021440697746257
31.522528455903803,0.14350919581084307
31.532528455903805,0.14691866749129706
31.542528455903806,0.1504480644056486
31.552528455903808,0.15410292282670685
31.56252845590381,0.15788909219182554
31.57252845590381,0.16181275580610652
31.582528455903812,0.1658804530844382
31.592528455903814,0.17009910345599977
31.602528455903816,0.17447603206503318
31.612528455903817,0.17901899741261576
31.62252845590382,0.1837362210958964
31.63252845590382,0.18863641981379964
31.642528455903822,0.19372883982157776
31.652528455903823,0.1990232940307931
31.662528455903825,0.20453020196632132
31.672528455903826,0.21026063280773788
31.682528455903828,0.2162263517588973
31.69252845590383,0.22243987000651835
31.70252845590383,0.22891449854596052
31.712528455903833,0.2356644061698628
31.722528455903834,0.24270468193256134
31.732528455903836,0.2500514024197384
31.742528455903837,0.2577217041679533
31.75252845590384,0.2657338615917499
31.76252845590384,0.2741073707858694
31.772528455903842,0.2828630395753494
31.782528455903844,0.29202308418522527
31.792528455903845,0.30161123289193786
31.802528455903847,0.31165283699758844
31.81252845590385,0.3221749894323064
31.82252845590385,0.3332066512347502
31.83252845590385,0.344778786080547
31.842528455903853,0.3569245029162996
31.852528455903855,0.36967920660394166
31.862528455903856,0.38308075627588684
31.872528455903858,0.3971696308322217
31.88252845590386,0.4119891006606185
31.89252845590386,0.4275854042074292
31.902528455903862,0.4440079274497571
31.912528455903864,0.4613093835829945
31.922528455903866,0.47954598930983094
31.932528455903867,0.498777632951133
31.94252845590387,0.5190680281440185
31.95252845590387,0.5404848450860537
31.962528455903872,0.5630998090547628
31.972528455903873,0.586988753195919
31.982528455903875,0.6122316092396745
31.992528455903877,0.6389123157694184
32.00252845590388,0.6671186188289203
32.012528455903876,0.6969417339059545
32.02252845590388,0.728475831587002
32.032528455903886,0.761817301381714
32.042528455903884,0.7970637393737791
32.05252845590388,0.8343125955705213
32.06252845590389,0.8736594063610746
32.07252845590389,0.9151955268483601
32.08252845590389,0.9590052678235381
32.09252845590389,1.0051623340936273
32.102528455903894,1.053725456654229
32.1125284559039,1.1047331134924152
32.1225284559039,1.1581972462076622
32.132528455903895,1.2140959067757784
32.1425284559039,1.2723648162809484
32.152528455903905,1.3328878916820366
32.1625284559039,1.3954869041563485
32.1725284559039,1.4599105787072029
32.182528455903906,1.5258236319893521
32.19252845590391,1.592796470458065
32.20252845590391,1.660296521598636
32.21252845590391,1.7276824219130114
32.22252845590391,1.7942024954996143
32.23252845590392,1.858999069075431
32.242528455903916,1.9211201134292815
32.252528455903914,1.9795394062325458
32.26252845590392,2.03318582243251
32.272528455903924,2.0809814632480648
32.28252845590392,2.121887187083014
32.29252845590392,2.154952842571752
32.302528455903925,2.1793683411836566
32.31252845590393,2.1945109048398086
32.32252845590393,2.199983625817092
32.332528455903926,2.195641030970306
32.34252845590393,2.181598641383508
32.352528455903936,2.158225372709825
32.362528455903934,2.1261196954730077
32.37252845590393,2.0860723732897792
32.38252845590394,2.0390199730692156
32.39252845590394,1.9859939857569116
32.40252845590394,1.9280702798137417
32.41252845590394,1.8663228660089957
32.422528455903944,1.801784817343363
32.43252845590395,1.7354179241107242
32.44252845590395,1.6680914944577065
32.452528455903945,1.6005697822124965
32.46252845590395,1.533506899284951
32.472528455903955,1.467447743219758
32.48252845590395,1.4028333905364172
32.49252845590395,1.3400095028455323
32.502528455903956,1.2792364947856858
32.51252845590396,1.220700461454169
32.52252845590396,1.1645241152535242
32.53252845590396,1.1107772110133485
32.54252845590396,1.0594861301919163
32.55252845590397,1.0106424458059806
32.562528455903966,0.9642104014351888
32.572528455903964,0.9201333153994692
32.58252845590397,0.8783389714584232
32.592528455903974,0.8387440865636901
32.60252845590397,0.8012579600423936
32.61252845590397,0.765785411846981
32.622528455903975,0.7322291138866971
32.63252845590398,0.7004914107307914
32.64252845590398,0.6704757161247054
32.652528455903976,0.6420875611407765
32.66252845590398,0.6152353592707264
32.672528455903986,0.5898309438877657
32.682528455903984,0.565789924547207
32.69252845590398,0.5430319006764571
32.70252845590399,0.5214805643421249
32.71252845590399,0.5010637179236105
32.72252845590399,0.48171322758355345
32.73252845590399,0.4633649293039726
32.742528455903994,0.4459585008470367
32.752528455904,0.4294373101993947
32.762528455904,0.41374824877531063
32.772528455903995,0.39884155580258296
32.782528455904,0.3846706388229275
32.792528455904005,0.3711918940422559
32.802528455904,0.35836452931284335
32.812528455904,0.34615039177385837
32.822528455904006,0.3345138015816237
32.83252845590401,0.3234213926954545
32.84252845590401,0.3128419613237529
32.85252845590401,0.302746322357417
32.86252845590401,0.29310717390653274
32.87252845590402,0.28389896989806257
32.882528455904016,0.2750978005758669
32.892528455904014,0.26668128066092966
32.90252845590402,0.2586284448718383
32.912528455904024,0.25091965046764936
32.92252845590402,0.24353648645279602
32.93252845590402,0.2364616890729734
32.942528455904025,0.2296790632290002
32.95252845590403,0.22317340944023734
32.96252845590403,0.21693045599852862
32.972528455904026,0.2109367959664022
32.98252845590403,0.2051798286882608
32.992528455904036,0.1996477054996693
33.002528455904034,0.1943292793370438
33.01252845590403,0.18921405796755725
33.02252845590404,0.1842921605764736
33.03252845590404,0.17955427746614488
33.04252845590404,0.17499163263743311
33.05252845590404,0.1705959490401989
33.062528455904044,0.16635941629459483
33.07252845590405,0.16227466069917273
33.08252845590405,0.15833471735528773
33.092528455904045,0.15453300424994557
33.10252845590405,0.1508632981510572
33.112528455904055,0.14731971218006454
33.12252845590405,0.14389667493716138
33.13252845590405,0.14058891106387691
33.142528455904056,0.1373914231366151
33.15252845590406,0.13429947479289567
33.16252845590406,0.13130857499960305
33.17252845590406,0.1284144633795475
33.18252845590406,0.12561309651908625
33.19252845590407,0.12290063518547759
33.202528455904066,0.12027343238812618
33.212528455904064,0.11772802222294239
33.22252845590407,0.11526110944369283
33.232528455904074,0.11286955970848928
33.24252845590407,0.11055039045351332
33.25252845590407,0.10830076234972566
33.262528455904075,0.10611797130165272
33.27252845590408,0.10399944095041667
33.28252845590408,0.10194271564601338
33.292528455904076,0.09994545385647315
33.30252845590408,0.09800542198394681
33.312528455904086,0.09612048855996716
33.322528455904084,0.09428861879418529
33.33252845590408,0.09250786945277642
33.34252845590409,0.09077638404444933
33.35252845590409,0.08909238829358679
33.36252845590409,0.08745418588152376
33.37252845590409,0.08586015443834837
33.382528455904094,0.08430874176886766
33.3925284559041,0.08279846229753629
33.4025284559041,0.08132789371822326
33.412528455904095,0.07989567383569267
33.4225284559041,0.07850049758659416
33.432528455904105,0.07714111422859961
33.4425284559041,0.07581632468710797
33.4525284559041,0.07452497904967864
33.462528455904106,0.0732659741990234
33.47252845590411,0.07203825157600549
33.48252845590411,0.0708407950646724
33.49252845590411,0.06967262899189194
33.50252845590411,0.06853281623465782
33.51252845590412,0.06742045642858482
33.522528455904116,0.06633468427154243
33.532528455904114,0.06527466791677941
33.54252845590412,0.06423960745026022
33.552528455904124,0.06322873344727131
33.56252845590412,0.062241305603673594
33.57252845590412,0.06127661143748104
33.582528455904125,0.060333965056719896
33.59252845590413,0.059412705989773815
33.60252845590413,0.058512198074660474
33.612528455904126,0.057631828403912705
33.62252845590413,0.05677100632194413
33.632528455904136,0.055929162471968184
33.642528455904134,0.05510574788971906
33.65252845590413,0.05430023314139781
33.66252845590414,0.05351210750342194
33.67252845590414,0.052740878181699834
33.68252845590414,0.05198606956828847
33.69252845590414,0.051247222533424855
33.702528455904144,0.05052389375104178
33.71252845590415,0.049815655055985134
33.72252845590415,0.04912209283125569
33.732528455904145,0.04844280742370014
33.74252845590415,0.047777412586667345
33.752528455904155,0.04712553494822784
33.76252845590415,0.04648681350363563
33.77252845590415,0.045860899130789806
33.782528455904156,0.04524745412752492
33.79252845590416,0.04464615176962067
33.80252845590416,0.044056675888484574
33.81252845590416,0.043478720467523345
33.82252845590416,0.0429119892562723
33.83252845590417,0.04235619540140155
33.842528455904166,0.04181106109376506
33.852528455904164,0.04127631723070845
33.86252845590417,0.04075170309289313
33.872528455904174,0.04023696603493177
33.88252845590417,0.03973186118916832
33.89252845590417,0.039236151181973884
33.902528455904175,0.0387496058619636
33.91252845590418,0.03827200203956793
33.92252845590418,0.03780312323742186
33.932528455904176,0.037342759451066375
33.94252845590418,0.03689070691948261
33.952528455904186,0.03644676790500135
33.962528455904184,0.0360107504821544
33.97252845590418,0.035582468335058674
33.98252845590419,0.03516174056294517
33.99252845590419,0.03474839149346159
34.00252845590419,0.034342250503396725
34.01252845590419,0.033943151846494525
34.022528455904194,0.03355093448804199
34.0325284559042,0.03316544194592912
34.0425284559042,0.03278652213789327
34.052528455904195,0.03241402723467751
34.0625284559042,0.032047813518844885
34.072528455904205,0.03168774124900156
34.0825284559042,0.03133367452919358
34.0925284559042,0.030985481183255236
34.102528455904206,0.030643032633898053
34.11252845590421,0.030306203786336815
34.12252845590421,0.02997487291625962
34.13252845590421,0.029648921561959085
34.14252845590421,0.02932823442045115
34.15252845590422,0.029012699247413627
34.162528455904216,0.028702206760784763
34.172528455904214,0.02839665054787138
34.18252845590422,0.028095926975822708
34.192528455904224,0.027799935105331165
34.20252845590422,0.027508576607427622
34.21252845590422,0.02722175568324641
34.222528455904225,0.026939378986640887
34.23252845590423,0.02666135554953419
34.24252845590423,0.026387596709894892
34.252528455904226,0.026118016042233863
34.26252845590423,0.025852529290523233
34.27252845590424,0.025591054303441052
34.282528455904234,0.025333510971849726
34.29252845590423,0.02507982116842154
34.30252845590424,0.024829908689328693
34.31252845590424,0.024583699197916944
34.32252845590424,0.02434112017028592
34.33252845590424,0.024102100842703682
34.342528455904244,0.023866572160786
34.35252845590425,0.023634466730372793
34.36252845590425,0.02340571877003676
34.372528455904245,0.023180264065163346
34.38252845590425,0.022958039923544032
34.392528455904255,0.022738985132425414
34.40252845590425,0.02252303991695971
34.41252845590425,0.022310145900005334
34.422528455904256,0.022100246063228367
34.43252845590426,0.02189328470945684
34.44252845590426,0.021689207426241187
34.45252845590426,0.021487961050577934
34.46252845590426,0.021289493634754932
34.47252845590427,0.021093754413277162
34.482528455904266,0.0209006937708339
34.492528455904264,0.02071026321127047
34.50252845590427,0.020522415327529516
34.512528455904274,0.020337103772526864
34.52252845590427,0.02015428323092846
34.53252845590427,0.019973909391797395
34.542528455904275,0.019795938922080997
34.55252845590428,0.01962032944090827
34.56252845590428,0.019447039494669086
34.572528455904276,0.019276028532848648
34.58252845590428,0.01910725688459179
34.59252845590429,0.018940685735971536
34.602528455904284,0.018776277107937504
34.61252845590428,0.018613993834921565
34.62252845590429,0.018453799544078928
34.63252845590429,0.01829565863514287
34.64252845590429,0.018139536260871995
34.65252845590429,0.017985398308070742
34.662528455904294,0.0178332113791645
34.6725284559043,0.01768294277431047
34.6825284559043,0.017534560474026267
34.692528455904295,0.017388033122319527
34.7025284559043,0.01724333001030269
34.712528455904305,0.01710042106027659
34.7225284559043,0.016959276810267286
34.7325284559043,0.016819868399001913
34.742528455904306,0.01668216755130968
34.75252845590431,0.016546146563934112
34.76252845590431,0.016411778291742906
34.77252845590431,0.016279036134323126
34.78252845590431,0.016147894022950002
34.79252845590432,0.01601832640791697
34.802528455904316,0.015890308246215363
34.812528455904314,0.01576381498955306
34.82252845590432,0.01563882257270195
34.832528455904324,0.015515307402163482
34.84252845590432,0.015393246345142294
34.85252845590432,0.015272616718818506
34.862528455904325,0.01515339627991004
34.87252845590433,0.015035563214515634
34.88252845590433,0.01491909612822962
34.892528455904326,0.014803974036520607
34.90252845590433,0.01469017635536636
34.91252845590434,0.014577682892136764
34.922528455904335,0.014466473836717154
34.93252845590433,0.0143565297528651
34.94252845590434,0.014247831569793982
34.95252845590434,0.014140360573976284
34.96252845590434,0.014034098401159793
34.97252845590434,0.013929027028590718
34.982528455904344,0.013825128767437946
34.99252845590435,0.013722386255412201
35.00252845590435,0.013620782449574178
35.012528455904345,0.013520300619326334
35.02252845590435,0.013420924339583435
35.032528455904355,0.013322637484116245
35.04252845590435,0.013225424219063253
35.05252845590435,0.013129268996605718
35.062528455904356,0.013034156548801785
35.07252845590436,0.012940071881574765
35.08252845590436,0.012847000268850961
35.09252845590436,0.012754927246843082
35.10252845590436,0.012663838608475388
35.11252845590437,0.012573720397946313
35.122528455904366,0.012484558905424459
35.132528455904364,0.012396340661874488
35.14252845590437,0.012309052434009583
35.152528455904374,0.012222681219366647
35.16252845590437,0.012137214241500669
35.17252845590437,0.012052638945295163
35.182528455904375,0.011968942992385776
35.19252845590438,0.011886114256693723
35.20252845590438,0.011804140820065772
35.212528455904376,0.011723010968018165
35.22252845590438,0.011642713185581894
35.23252845590439,0.011563236153246307
35.242528455904385,0.011484568742998245
35.25252845590438,0.011406700014454305
35.26252845590439,0.011329619211084028
35.27252845590439,0.011253315756521297
35.28252845590439,0.01117777925096143
35.29252845590439,0.011102999467641912
35.302528455904394,0.011028966349404767
35.3125284559044,0.010955670005338184
35.3225284559044,0.010883100707495158
35.332528455904395,0.010811248887687277
35.3425284559044,0.010740105134352007
35.352528455904405,0.010669660189491224
35.3625284559044,0.010599904945679054
35.3725284559044,0.0105308304431374
35.382528455904406,0.010462427866877592
35.39252845590441,0.010394688543906298
35.40252845590441,0.010327603940493837
35.41252845590441,0.010261165659503519
35.42252845590441,0.01019536543778062
35.43252845590442,0.010130195143599335
35.442528455904416,0.010065646774166003
35.452528455904414,0.01000171245317744
35.46252845590442,0.009938384428433119
35.472528455904424,0.00987565506949972
35.48252845590442,0.009813516865426503
35.49252845590442,0.009751962422510491
35.502528455904425,0.00969098446211036
35.51252845590443,0.009630575818507648
35.52252845590443,0.00957072943681398
35.532528455904426,0.009511438370923341
35.54252845590443,0.009452695781508428
35.55252845590444,0.009394494934059897
35.562528455904435,0.00933682919696724
35.57252845590443,0.009279692039640488
35.58252845590444,0.009223077030671866
35.59252845590444,0.009166977836036342
35.60252845590444,0.009111388217329923
35.61252845590444,0.00905630203004495
35.622528455904444,0.009001713221881714
35.63252845590445,0.008947615831095313
35.64252845590445,0.008894003984876785
35.652528455904445,0.008840871897767878
35.66252845590445,0.008788213870108764
35.672528455904455,0.008736024286517825
35.68252845590445,0.00868429761440256
35.69252845590445,0.008633028402501063
35.70252845590446,0.008582211279453507
35.71252845590446,0.008531840952402758
35.72252845590446,0.008481912205623337
35.73252845590446,0.00843241989917818
35.74252845590446,0.00838335896760274
35.75252845590447,0.00833472441861561
35.762528455904466,0.008286511331854946
35.772528455904464,0.008238714857640272
35.78252845590447,0.008191330215759124
35.792528455904474,0.008144352694277962
35.80252845590447,0.00809777764837655
35.81252845590447,0.008051600499205483
35.822528455904475,0.00800581673276642
35.83252845590448,0.007960421898814423
35.84252845590448,0.007915411609781748
35.852528455904476,0.007870781539722736
35.86252845590448,0.00782652742327949
35.87252845590449,0.007782645054667685
35.882528455904485,0.007739130286682046
35.89252845590448,0.007695979029721062
35.90252845590449,0.007653187250830703
35.91252845590449,0.0076107509727666115
35.92252845590449,0.007568666273074187
35.93252845590449,0.007526929283186333
35.942528455904494,0.007485536187538597
35.9525284559045,0.007444483222701183
35.9625284559045,0.007403766676527374
35.972528455904495,0.007363382887318121
35.9825284559045,0.007323328243002557
35.992528455904505,0.007283599180333992
36.0025284559045,0.0072441921841009185
36.0125284559045,0.007205103786352862
36.02252845590451,0.007166330565640799
36.03252845590451,0.007127869146271815
36.04252845590451,0.007089716197577505
36.05252845590451,0.007051868433195972
36.06252845590451,0.0070143226103672705
36.07252845590452,0.006977075529241819
36.082528455904516,0.00694012403220152
36.092528455904514,0.006903465003193315
36.10252845590452,0.006867095367075089
36.112528455904524,0.00683101208897354
36.12252845590452,0.006795212173653659
36.13252845590452,0.006759692664899677
36.142528455904525,0.006724450644907377
36.15252845590453,0.006689483233687372
36.16252845590453,0.006654787588479089
36.172528455904526,0.006620360903175297
36.18252845590453,0.0065862004077570716
36.19252845590454,0.0065523033677388955
36.202528455904535,0.006518667083623573
36.21252845590453,0.006485288890366869
36.22252845590454,0.006452166156851757
36.23252845590454,0.0064192962853720165
36.24252845590454,0.006386676711124845
36.25252845590454,0.00635430490171245
36.262528455904544,0.006322178356652511
36.27252845590455,0.006290294606897211
36.28252845590455,0.00625865121436065
36.292528455904545,0.006227245771454481
36.30252845590455,0.006196075900631742
36.312528455904555,0.006165139253938631
36.32252845590455,0.006134433512573964
36.33252845590455,0.006103956386456249
36.34252845590456,0.006073705613798334
36.35252845590456,0.0060436789606893755
36.36252845590456,0.006013874220683897
36.37252845590456,0.005984289214397897
36.38252845590456,0.00595492178911195
36.39252845590457,0.0059257698183810695
36.402528455904566,0.00589683120165113
36.412528455904564,0.005868103863881797
36.42252845590457,0.005839585755175925
36.432528455904574,0.005811274850415218
36.44252845590457,0.0057831691489019475
36.45252845590457,0.0057552666740066875
36.462528455904575,0.005727565472822054
36.47252845590458,0.005700063615822218
36.48252845590458,0.005672759196528033
36.492528455904576,0.005645650331177748
36.50252845590458,0.005618735158403247
36.51252845590459,0.005592011838911677
36.522528455904585,0.00556547855517225
36.53252845590458,0.005539133511108213
36.54252845590459,0.005512974931793975
36.55252845590459,0.00548700106315719
36.56252845590459,0.005461210171685657
36.57252845590459,0.005435600544139009
36.582528455904594,0.005410170487265173
36.5925284559046,0.00538491832752145
36.6025284559046,0.005359842410800039
36.612528455904595,0.005334941102158019
36.6225284559046,0.0053102127855517494
36.632528455904605,0.0052856558635755654
36.6425284559046,0.0052612687572046015
36.6525284559046,0.005237049905541734
36.66252845590461,0.005212997765568663
36.67252845590461,0.005189110811900944
36.68252845590461,0.005165387536546878
36.69252845590461,0.005141826448670226
36.70252845590461,0.005118426074356758
36.71252845590462,0.005095184956384492
36.722528455904616,0.005072101653997505
36.732528455904614,0.005049174742683298
36.74252845590462,0.005026402813953739
36.752528455904624,0.005003784475129431
36.76252845590462,0.0049813183491274
36.77252845590462,0.004959003074252088
36.782528455904625,0.00493683730398969
36.79252845590463,0.004914819706805653
36.80252845590463,0.004892948965945294
36.812528455904626,0.004871223779237476
36.82252845590463,0.004849642858901385
36.83252845590464,0.0048282049313563
36.842528455904635,0.00480690873703421
36.85252845590463,0.004785753030195307
36.86252845590464,0.004764736578746388
36.87252845590464,0.004743858164062
36.88252845590464,0.00472311658080827
36.89252845590464,0.004702510636769424
36.902528455904644,0.004682039152676972
36.91252845590465,0.004661700962041508
36.92252845590465,0.0046414949109869754
36.932528455904645,0.004621419858087449
36.94252845590465,0.004601474674206408
36.952528455904655,0.004581658242338448
36.96252845590465,0.004561969457453293
36.97252845590465,0.004542407226342145
36.98252845590466,0.004522970467466387
36.99252845590466,0.004503658110808526
37.00252845590466,0.0044844690977253136
37.01252845590466,0.004465402380803033
37.02252845590466,0.004446456923714978
37.03252845590467,0.004427631701081059
37.042528455904666,0.004408925698329393
37.052528455904664,0.004390337911559951
37.06252845590467,0.004371867347410263
37.072528455904674,0.00435351302292306
37.08252845590467,0.004335273965415838
37.09252845590467,0.004317149212352292
37.102528455904675,0.004299137811215687
37.11252845590468,0.004281238819384073
37.12252845590468,0.0042634513040072436
37.132528455904676,0.004245774341885485
37.14252845590468,0.00422820701935012
37.15252845590469,0.004210748432145779
37.162528455904685,0.004193397685314307
37.17252845590468,0.004176153893080335
37.18252845590469,0.004159016178738552
37.19252845590469,0.00414198367454257
37.20252845590469,0.004125055521595335
37.21252845590469,0.004108230869741101
37.222528455904694,0.004091508877458973
37.2325284559047,0.004074888711757972
37.2425284559047,0.004058369548073531
37.252528455904695,0.004041950570165449
37.2625284559047,0.004025630970017339
37.272528455904705,0.004009409947737481
37.2825284559047,0.003993286711461019
37.2925284559047,0.003977260477253537
37.30252845590471,0.00396133046901602
37.31252845590471,0.003945495918391141
37.32252845590471,0.003929756064670817
37.33252845590471,0.003914110154705033
37.34252845590471,0.003898557442811987
37.35252845590472,0.0038830971906894792
37.362528455904716,0.0038677286673274706
37.372528455904714,0.003852451148921856
37.38252845590472,0.0038372639187894664
37.392528455904724,0.0038221662672842313
37.40252845590472,0.0038071574917144537
37.41252845590472,0.003792236896261218
37.422528455904725,0.0037774037918979412
37.43252845590473,0.0037626574963110417
37.44252845590473,0.0037479973338216226
37.45252845590473,0.0037334226353082306
37.46252845590473,0.0037189327381307036
37.47252845590474,0.00370452698605504
37.482528455904735,0.0036902047291792455
37.49252845590473,0.0036759653238601798
37.50252845590474,0.0036618081326414208
37.51252845590474,0.003647732524182109
37.52252845590474,0.003633737873186686
37.53252845590474,0.003619823560335594
37.542528455904744,0.0036059889722169173
37.55252845590475,0.003592233501258954
37.56252845590475,0.0035785565456636264
37.572528455904745,0.0035649575093407906
37.58252845590475,0.0035514358018434457
37.592528455904755,0.0035379908383038
37.60252845590475,0.0035246220393701394
37.61252845590475,0.0035113288311445375
37.62252845590476,0.003498110645121412
37.63252845590476,0.0034849669181268883
37.64252845590476,0.0034718970922589243
37.65252845590476,0.0034589006148282105
37.66252845590476,0.0034459769382998886
37.67252845590477,0.003433125520236015
37.682528455904766,0.0034203458232387484
37.692528455904764,0.0034076373148942615
37.70252845590477,0.003394999467717431
37.712528455904774,0.0033824317590972256
37.72252845590477,0.0033699336712427735
37.73252845590477,0.003357504691130125
37.742528455904775,0.003345144310449721
37.75252845590478,0.0033328520255545566
37.76252845590478,0.0033206273374089537
37.77252845590478,0.0033084697515380003
37.78252845590478,0.003296378777977668
37.79252845590479,0.003284353931225559
37.802528455904785,0.0032723947301922488
37.81252845590478,0.003260500698153251
37.82252845590479,0.003248671362701615
37.83252845590479,0.0032369062557011294
37.84252845590479,0.0032252049132400823
37.85252845590479,0.0032135668755855994
37.862528455904794,0.0032019916871385964
37.8725284559048,0.0031904788963892914
37.8825284559048,0.003179028055873246
37.892528455904795,0.003167638722127949
37.9025284559048,0.0031563104556499868
37.912528455904805,0.0031450428208527367
37.9225284559048,0.0031338353860245576
37.9325284559048,0.003122687723287506
37.94252845590481,0.003111599408556583
37.95252845590481,0.0031005700214995014
37.96252845590481,0.0030895991454969033
37.97252845590481,0.0030786863676030784
37.98252845590481,0.003067831278507196
37.99252845590482,0.0030570334724950078
38.002528455904816,0.0030462925474109928
38.012528455904814,0.003035608104620971
38.02252845590482,0.0030249797489751967
38.032528455904824,0.0030144070887719045
38.04252845590482,0.003003889735721274
38.05252845590482,0.002993427304909825
38.062528455904825,0.0029830194147652833
38.07252845590483,0.002972665687021864
38.08252845590483,0.002962365746685953
38.09252845590483,0.0029521192220021927
38.10252845590483,0.002941925744420024
38.11252845590484,0.002931784948560606
38.122528455904835,0.0029216964721841283
38.13252845590483,0.0029116599561575017
38.14252845590484,0.002901675044422464
38.15252845590484,0.0028917413839640764
38.16252845590484,0.0028818586247795607
38.17252845590484,0.0028720264198475037
38.182528455904844,0.0028622444250974706
38.19252845590485,0.0028525122993799637
38.20252845590485,0.0028428297044367137
38.212528455904845,0.0028331963048713327
38.22252845590485,0.0028236117681203253
38.232528455904855,0.002814075764424456
38.24252845590485,0.0028045879668004143
38.25252845590485,0.0027951480510128245
38.26252845590486,0.0027857556955466004
38.27252845590486,0.0027764105815796312
38.28252845590486,0.0027671123929557586
38.29252845590486,0.0027578608161580643
38.30252845590486,0.002748655540282507
38.31252845590487,0.0027394962570118503
38.322528455904866,0.002730382660589881
38.332528455904864,0.0027213144477959217
38.34252845590487,0.002712291317919662
38.352528455904874,0.002703312972736283
38.36252845590487,0.0026943791164818452
38.37252845590487,0.002685489455828954
38.382528455904875,0.00267664369986274
38.39252845590488,0.002667841560057105
38.40252845590488,0.002659082750251222
38.41252845590488,0.002650366986626302
38.42252845590488,0.00264169398768265
38.43252845590489,0.0026330634742169883
38.442528455904885,0.002624475169300005
38.45252845590488,0.0026159287982541646
38.46252845590489,0.0026074240886317926
38.47252845590489,0.002598960770193408
38.48252845590489,0.0025905385748862804
38.49252845590489,0.00258215723682322
38.502528455904894,0.0025738164922616477
38.5125284559049,0.0025655160795828797
38.5225284559049,0.0025572557392716413
38.532528455904895,0.002549035213895799
38.5425284559049,0.0025408542480863418
38.552528455904906,0.0025327125885176004
38.5625284559049,0.0025246099838876447
38.5725284559049,0.0025165461848989175
38.58252845590491,0.002508520944239097
38.59252845590491,0.002500534016562173
38.60252845590491,0.002492585158469716
38.61252845590491,0.0024846741284923466
38.62252845590491,0.0024768006870714387
38.63252845590492,0.0024689645965410207
38.642528455904916,0.0024611656211098567
38.652528455904914,0.002453403526843725
38.66252845590492,0.0024456780816479104
38.672528455904924,0.002437989055249894
38.68252845590492,0.002430336219182206
38.69252845590492,0.0024227193467654695
38.702528455904925,0.0024151382130916514
38.71252845590493,0.002407592595007492
38.72252845590493,0.002400082271098099
38.73252845590493,0.002392607021670718
38.74252845590493,0.0023851666287386985
38.75252845590494,0.002377760876005637
38.762528455904935,0.002370389548849669
38.77252845590493,0.002363052434307931
38.78252845590494,0.0023557493210612118
38.79252845590494,0.0023484799994187696
38.80252845590494,0.0023412442613032895
38.81252845590494,0.0023340419002360045
38.822528455904944,0.0023268727113219985
38.83252845590495,0.0023197364912356626
38.84252845590495,0.00231263303820629
38.852528455904945,0.0023055621520038233
38.86252845590495,0.002298523633924773
38.872528455904956,0.00229151728677829
38.88252845590495,0.002284542914872363
38.89252845590495,0.0022776003240001573
38.90252845590496,0.0022706893214265336
38.91252845590496,0.002263809715874693
38.92252845590496,0.00225696131751295
38.93252845590496,0.0022501439379416497
38.94252845590496,0.002243357390180235
38.95252845590497,0.0022366014886544537
38.962528455904966,0.0022298760491836793
38.972528455904964,0.0022231808889683667
38.98252845590497,0.002216515826577656
38.992528455904974,0.0022098806819371083
39.00252845590497,0.0022032752763165484
39.01252845590497,0.0021966994323180354
39.022528455904975,0.002190152973863977
39.03252845590498,0.0021836357261853707
39.04252845590498,0.0021771475158101398
39.05252845590498,0.002170688170551603
39.06252845590498,0.002164257519497067
39.07252845590499,0.0021578553929965513
39.082528455904985,0.002151481622651602
39.09252845590498,0.002145136041304222
39.10252845590499,0.0021388184830259368
39.11252845590499,0.0021325287831069706
39.12252845590499,0.0021262667780455147
39.13252845590499,0.0021200323055371043
39.142528455904994,0.002113825204464131
39.152528455905,0.002107645314885447
39.162528455905,0.002101492478026072
39.172528455904995,0.0020953665362669965
39.182528455905,0.0020892673331351103
39.192528455905006,0.0020831947132932322
39.202528455905004,0.0020771485225302222
39.212528455905,0.0020711286077511946
39.22252845590501,0.0020651348169678494
39.23252845590501,0.002059166999288897
39.24252845590501,0.002053225004910569
39.25252845590501,0.002047308685107214
39.26252845590501,0.00204141789222202
39.27252845590502,0.002035552479657811
39.282528455905016,0.0020297123018679377
39.292528455905014,0.0020238972143472493
39.30252845590502,0.0020181070736231704
39.312528455905024,0.002012341737246874
39.32252845590502,0.002006601063784523
39.33252845590502,0.0020008849128085944
39.342528455905025,0.001995193144889314
39.35252845590503,0.0019895256215861712
39.36252845590503,0.0019838822054395046
39.37252845590503,0.0019782627599621637
39.38252845590503,0.0019726671496312796
39.39252845590504,0.001967095239880111
39.402528455905035,0.001961546897089953
39.41252845590503,0.0019560219885821316
39.42252845590504,0.001950520382610085
39.43252845590504,0.0019450419483515306
39.44252845590504,0.001939586555900687
39.45252845590504,0.0019341540762605734
39.462528455905044,0.0019287443813354038
39.47252845590505,0.0019233573439230507
39.48252845590505,0.0019179928377075686
39.492528455905045,0.0019126507372517895
39.50252845590505,0.0019073309179900078
39.512528455905056,0.0019020332562207348
39.522528455905054,0.0018967576290995075
39.53252845590505,0.0018915039146317665
39.54252845590506,0.0018862719916658232
39.55252845590506,0.0018810617398858868
39.56252845590506,0.001875873039805149
39.57252845590506,0.0018707057727589346
39.58252845590506,0.0018655598208979305
39.59252845590507,0.0018604350671814819
39.602528455905066,0.0018553313953709385
39.612528455905064,0.0018502486900230618
39.62252845590507,0.001845186836483512
39.632528455905074,0.001840145720880397
39.64252845590507,0.0018351252301178685
39.65252845590507,0.0018301252518697756
39.662528455905075,0.0018251456745734015
39.67252845590508,0.0018201863874232505
39.68252845590508,0.001815247280364882
39.69252845590508,0.0018103282440888107
39.70252845590508,0.0018054291700244657
39.71252845590509,0.0018005499503342176
39.722528455905085,0.001795690477907441
39.73252845590508,0.001790850646354638
39.74252845590509,0.0017860303500016265
39.75252845590509,0.001781229483883786
39.76252845590509,0.0017764479437403424
39.77252845590509,0.0017716856260087065
39.782528455905094,0.0017669424278188796
39.7925284559051,0.0017622182469879113
39.8025284559051,0.0017575129820143938
39.812528455905095,0.0017528265320730118
39.8225284559051,0.0017481587970091502
39.832528455905106,0.001743509677333558
39.842528455905104,0.0017388790742170447
39.8525284559051,0.0017342668894852267
39.86252845590511,0.0017296730256133373
39.87252845590511,0.001725097385721082
39.88252845590511,0.0017205398735675303
39.89252845590511,0.0017160003935460526
39.90252845590511,0.0017114788506793193
39.91252845590512,0.0017069751506143434
39.922528455905116,0.0017024891996175575
39.932528455905114,0.0016980209045699348
39.94252845590512,0.0016935701729621688
39.952528455905124,0.0016891369128898964
39.96252845590512,0.0016847210330489509
39.97252845590512,0.0016803224427306596
39.982528455905125,0.0016759410518171981
39.99252845590513,0.001671576770776984
40.00252845590513,0.0016672295106601024
40.01252845590513,0.0016628991830937706
40.02252845590513,0.001658585700277859
40.03252845590514,0.0016542889749804506
40.042528455905135,0.0016500089205334291
40.05252845590513,0.001645745450828106
40.06252845590514,0.001641498480310903
40.07252845590514,0.0016372679239790658
40.08252845590514,0.001633053697376413
40.09252845590514,0.0016288557165891166
40.102528455905144,0.0016246738982415353
40.11252845590515,0.0016205081594920872
40.12252845590515,0.0016163584180291413
40.132528455905145,0.0016122245920669525
40.14252845590515,0.00160810660034164
40.152528455905156,0.0016040043621072051
40.162528455905154,0.0015999177971315682
40.17252845590515,0.0015958468256926464
40.18252845590516,0.0015917913685744751
40.19252845590516,0.00158775134706336
40.20252845590516,0.00158372668294406
40.21252845590516,0.0015797172984959992
