29.422528455903475,2.5639440598606886
29.432528455903476,2.5640312517448045
29.442528455903478,2.5641193214494087
29.45252845590348,2.5642082812567213
29.46252845590348,2.564298143667505
29.472528455903483,2.5643889214056914
29.482528455903484,2.564480627423116
29.492528455903486,2.5645732749043697
29.502528455903487,2.5646668772717627
29.51252845590349,2.5647614481904153
29.52252845590349,2.5648570015734657
29.532528455903492,2.5649535515874105
29.542528455903494,2.5650511126575686
29.552528455903495,2.565149699473686
29.562528455903497,2.5652493269956724
29.572528455903498,2.5653500104594826
29.5825284559035,2.565451765383141
29.5925284559035,2.5655546075729148
29.602528455903503,2.5656585531296443
29.612528455903504,2.5657636184552235
29.622528455903506,2.56586982025925
29.632528455903508,2.565977175565837
29.64252845590351,2.5660857017205965
29.65252845590351,2.5661954163977994
29.662528455903512,2.566306337607717
29.672528455903514,2.5664184837041457
29.682528455903515,2.5665318733921265
29.692528455903517,2.5666465257358584
29.70252845590352,2.566762460166816
29.71252845590352,2.566879696492073
29.72252845590352,2.5669982549028427
29.732528455903523,2.567118155983236
29.742528455903525,2.5672394207192486
29.752528455903526,2.5673620705079814
29.762528455903528,2.567486127167099
29.77252845590353,2.5676116129445368
29.78252845590353,2.5677385505284653
29.792528455903533,2.5678669630575124
29.802528455903534,2.5679968741312575
29.812528455903536,2.568128307821006
29.822528455903537,2.5682612886808474
29.83252845590354,2.5683958417590085
29.84252845590354,2.568531992609514
29.852528455903542,2.5686697673041565
29.862528455903544,2.5688091924447933
29.872528455903545,2.568950295175973
29.882528455903547,2.5690931031979063
29.89252845590355,2.569237644779792
29.90252845590355,2.5693839487735075
29.91252845590355,2.5695320446276724
29.922528455903553,2.5696819624021052
29.932528455903554,2.5698337327826777
29.942528455903556,2.569987387096581
29.952528455903558,2.5701429573280206
29.96252845590356,2.5703004761343515
29.97252845590356,2.5704599768626633
29.982528455903562,2.5706214935668377
29.992528455903564,2.5707850610250897
30.002528455903565,2.570950714758005
30.012528455903567,2.571118491047098
30.02252845590357,2.5712884269538994
30.03252845590357,2.571460560339595
30.04252845590357,2.5716349298852332
30.052528455903573,2.5718115751125232
30.062528455903575,2.5719905364052353
30.072528455903576,2.572171855031232
30.082528455903578,2.572355573165151
30.09252845590358,2.5725417339117524
30.10252845590358,2.5727303813299685
30.112528455903583,2.5729215604576656
30.122528455903584,2.573115317337149
30.132528455903586,2.573311699041441
30.142528455903587,2.5735107537013486
30.15252845590359,2.5737125305333586
30.16252845590359,2.573917079868383
30.172528455903592,2.574124453181385
30.182528455903594,2.5743347031219255
30.192528455903595,2.574547883545645
30.202528455903597,2.5747640495467357
30.2125284559036,2.574983257491424
30.2225284559036,2.575205565052509
30.2325284559036,2.5754310312449853
30.242528455903603,2.5756597164628054
30.252528455903605,2.5758916825168083
30.262528455903606,2.5761269926738657
30.272528455903608,2.5763657116972913
30.28252845590361,2.576607905888554
30.29252845590361,2.5768536431303537
30.302528455903612,2.577102992931102
30.312528455903614,2.5773560264708664
30.322528455903615,2.577612816648835
30.332528455903617,2.577873438132351
30.34252845590362,2.578137967407594
30.35252845590362,2.578406482831952
30.36252845590362,2.578679064688168
30.372528455903623,2.5789557952403186
30.382528455903625,2.5792367587917036
30.392528455903626,2.579522041744716
30.402528455903628,2.579811732662782
30.41252845590363,2.5801059223344387
30.42252845590363,2.5804047038396494
30.432528455903633,2.58070817261844
30.442528455903634,2.5810164265419506
30.452528455903636,2.581329565986005
30.462528455903637,2.5816476939072976
30.47252845590364,2.58197091592231
30.48252845590364,2.582299340389064
30.492528455903642,2.582633078491838
30.502528455903644,2.5829722443289653
30.512528455903645,2.583316955003847
30.522528455903647,2.5836673307193134
30.53252845590365,2.5840234948754803
30.54252845590365,2.5843855741712503
30.55252845590365,2.5847536987096085
30.562528455903653,2.5851280021068916
30.572528455903655,2.58550862160619
30.582528455903656,2.585895698195071
30.592528455903658,2.586289376727814
30.60252845590366,2.586689806052357
30.61252845590366,2.5870971391421604
30.622528455903662,2.587511533233216
30.632528455903664,2.587933149966428
30.642528455903665,2.588362155535614
30.652528455903667,2.5887987208413743
30.66252845590367,2.5892430216511086
30.67252845590367,2.58969523876546
30.68252845590367,2.590155558191479
30.692528455903673,2.5906241713228293
30.702528455903675,2.591101275127363
30.712528455903676,2.591587072342409
30.722528455903678,2.592081771678146
30.73252845590368,2.592585588029444
30.74252845590368,2.5930987426965815
30.752528455903683,2.5936214636152632
30.762528455903684,2.5941539855963986
30.772528455903686,2.594696550576106
30.782528455903687,2.5952494078764565
30.79252845590369,2.595812814477483
30.80252845590369,2.59638703530101
30.812528455903692,2.596972343506908
30.822528455903694,2.59756902080238
30.832528455903695,2.5981773577649596
30.842528455903697,2.5987976541798994
30.8525284559037,2.599430219392701
30.8625284559037,2.600075372677558
30.8725284559037,2.6007334436225444
30.882528455903703,2.601404772532411
30.892528455903705,2.6020897108499246
30.902528455903706,2.6027886215967206
30.912528455903708,2.603501879834712
30.92252845590371,2.6042298731491447
30.93252845590371,2.6049730021544706
30.942528455903712,2.6057316810242694
30.952528455903714,2.6065063380465254
30.962528455903715,2.607297416205654
30.972528455903717,2.6081053737927467
30.98252845590372,2.6089306850456007
30.99252845590372,2.609773840820197
31.00252845590372,2.61063534929539
31.012528455903723,2.6115157367126898
31.022528455903725,2.6124155481531246
31.032528455903726,2.6133353483533197
31.042528455903728,2.614275722563035
31.05252845590373,2.6152372774465764
31.06252845590373,2.6162206420306413
31.072528455903733,2.6172264687013134
31.082528455903734,2.6182554342531263
31.092528455903736,2.6193082409932855
31.102528455903737,2.6203856179043528
31.11252845590374,2.621488321868919
31.12252845590374,2.622617138960025
31.132528455903742,2.6237728858013445
31.142528455903744,2.6249564110014267
31.152528455903745,2.6261685966665658
31.162528455903747,2.6274103599972127
31.17252845590375,2.6286826549731614
31.18252845590375,2.629986474133112
31.19252845590375,2.631322850454614
31.202528455903753,2.632692859340814
31.212528455903755,2.6340976207208833
31.222528455903756,2.635538301271502
31.232528455903758,2.637016116767303
31.24252845590376,2.6385323345687555
31.25252845590376,2.6400882762565763
31.262528455903762,2.6416853204224426
31.272528455903764,2.6433249056264847
31.282528455903766,2.645008533532821
31.292528455903767,2.6467377722352454
31.30252845590377,2.6485142597860825
31.31252845590377,2.6503397079422055
31.32252845590377,2.652215906143296
31.332528455903773,2.6541447257385506
31.342528455903775,2.65612812447932
31.352528455903776,2.6581681512964876
31.362528455903778,2.6602669513828903
31.37252845590378,2.662426771602648
31.38252845590378,2.6646499662510124
31.392528455903783,2.6669390031901954
31.402528455903784,2.669296470388682
31.412528455903786,2.6717250828937162
31.422528455903787,2.6742276902690496
31.43252845590379,2.676807284532621
31.44252845590379,2.679467008631658
31.452528455903792,2.682210165495741
31.462528455903794,2.6850402277116885
31.472528455903795,2.6879608478677173
31.482528455903797,2.690975869618263
31.4925284559038,2.694089339525057
31.5025284559038,2.6973055197347042
31.5125284559038,2.7006289015579847
31.522528455903803,2.704064220021537
31.532528455903805,2.7076164694684772
31.542528455903806,2.711290920290888
31.552528455903808,2.71509313688402
31.56252845590381,2.719028996919558
31.57252845590381,2.7231047120433787
31.582528455903812,2.7273268501120005
31.592528455903814,2.7317023590913467
31.602528455903816,2.736238592751631
31.612528455903817,2.74094333830309
31.62252845590382,2.745824846129034
31.63252845590382,2.7508918617852114
31.642528455903822,2.756153660447874
31.652528455903823,2.761620084007117
31.662528455903825,2.767301581017094
31.672528455903826,2.7732092497304595
31.682528455903828,2.779354884460855
31.69252845590383,2.7857510255342497
31.70252845590383,2.792411013107319
31.712528455903833,2.7993490451485394
31.722528455903834,2.806580239894903
31.732528455903836,2.8141207031137196
31.742528455903837,2.8219876005141504
31.75252845590384,2.8301992356661634
31.76252845590384,2.8387751337944502
31.772528455903842,2.847736131820078
31.782528455903844,2.857104475021594
31.792528455903845,2.8669039206776983
31.802528455903847,2.8771598490326036
31.81252845590385,2.887899381889377
31.82252845590385,2.8991515090812605
31.83252845590385,2.910947222990794
31.842528455903853,2.92331966117436
31.852528455903855,2.9363042569969395
31.862528455903856,2.9499388979775207
31.872528455903858,2.964264091276417
31.88252845590386,2.9793231354051666
31.89252845590386,2.9951622967874822
31.902528455903862,3.011830989221044
31.912528455903864,3.0293819535546316
31.922528455903866,3.0478714339665975
31.932528455903867,3.0673593460650865
31.94252845590387,3.0879094305753236
31.95252845590387,3.1095893845729106
31.962528455903872,3.1324709599923093
31.972528455903873,3.1566300164039953
31.982528455903875,3.1821465117193326
31.992528455903877,3.2091044104480733
32.00252845590388,3.2375914842940263
32.012528455903876,3.267698974127108
32.02252845590388,3.299521075626369
32.032528455903886,3.333154203092681
32.042528455903884,3.368695977087734
32.05252845590388,3.4062438717716743
32.06252845590389,3.44589344734923
32.07252845590389,3.487736082389551
32.08252845590389,3.53185611078845
32.09252845590389,3.5783272600837273
32.102528455903894,3.627208283615535
32.1125284559039,3.6785376813168273
32.1225284559039,3.732327416321798
32.132528455903895,3.78855556171725
32.1425284559039,3.8471578592620266
32.152528455903905,3.908018246140645
32.1625284559039,3.9709585132943466
32.1725284559039,4.0357274050159155
32.182528455903906,4.101989656762304
32.19252845590391,4.169315693290884
32.20252845590391,4.237172959876114
32.21252845590391,4.304920110283276
32.22252845590391,4.371805485335415
32.23252845590392,4.436971427922514
32.242528455903916,4.499465924441852
32.252528455903914,4.558262767595815
32.26252845590392,4.61229084677233
32.272528455903924,4.66047227702766
32.28252845590392,4.701767929986827
32.29252845590392,4.735227666876426
32.302528455903925,4.7600414111161715
32.31252845590393,4.775586395922816
32.32252845590393,4.78146572420148
32.332528455903926,4.777533932755045
32.34252845590393,4.763906551922815
32.352528455903936,4.740952505907725
32.362528455903934,4.709270273065333
32.37252845590393,4.669650624113697
32.38252845590394,4.6230301323203395
32.39252845590394,4.570440294234103
32.40252845590394,4.512956983151671
32.41252845590394,4.451654213898566
32.422528455903944,4.387565062740106
32.43252845590395,4.321651322431263
32.44252845590395,4.2547823027644185
32.452528455903945,4.187722258386486
32.46252845590395,4.12112530118747
32.472528455903955,4.055536327842201
32.48252845590395,3.9913964131390522
32.49252845590395,3.9290512160850977
32.502528455903956,3.8687611478320276
32.51252845590396,3.810712299096072
32.52252845590396,3.7550273769939153
32.53252845590396,3.7017761301540495
32.54252845590396,3.65098493290813
32.55252845590397,3.602645350210706
32.562528455903966,3.556721616633763
32.572528455903964,3.5131570405344466
32.58252845590397,3.471879394745003
32.592528455903974,3.4328053843159143
32.60252845590397,3.3958442956903454
32.61252845590397,3.36090093494522
32.622528455903975,3.327877959114169
32.63252845590398,3.296677696882468
32.64252845590398,3.267203545095208
32.652528455903976,3.2393610169002485
32.66252845590398,3.2130585068332245
32.672528455903986,3.188207828272446
32.682528455903984,3.164724569732595
32.69252845590398,3.1425283085480897
32.70252845590399,3.1215427136338625
32.71252845590399,3.1016955631529246
32.72252845590399,3.0829186979811025
32.73252845590399,3.0651479277377853
32.742528455903994,3.048322902741623
32.752528455904,3.0323869624501207
32.762528455904,3.017286968658371
32.772528455903995,3.0029731298809224
32.782528455904,2.98939882184845
32.792528455904005,2.9765204078546894
32.802528455904,2.964297061735615
32.812528455904,2.9526905955073537
32.822528455904006,2.9416652930942027
32.83252845590401,2.931187751112602
32.84252845590401,2.921226727315752
32.85252845590401,2.9117529970259404
32.86252845590401,2.9027392176705407
32.87252845590402,2.8941598013794163
32.882528455904016,2.885990795485062
32.892528455904014,2.8782097706833634
32.90252845590402,2.870795716555028
32.912528455904024,2.863728944109823
32.92252845590402,2.8569909949932817
32.93252845590402,2.8505645569848226
32.942528455904025,2.844433385414276
32.95252845590403,2.8385822301284103
32.96252845590403,2.8329967676484213
32.972528455904026,2.827663538172137
32.98252845590403,2.8225698870896547
32.992528455904036,2.817703910697534
33.002528455904034,2.8130544058138502
33.01252845590403,2.808610823013928
33.02252845590404,2.8043632232239624
33.03252845590404,2.8003022374267768
33.04252845590404,2.7964190292504703
33.05252845590404,2.7927052602266107
33.062528455904044,2.7891530575197025
33.07252845590405,2.785754983943946
33.08252845590405,2.7825040100967753
33.092528455904045,2.7793934884513183
33.10252845590405,2.776417129261747
33.112528455904055,2.7735689781464794
33.12252845590405,2.770843395224466
33.13252845590405,2.7682350356893233
33.142528455904056,2.765738831714904
33.15252845590406,2.7633499755940623
33.16252845590406,2.7610639040199105
33.17252845590406,2.758876283425877
33.18252845590406,2.756782996307306
33.19252845590407,2.754780128453282
33.202528455904066,2.752863957022828
33.212528455904064,2.751030939404706
33.22252845590407,2.7492777028046866
33.232528455904074,2.747601034508445
33.24252845590407,2.7459978727721692
33.25252845590407,2.744465298296638
33.262528455904075,2.7430005262438484
33.27252845590408,2.741600898758361
33.28252845590408,2.7402638779583706
33.292528455904076,2.7389870393641274
33.30252845590408,2.7377680657337495
33.312528455904086,2.736604741278675
33.322528455904084,2.735494946233053
33.33252845590408,2.7344366517532572
33.34252845590409,2.7334279151254615
33.35252845590409,2.732466875260789
33.36252845590409,2.7315517484590526
33.37252845590409,2.730680824423455
33.382528455904094,2.7298524625098888
33.3925284559041,2.7290650881956338
33.4025284559041,2.728317189753317
33.412528455904095,2.727607315117013
33.4225284559041,2.7269340689282604
33.432528455904105,2.726296109750645
33.4425284559041,2.7256921474423486
33.4525284559041,2.725120940676829
33.462528455904106,2.724581294602448
33.47252845590411,2.724072058632493
33.48252845590411,2.723592124357612
33.49252845590411,2.723140423573226
33.50252845590411,2.7227159264149723
33.51252845590412,2.722317639595697
33.522528455904116,2.72194460473794
33.532528455904114,2.7215958967962495
33.54252845590412,2.7212706225640493
33.552528455904124,2.7209679192600977
33.56252845590412,2.720686953189919
33.57252845590412,2.7204269184778687
33.582528455904125,2.7201870358657847
33.59252845590413,2.719966551574419
33.60252845590413,2.7197647362240875
33.612528455904126,2.7195808838112043
33.62252845590413,2.7194143107375686
33.632528455904136,2.7192643548894626
33.642528455904134,2.719130374763808
33.65252845590413,2.719011748638787
33.66252845590414,2.7189078737865016
33.67252845590414,2.71881816572538
33.68252845590414,2.718742057510181
33.69252845590414,2.718678999057581
33.702528455904144,2.7186284565054373
33.71252845590415,2.718589911603941
33.72252845590415,2.7185628611369697
33.732528455904145,2.718546816372061
33.74252845590415,2.718541302537503
33.752528455904155,2.7185458583251405
33.76252845590415,2.718560035417559
33.77252845590415,2.718583398038401
33.782528455904156,2.718615522524626
33.79252845590416,2.7186559969196007
33.80252845590416,2.7187044205859627
33.81252845590416,2.7187604038372655
33.82252845590416,2.7188235675874557
33.83252845590417,2.718893543017305
33.842528455904166,2.7189699712569437
33.852528455904164,2.7190525030837067
33.86252845590417,2.7191407986345384
33.872528455904174,2.7192345271322442
33.88252845590417,2.7193333666249098
33.89252845590417,2.719437003737855
33.902528455904175,2.719545133437517
33.91252845590418,2.719657458806681
33.92252845590418,2.7197736908305257
33.932528455904176,2.719893548192962
33.94252845590418,2.7200167570827745
33.952528455904186,2.7201430510091082
33.962528455904184,2.720272170625852
33.97252845590418,2.720403863564512
33.98252845590419,2.7205378842751644
33.99252845590419,2.720673993875124
34.00252845590419,2.720811960004964
34.01252845590419,2.7209515566915443
34.022528455904194,2.7210925642177366
34.0325284559042,2.721234768998525
34.0425284559042,2.721377963463201
34.052528455904195,2.721521945943375
34.0625284559042,2.721666520566526
34.072528455904205,2.7218114971548664
34.0825284559042,2.721956691129252
34.0925284559042,2.722101923417937
34.102528455904206,2.722247020369939
34.11252845590421,2.722391813672818
34.12252845590421,2.722536140274678
34.13252845590421,2.7226798423101917
34.14252845590421,2.722822767030487
34.15252845590422,2.722964766736718
34.162528455904216,2.723105698717159
34.172528455904214,2.7232454251876854
34.18252845590422,2.723383813235471
34.192528455904224,2.7235207347657924
34.20252845590422,2.723656066451787
34.21252845590422,2.723789689687059
34.222528455904225,2.7239214905410036
34.23252845590423,2.724051359716742
34.24252845590423,2.7241791925115644
34.252528455904226,2.724304888779777
34.26252845590423,2.7244283528978617
34.27252845590424,2.7245494937318524
34.282528455904234,2.724668224606853
34.29252845590423,2.72478446327861
34.30252845590424,2.724898131907062
34.31252845590424,2.725009157031809
34.32252845590424,2.7251174695494136
34.33252845590424,2.725223004692492
34.342528455904244,2.7253257020105233
34.35252845590425,2.7254255053523275
34.36252845590425,2.72552236285016
34.372528455904245,2.725616226905377
34.38252845590425,2.725707054175625
34.392528455904255,2.7257948055635177
34.40252845590425,2.7258794462067613
34.41252845590425,2.7259609454696974
34.422528455904256,2.7260392769362287
34.43252845590426,2.726114418404105
34.44252845590426,2.726186351880545
34.45252845590426,2.7262550635791705
34.46252845590426,2.726320543918238
34.47252845590427,2.7263827875201536
34.482528455904266,2.7264417932122544
34.492528455904264,2.7264975640288562
34.50252845590427,2.726550084828738
34.512528455904274,2.726598884645294
34.52252845590427,2.7266437839190005
34.53252845590427,2.726684803088758
34.542528455904275,2.726721967132165
34.55252845590428,2.72675530557466
34.56252845590428,2.7267848524997853
34.572528455904276,2.7268106465605775
34.58252845590428,2.726832730992116
34.59252845590429,2.726851153625238
34.602528455904284,2.7268659669014497
34.61252845590428,2.7268772278890663
34.62252845590429,2.7268849983005956
34.63252845590429,2.7268893445114166
34.64252845590429,2.726890337579776
34.65252845590429,2.7268880532681496
34.662528455904294,2.726882572066009
34.6725284559043,2.7268739792140426
34.6825284559043,2.726862364729876
34.692528455904295,2.726847823435354
34.7025284559043,2.726830454985428
34.712528455904305,2.7268103638987253
34.7225284559043,2.726787659589853
34.7325284559043,2.7267624564035073
34.742528455904306,2.7267348736504684
34.75252845590431,2.7267050356455425
34.76252845590431,2.7266730717475474
34.77252845590431,2.7266391164014165
34.78252845590431,2.7266033091825115
34.79252845590432,2.726565794843243
34.802528455904316,2.726526723362092
34.812528455904314,2.726486249995137
34.82252845590432,2.726444535330198
34.832528455904324,2.7264017453437086
34.84252845590432,2.7263580514604335
34.85252845590432,2.726313630616161
34.862528455904325,2.726268665323496
34.87252845590433,2.7262233437408927
34.88252845590433,2.7261778597450683
34.892528455904326,2.7261324130069475
34.90252845590433,2.726087209071291
34.91252845590434,2.7260424594401753
34.922528455904335,2.7259983816604896
34.93252845590433,2.725955199415626
34.94252845590434,2.7259131426215544
34.95252845590434,2.7258724475274656
34.96252845590434,2.7258333568211968
34.97252845590434,2.7257961197396345
34.982528455904344,2.7257609921843295
34.99252845590435,2.7257282368425417
35.00252845590435,2.7256981233139594
35.012528455904345,2.7256709282433405
35.02252845590435,2.725646935459337
35.032528455904355,2.72562643611977
35.04252845590435,2.7256097288636476
35.05252845590435,2.7255971199702063
35.062528455904356,2.7255889235252986
35.07252845590436,2.7255854615954376
35.08252845590436,2.725587064409841
35.09252845590436,2.725594070550816
35.10252845590436,2.725606827152859
35.11252845590437,2.725625690110841
35.122528455904366,2.725651024297683
35.132528455904364,2.7256832037919305
35.14252845590437,2.7257226121156615
35.152528455904374,2.725769642483173
35.16252845590437,2.7258246980609258
35.17252845590437,2.7258881922392226
35.182528455904375,2.7259605489161456
35.19252845590438,2.726042202794273
35.20252845590438,2.726133599690739
35.212528455904376,2.7262351968612113
35.22252845590438,2.7263474633383917
35.23252845590439,2.7264708802856683
35.242528455904385,2.726605941366577
35.25252845590438,2.7267531531307547
35.26252845590439,2.7269130354170996
35.27252845590439,2.727086121774873
35.28252845590439,2.727272959903529
35.29252845590439,2.7274741121120636
35.302528455904394,2.7276901557987365
35.3125284559044,2.7279216839520224
35.3225284559044,2.728169305673712
35.332528455904395,2.728433646725105
35.3425284559044,2.7287153500972727
35.352528455904405,2.7290150766064154
35.3625284559044,2.7293335055153722
35.3725284559044,2.729671335182387
35.382528455904406,2.730029283738267
35.39252845590441,2.7304080897931247
35.40252845590441,2.730808513173922
35.41252845590441,2.731231335694094
35.42252845590441,2.731677361956559
35.43252845590442,2.7321474201914717
35.442528455904416,2.7326423631301253
35.452528455904414,2.733163068916438
35.46252845590442,2.7337104420575122
35.472528455904424,2.734285414414786
35.48252845590442,2.734888946237353
35.49252845590442,2.7355220272390426
35.502528455904425,2.736185677720896
35.51252845590443,2.73688094974071
35.52252845590443,2.737608928331338
35.532528455904426,2.7383707327694644
35.54252845590443,2.739167517896577
35.55252845590444,2.7400004754938765
35.562528455904435,2.7408708357128555
35.57252845590443,2.7417798685632757
35.58252845590444,2.7427288854602283
35.59252845590444,2.7437192408319473
35.60252845590444,2.7447523337899735
35.61252845590444,2.7458296098632067
35.622528455904444,2.7469525627972624
35.63252845590445,2.7481227364204566
35.64252845590445,2.7493417265775677
35.652528455904445,2.7506111831323605
35.66252845590445,2.751932812039601
35.672528455904455,2.753308377487056
35.68252845590445,2.754739704107642
35.69252845590445,2.7562286792615085
35.70252845590446,2.7577772553874014
35.71252845590446,2.7593874524221467
35.72252845590446,2.761061360286503
35.73252845590446,2.7628011414349323
35.74252845590446,2.7646090334660425
35.75252845590447,2.766487351789551
35.762528455904466,2.7684384923445706
35.772528455904464,2.7704649343628067
35.78252845590447,2.7725692431688866
35.792528455904474,2.7747540730084848
35.80252845590447,2.7770221698931348
35.81252845590447,2.779376374448588
35.822528455904475,2.781819624751296
35.83252845590448,2.7843549591350016
35.84252845590448,2.786985518946529
35.852528455904476,2.7897145512265284
35.86252845590448,2.792545411287228
35.87252845590449,2.795481565155092
35.882528455904485,2.798526591841593
35.89252845590448,2.801684185400047
35.90252845590449,2.8049581567205983
35.91252845590449,2.80835243500888
35.92252845590449,2.8118710688866058
35.93252845590449,2.8155182270441736
35.942528455904494,2.8192981983663663
35.9525284559045,2.8232153914422504
35.9625284559045,2.8272743333593415
35.972528455904495,2.831479667669933
35.9825284559045,2.8358361514041066
35.992528455904505,2.840348650989341
36.0025284559045,2.8450221369206603
36.0125284559045,2.849861677007867
36.02252845590451,2.8548724280076274
36.03252845590451,2.860059625427938
36.04252845590451,2.865428571270851
36.05252845590451,2.8709846194562543
36.06252845590451,2.8767331586451768
36.07252845590452,2.882679592155685
36.082528455904516,2.8888293146381416
36.092528455904514,2.8951876851497436
36.10252845590452,2.9017599962413656
36.112528455904524,2.9085514386434124
36.12252845590452,2.9155670611123288
36.13252845590452,2.9228117249766066
36.142528455904525,2.9302900529017837
36.15252845590453,2.9380063713796045
36.16252845590453,2.945964646438797
36.172528455904526,2.9541684120760183
36.18252845590453,2.9626206909178654
36.19252845590454,2.9713239066514716
36.202528455904535,2.9802797878051575
36.21252845590453,2.9894892625257365
36.22252845590454,2.9989523440894743
36.23252845590454,3.0086680070039855
36.24252845590454,3.0186340537130727
36.25252845590454,3.028846972110716
36.262528455904544,3.0393017843089596
36.27252845590455,3.049991887392068
36.28252845590455,3.0609088872297785
36.292528455904545,3.072042426818705
36.30252845590455,3.0833800110743446
36.312528455904555,3.0949068305057392
36.32252845590455,3.106605586766627
36.33252845590455,3.118456323683133
36.34252845590456,3.130436267996494
36.35252845590456,3.1425196847122003
36.36252845590456,3.154677752590132
36.37252845590456,3.1668784659130536
36.38252845590456,3.179086569195661
36.39252845590457,3.1912635318989233
36.402528455904566,3.203367570444448
36.412528455904564,3.2153537248267843
36.42252845590457,3.2271739968423487
36.432528455904574,3.238777556338352
36.44252845590457,3.250111020886553
36.45252845590457,3.261118812869921
36.462528455904575,3.271743596118557
36.47252845590458,3.281926791951673
36.48252845590458,3.291609171811799
36.492528455904576,3.3007315206864365
36.50252845590458,3.3092353623080815
36.51252845590459,3.3170637338479216
36.522528455904585,3.324161994644275
36.53252845590458,3.330478650629158
36.54252845590459,3.335966173740447
36.55252845590459,3.3405817939322615
36.56252845590459,3.344288240598229
36.57252845590459,3.3470544104353652
36.582528455904594,3.348855940076475
36.5925284559046,3.349675664211339
36.6025284559046,3.349503943329009
36.612528455904595,3.3483388494957285
36.6225284559046,3.346186203517038
36.632528455904605,3.3430594621467096
36.6425284559046,3.338979459396242
36.6525284559046,3.333974011156993
36.66252845590461,3.3280773969825246
36.67252845590461,3.321329736744156
36.68252845590461,3.3137762827830737
36.69252845590461,3.305466650026511
36.70252845590461,3.2964540072806416
36.71252845590462,3.28679425260114
36.722528455904616,3.2765451943811144
36.732528455904614,3.265765757742897
36.74252845590462,3.254515233164881
36.752528455904624,3.2428525812215625
36.76252845590462,3.230835804066187
36.77252845590462,3.2185213910260475
36.782528455904625,3.205963842568515
36.79252845590463,3.193215274055803
36.80252845590463,3.1803250982269278
36.812528455904626,3.167339783279538
36.82252845590463,3.1543026817933035
36.83252845590464,3.1412539245346576
36.842528455904635,3.1282303723831353
36.85252845590463,3.1152656191806756
36.86252845590464,3.102390038175785
36.87252845590464,3.08963086485927
36.88252845590464,3.077012309311997
36.89252845590464,3.064555691655529
36.902528455904644,3.052279594765892
36.91252845590465,3.040200029038181
36.92252845590465,3.0283306046411895
36.932528455904645,3.0166827073494575
36.94252845590465,3.005265674664194
36.952528455904655,2.9940869695194405
36.96252845590465,2.983152349405942
36.97252845590465,2.9724660292266782
36.98252845590466,2.9620308366224894
36.99252845590466,2.951848358873948
37.00252845590466,2.941919080798893
37.01252845590466,2.9322425133273424
37.02252845590466,2.9228173126510444
37.03252845590467,2.9136413900185025
37.042528455904666,2.9047120123830004
37.052528455904664,2.8960258942157635
37.06252845590467,2.8875792808735
37.072528455904674,2.8793680239634685
37.08252845590467,2.8713876491839407
37.09252845590467,2.8636334171369793
37.102528455904675,2.856100377616798
37.11252845590468,2.8487834178732823
37.12252845590468,2.841677305338961
37.132528455904676,2.8347767252906504
37.14252845590468,2.828076313895769
37.15252845590469,2.8215706870692134
37.162528455904685,2.81525446554085
37.17252845590468,2.8091222965070397
37.18252845590469,2.803168872212657
37.19252845590469,2.7973889457834327
37.20252845590469,2.791777344602573
37.21252845590469,2.786328981500713
37.222528455904694,2.781038864004598
37.2325284559047,2.7759021018674646
37.2425284559047,2.770913913083163
37.252528455904695,2.7660696285665836
37.2625284559047,2.761364695664868
37.272528455904705,2.75679468064721
37.2825284559047,2.752355270305771
37.2925284559047,2.7480422727862615
37.30252845590471,2.7438516177540113
37.31252845590471,2.73977935598973
37.32252845590471,2.7358216584986783
37.33252845590471,2.7319748152074874
37.34252845590471,2.7282352333143294
37.35252845590472,2.7245994353503926
37.362528455904716,2.7210640570037237
37.372528455904714,2.717625844750303
37.38252845590472,2.714281653331685
37.392528455904724,2.7110284431135465
37.40252845590472,2.7078632773550853
37.41252845590472,2.70478331941528
37.422528455904725,2.701785829918543
37.43252845590473,2.6988681638991556
37.44252845590473,2.6960277679411555
37.45252845590473,2.6932621773279024
37.46252845590473,2.690569013213427
37.47252845590474,2.687945979825733
37.482528455904735,2.685390861710591
37.49252845590473,2.682901521022873
37.50252845590474,2.6804758948712375
37.51252845590474,2.6781119927208064
37.52252845590474,2.67580789385751
37.53252845590474,2.673561744916946
37.542528455904744,2.671371757479838
37.55252845590475,2.6692362057355483
37.56252845590475,2.667153424214536
37.572528455904745,2.6651218055901884
37.58252845590475,2.6631397985500644
37.592528455904755,2.661205905736207
37.60252845590475,2.659318681753917
37.61252845590475,2.657476731248127
37.62252845590476,2.6556787070463215
37.63252845590476,2.653923308366776
37.64252845590476,2.6522092790907243
37.65252845590476,2.6505354060970086
37.66252845590476,2.64890051765764
37.67252845590477,2.6473034818926506
37.682528455904766,2.6457432052825567
37.692528455904764,2.644218631236742
37.70252845590477,2.6427287387160407
37.712528455904774,2.641272540907798
37.72252845590477,2.6398490839516717
37.73252845590477,2.6384574457144825
37.742528455904775,2.637096734612411
37.75252845590478,2.6357660884788823
37.76252845590478,2.6344646734764825
37.77252845590478,2.6331916830513196
37.78252845590478,2.6319463369282468
37.79252845590479,2.630727880145427
37.802528455904785,2.6295355821267328
37.81252845590478,2.6283687357905414
37.82252845590479,2.627226656693521
37.83252845590479,2.6261086822080366
37.84252845590479,2.625014170731857
37.85252845590479,2.623942500928888
37.862528455904794,2.6228930709997034
37.8725284559048,2.6218652979806727
37.8825284559048,2.6208586170705472
37.892528455904795,2.6198724809833935
37.9025284559048,2.618906359326812
37.912528455904805,2.617959738004417
37.9225284559048,2.61703211864159
37.9325284559048,2.6161230180335506
37.94252845590481,2.6152319676148585
37.95252845590481,2.6143585129494444
37.96252845590481,2.6135022132403463
37.97252845590481,2.61266264085834
37.98252845590481,2.6118393808886924
37.99252845590482,2.6110320306952977
38.002528455904816,2.6102401995014746
38.012528455904814,2.6094635079867556
38.02252845590482,2.608701587899008
38.032528455904824,2.6079540816812607
38.04252845590482,2.6072206421126336
38.05252845590482,2.606500931962799
38.062528455904825,2.6057946236594183
38.07252845590483,2.6051013989680345
38.08252845590483,2.6044209486839023
38.09252845590483,2.603752972335279
38.10252845590483,2.6030971778977134
38.11252845590484,2.6024532815188834
38.122528455904835,2.601821007253559
38.13252845590483,2.6012000868082796
38.14252845590484,2.600590259295366
38.15252845590484,2.5999912709958766
38.16252845590484,2.5994028751311657
38.17252845590484,2.5988248316426876
38.182528455904844,2.59825690697973
38.19252845590485,2.597698873894755
38.20252845590485,2.597150511246048
38.212528455904845,2.596611603807382
38.22252845590485,2.596081942084437
38.232528455904855,2.595561322137685
38.24252845590485,2.59504954541151
38.25252845590485,2.5945464185693035
38.26252845590486,2.594051753334314
38.27252845590486,2.5935653663360254
38.28252845590486,2.5930870789618417
38.29252845590486,2.5926167172138856
38.30252845590486,2.59215411157071
38.31252845590487,2.591699096853729
38.322528455904866,2.5912515120981996
38.332528455904864,2.5908112004285706
38.34252845590487,2.5903780089380377
38.352528455904874,2.589951788572147
38.36252845590487,2.5895323940162944
38.37252845590487,2.58911968358697
38.382528455904875,2.5887135191266157
38.39252845590488,2.588313765901955
38.40252845590488,2.5879202925056695
38.41252845590488,2.5875329707612944
38.42252845590488,2.587151675631223
38.43252845590489,2.5867762851276956
38.442528455904885,2.586406680226673
38.45252845590488,2.586042744784481
38.46252845590489,2.5856843654571335
38.47252845590489,2.5853314316222327
38.48252845590489,2.584983835303354
38.49252845590489,2.584641471096827
38.502528455904894,2.5843042361008295
38.5125284559049,2.583972029846708
38.5225284559049,2.583644754232447
38.532528455904895,2.5833223134582144
38.5425284559049,2.5830046139639045
38.552528455904906,2.5826915643686164
38.5625284559049,2.5823830754119887
38.5725284559049,2.582079059897341
38.58252845590491,2.581779432636543
38.59252845590491,2.5814841103965684
38.60252845590491,2.5811930118476605
38.61252845590491,2.580906057513065
38.62252845590491,2.580623169720273
38.63252845590492,2.5803442725537225
38.642528455904916,2.580069291808907
38.652528455904914,2.5797981549478513
38.66252845590492,2.5795307910558978
38.672528455904924,2.579267130799772
38.68252845590492,2.5790071063868716
38.69252845590492,2.5787506515257492
38.702528455904925,2.5784977013877453
38.71252845590493,2.5782481925697303
38.72252845590493,2.578002063057926
38.73252845590493,2.5777592521927666
38.74252845590493,2.5775197006347663
38.75252845590494,2.5772833503313626
38.762528455904935,2.5770501444847023
38.77252845590493,2.576820027520338
38.78252845590494,2.5765929450568144
38.79252845590494,2.5763688438761028
38.80252845590494,2.5761476718948697
38.81252845590494,2.575929378136544
38.822528455904944,2.575713912704164
38.83252845590495,2.5755012267539756
38.84252845590495,2.5752912724697588
38.852528455904945,2.5750840030378637
38.86252845590495,2.5748793726229287
38.872528455904956,2.574677336344263
38.88252845590495,2.574477850252872
38.89252845590495,2.574280871309107
38.90252845590496,2.574086357360918
38.91252845590496,2.5738942671226948
38.92252845590496,2.5737045601546735
38.93252845590496,2.573517196842898
38.94252845590496,2.573332138379711
38.95252845590497,2.5731493467447706
38.962528455904966,2.572968784686564
38.972528455904964,2.5727904157044126
38.98252845590497,2.572614204030949
38.992528455904974,2.5724401146150586
39.00252845590497,2.572268113105261
39.01252845590497,2.5720981658335287
39.022528455904975,2.5719302397995265
39.03252845590498,2.57176430265526
39.04252845590498,2.5716003226901156
39.05252845590498,2.5714382688162947
39.06252845590498,2.571278110554613
39.07252845590499,2.57111981802067
39.082528455904985,2.5709633619113674
39.09252845590498,2.5708087134917728
39.10252845590499,2.5706558445823164
39.11252845590499,2.5705047275463113
39.12252845590499,2.570355335277789
39.13252845590499,2.5702076411896377
39.142528455904994,2.5700616192020473
39.152528455905,2.5699172437312297
39.162528455905,2.5697744896784345
39.172528455904995,2.5696333324192255
39.182528455905,2.5694937477930346
39.192528455905006,2.569355712092963
39.202528455905004,2.569219202055844
39.212528455905,2.5690841948525422
39.22252845590501,2.5689506680784966
39.23252845590501,2.5688185997444912
39.24252845590501,2.5686879682676533
39.25252845590501,2.568558752462668
39.26252845590501,2.568430931533211
39.27252845590502,2.568304485063582
39.282528455905016,2.5681793930105474
39.292528455905014,2.568055635695373
39.30252845590502,2.567933193796052
39.312528455905024,2.5678120483397198
39.32252845590502,2.567692180695246
39.33252845590502,2.5675735725660083
39.342528455905025,2.5674562059828325
39.35252845590503,2.567340063297107
39.36252845590503,2.5672251271740527
39.37252845590503,2.5671113805861587
39.38252845590503,2.5669988068067675
39.39252845590504,2.5668873894038127
39.402528455905035,2.566777112233706
39.41252845590503,2.5666679594353616
39.42252845590504,2.5665599154243655
39.43252845590504,2.566452964887278
39.44252845590504,2.5663470927760677
39.45252845590504,2.5662422843026764
39.462528455905044,2.566138524933708
39.47252845590505,2.5660358003852415
39.48252845590505,2.565934096617761
39.492528455905045,2.5658333998312033
39.50252845590505,2.565733696460121
39.512528455905056,2.5656349731689523
39.522528455905054,2.565537216847401
39.53252845590505,2.5654404146059195
39.54252845590506,2.565344553771298
39.55252845590506,2.56524962188235
39.56252845590506,2.565155606685697
39.57252845590506,2.5650624961316466
39.58252845590506,2.564970278370165
39.59252845590507,2.5648789417469398
39.602528455905066,2.5647884747995295
39.612528455905064,2.5646988662536
39.62252845590507,2.564610105019245
39.632528455905074,2.5645221801873874
39.64252845590507,2.5644350810262626
39.65252845590507,2.5643487969779764
39.662528455905075,2.56426331765514
39.67252845590508,2.564178632837583
39.68252845590508,2.5640947324691323
39.69252845590508,2.5640116066544674
39.70252845590508,2.563929245656038
39.71252845590509,2.5638476398910583
39.722528455905085,2.563766779928556
39.73252845590508,2.563686656486495
39.74252845590509,2.5636072604289533
39.75252845590509,2.5635285827633667
39.76252845590509,2.5634506146378304
39.77252845590509,2.563373347338457
39.782528455905094,2.5632967722867943
39.7925284559051,2.5632208810372976
39.8025284559051,2.5631456652748543
39.812528455905095,2.5630711168123637
39.8225284559051,2.562997227588366
39.832528455905106,2.5629239896647262
39.842528455905104,2.5628513952243592
39.8525284559051,2.562779436569013
39.86252845590511,2.562708106117089
39.87252845590511,2.562637396401516
39.88252845590511,2.562567300067665
39.89252845590511,2.5624978098713056
39.90252845590511,2.5624289186766123
39.91252845590512,2.5623606194542052
39.922528455905116,2.562292905279235
39.932528455905114,2.562225769329507
39.94252845590512,2.5621592048836446
39.952528455905124,2.56209320531929
39.96252845590512,2.5620277641113423
39.97252845590512,2.5619628748302317
39.982528455905125,2.5618985311402303
39.99252845590513,2.561834726797795
40.00252845590513,2.561771455649948
40.01252845590513,2.561708711632685
40.02252845590513,2.5616464887694232
40.03252845590514,2.561584781169472
40.042528455905135,2.5615235830265433
40.05252845590513,2.5614628886172843
40.06252845590514,2.561402692299846
40.07252845590514,2.561342988512477
40.08252845590514,2.5612837717721453
40.09252845590514,2.5612250366731906
40.102528455905144,2.5611667778860006
40.11252845590515,2.5611089901557147
40.12252845590515,2.561051668300953
40.132528455905145,2.5609948072125728
40.14252845590515,2.5609384018524457
40.152528455905156,2.5608824472522613
40.162528455905154,2.560826938512356
40.17252845590515,2.5607718708005596
40.18252845590516,2.560717239351071
40.19252845590516,2.5606630394633494
40.20252845590516,2.5606092665010336
40.21252845590516,2.560555915890876
