0,1.3126265496882168e-93
1,4.1623380228961185e-92
2,1.2845748674506435e-90
3,3.8584014119261104e-89
4,1.1279278167665368e-87
5,3.2090842511278325e-86
6,8.8860109391924e-85
7,2.3947406173485823e-83
8,6.281104654969599e-82
9,1.603391183916684e-80
10,3.9835370932981584e-79
11,9.63217029318698e-78
12,2.2667590129931203e-76
13,5.191734353941463e-75
14,1.1572987572370746e-73
15,2.5107555027854217e-72
16,5.301384110915996e-71
17,1.0894317635828744e-69
18,2.1788970317966043e-68
19,4.241302939700113e-67
20,8.03503535865108e-66
21,1.481501868007276e-64
22,2.6585358863935677e-63
23,4.643107759676738e-62
24,7.892251414920308e-61
25,1.3056265491943422e-59
26,2.1021463405529127e-58
27,3.2940700618368973e-57
28,5.023757069271389e-56
29,7.456763018904473e-55
30,1.0772040172968237e-53
31,1.5145077502335146e-52
32,2.0723874244908157e-51
33,2.759918825946338e-50
34,3.5772359117209954e-49
35,4.512578475148665e-48
36,5.540230903817947e-47
37,6.619983026490134e-46
38,7.698600770238296e-45
39,8.713499972427394e-44
40,9.598411876387769e-43
41,1.0290394919514236e-41
42,1.0737189423585645e-40
43,1.0903730281202925e-39
44,1.0776692667327727e-38
45,1.0366253088348978e-37
46,9.704742807110982e-37
47,8.842440889216661e-36
48,7.841266469436074e-35
49,6.767467403548035e-34
50,5.684497043593799e-33
51,4.6471193855759105e-32
52,3.697443335343733e-31
53,2.8631568264649698e-30
54,2.1578172413467e-29
55,1.5827418776617848e-28
56,1.129877708688298e-27
57,7.850163462478524e-27
58,5.308256155652087e-26
59,3.4934212404036924e-25
60,2.237566510543062e-24
61,1.394847931428306e-23
62,8.462597483371856e-23
63,4.996966279484034e-22
64,2.8716735327465845e-21
65,1.60616302753198e-20
66,8.743193623482672e-20
67,4.632084574115332e-19
68,2.3884094277578893e-18
69,1.1985798873193033e-17
70,5.853978286254493e-17
71,2.78266638097264e-16
72,1.2873513341163153e-15
73,5.7964079871122794e-15
74,2.540076037390299e-14
75,1.0833290800160614e-13
76,4.496762983900626e-13
77,1.81662591755059e-12
78,7.142609827389363e-12
79,2.733217926520173e-11
80,1.017929045031736e-10
81,3.6896626920161696e-10
82,1.3016125751726688e-09
83,4.468921428831404e-09
84,1.4933087673473015e-08
85,4.8564891535980936e-08
86,1.5371673234771333e-07
87,4.735281229631522e-07
88,1.41969915085488e-06
89,4.142597899532636e-06
90,1.1764545430117568e-05
91,3.251647312972638e-05
92,8.746969849567296e-05
93,0.0002290011890826117
94,0.0005835038927801999
95,0.0014470238541829108
96,0.0034924768475748883
97,0.008203842110845263
98,0.018755427325025397
99,0.04173136075506485
100,0.09036994984556229
101,0.19046336316986745
102,0.3906832291929111
103,0.7799450410517247
104,1.515406500993954
105,2.865630582124354
106,5.273964147399355
107,9.44669851477035
108,16.468303040392705
109,27.9411037015077
110,46.13857496470114
111,74.14992376036523
112,115.98001306530092
113,176.55560536718156
114,261.5807494366329
115,377.18634471451367
116,529.3367613521698
117,722.9929503724138
118,961.0854045176254
119,1243.414173701773
120,1565.6531558446313
121,1918.674105436631
122,2288.404448702788
123,2656.3803860515873
124,3001.0529550344304
125,3299.764646648194
126,3531.166405656275
127,3677.725537341643
128,3727.918070672948
129,3712.297415022121
130,3665.827072524399
131,3589.6655981461877
132,3485.6904714711254
133,3356.4211804061188
134,3204.917793400085
135,3034.6607183711476
136,2849.4182355565945
137,2653.1088185079366
138,2449.665210138276
139,2242.9067256982794
140,2036.425373080436
141,1833.4902014864442
142,1636.9729185367667
143,1449.296366799476
144,1272.4060335935471
145,1107.7634803112549
146,956.3594971032047
147,818.7439687842824
148,695.0689050959767
149,585.1408442899717
150,488.4788621933423
151,404.37467057927955
152,331.9517179408162
153,270.2207558571308
154,218.1299479948978
155,174.60822387770406
156,138.6011714997023
157,109.09928766059414
158,85.15883987092167
159,65.91592717560951
160,50.59455746938367
161,38.50969203638607
162,29.066256181430276
163,21.755093586660756
164,16.146768632910717
165,11.884012398805178
166,8.673479925627314
167,6.2773517742571245
168,4.505182236309315
169,3.2062772017889642
170,2.262781286650728
171,1.5835686572255179
172,1.0989654116666425
173,0.7562823374621216
174,0.5161033752223505
175,0.3492546911818903
176,0.23436923623273198
177,0.15595947649076267
178,0.10291430374213864
179,0.0673430092640005
180,0.043698054873563916
181,0.028118004733355715
182,0.017941539319534912
183,0.011352400658919461
184,0.007123091559209553
185,0.004432024482424787
186,0.0027345670865098195
187,0.0016731228148144698
188,0.0010151258049072693
189,0.0006107517526116038
190,0.000364386587960197
191,0.00021558217664009757
192,0.00012647833187661388
193,7.358210590784312e-05
194,4.2450333320171637e-05
195,2.428526259008584e-05
196,1.3777084126138315e-05
197,7.75040905276959e-06
198,4.323592412094285e-06
199,2.391760422074926e-06
200,1.3120289312307262e-06
201,7.137102858478723e-07
202,3.84993420365314e-07
203,2.059384627018841e-07
204,1.0923817428395818e-07
205,5.7459812859787575e-08
206,2.997138336800261e-08
207,1.5502515632675793e-08
208,7.951524008826564e-09
209,4.044374642060497e-09
210,2.0398826793182267e-09
211,1.0202622302463507e-09
212,5.060241408352687e-10
213,2.4887625917416527e-10
214,1.2138038536793268e-10
215,5.870381978265661e-11
216,2.8153799785882684e-11
217,1.3389380452724724e-11
218,6.314467810656119e-12
219,2.9530162230705723e-12
220,1.3694548535546913e-12
221,6.297706455877373e-13
222,2.8719039797153926e-13
223,1.2987041390481796e-13
224,5.8237582859929e-14
225,2.5896988598376974e-14
226,1.141952388718748e-14
227,4.9934365582562845e-15
228,2.1652292396641863e-15
229,9.310243453353869e-16
230,3.969821680473552e-16
231,1.6785480137566002e-16
232,7.038001340480775e-17
233,2.926292467954511e-17
234,1.2065322120888835e-17
235,4.933020502716882e-18
236,2.000044816141355e-18
237,8.041171810960115e-19
238,3.205913226852045e-19
239,1.26746796835412e-19
240,4.9690690230650585e-20
241,1.931816511247003e-20
242,7.447483084286262e-21
243,2.8471213940666023e-21
244,1.079332492993218e-21
245,4.0574887642483115e-22
246,1.5125585946905889e-22
247,5.591391437013569e-23
248,2.049653242065798e-23
249,7.450642033008486e-24
250,2.6857142903735872e-24
251,9.600165705828544e-25
252,3.4029099462355514e-25
253,1.1961206565162094e-25
254,4.1691961916579186e-26
