0,6.670414628705288e-162
1,1.64204658268781e-159
2,3.882500062520346e-157
3,8.817202689515553e-155
4,1.9232845040263546e-152
5,4.0294854832805043e-150
6,8.108658560268221e-148
7,1.5672626594113334e-145
8,2.909563999340399e-143
9,5.1880887580786754e-141
10,8.88546653065487e-139
11,1.4616602224113498e-136
12,2.309436237824937e-134
13,3.5047648051329804e-132
14,5.108638086508125e-130
15,7.152283979769661e-128
16,9.617843754268775e-126
17,1.2422357979378182e-123
18,1.5410747973762362e-121
19,1.8362708956808315e-119
20,2.1015665078219888e-117
21,2.3101643695844375e-115
22,2.4391357914535293e-113
23,2.473559899676363e-111
24,2.409363014744926e-109
25,2.2541115379827893e-107
26,2.0255451101580975e-105
27,1.7482429768776754e-103
28,1.449289079707927e-101
29,1.1539888228614153e-99
30,8.825545127694969e-98
31,6.4829822495595845e-96
32,4.574056028085023e-94
33,3.0997129843723855e-92
34,2.017598935072999e-90
35,1.2613672547399853e-88
36,7.5742846071976725e-87
37,4.368527181905263e-85
38,2.420035962236163e-83
39,1.2876622153656824e-81
40,6.580750712876529e-80
41,3.230295718909901e-78
42,1.5230090330587448e-76
43,6.89693338766873e-75
44,2.999873480616927e-73
45,1.2532658362299854e-71
46,5.0289442172749264e-70
47,1.9382232129213613e-68
48,7.175036550593775e-67
49,2.5511606053014914e-65
50,8.712541046309464e-64
51,2.8578881607507457e-62
52,9.004072359287206e-61
53,2.724746344338e-59
54,7.919659971841836e-58
55,2.2109572623563783e-56
56,5.928536729795292e-55
57,1.5268910058723855e-53
58,3.777129838636689e-52
59,8.974476939432688e-51
60,2.0480932815749823e-49
61,4.489352166737144e-48
62,9.451722706742478e-47
63,1.911312164288123e-45
64,3.712321928650028e-44
65,6.9255296452787165e-43
66,1.2409483602678595e-41
67,2.1357370484513227e-40
68,3.5304918090134464e-39
69,5.605521079481641e-38
70,8.548504150227957e-37
71,1.252153635185798e-35
72,1.761645283611042e-34
73,2.3805245639414022e-33
74,3.0897278245826463e-32
75,3.8517770008561656e-31
76,4.612064819027983e-30
77,5.304238262435338e-29
78,5.8592766049289225e-28
79,6.2166774153153606e-27
80,6.335282987719888e-26
81,6.201076092576744e-25
82,5.8299047217695906e-24
83,5.264403978954196e-23
84,4.565941209321806e-22
85,3.803687039595201e-21
86,3.0434950047799104e-20
87,2.3390190816446685e-19
88,1.7265863027035896e-18
89,1.2241543289878493e-17
90,8.336378198587722e-17
91,5.452704978246315e-16
92,3.425626006102006e-15
93,2.067098864197105e-14
94,1.1980526516440019e-13
95,6.669356246376043e-13
96,3.5660323806282395e-12
97,1.831386479798726e-11
98,9.033750254758222e-11
99,4.280056590412826e-10
100,1.9477100155140244e-09
101,8.513192205380416e-09
102,3.5739949534495195e-08
103,1.4411486728405944e-07
104,5.581577924452492e-07
105,2.076340396271565e-06
106,7.418796691297041e-06
107,2.5460195886744264e-05
108,8.3923457325391e-05
109,0.00026570415627307235
110,0.0008079912989083447
111,0.0023599802854221115
112,0.006620692555320631
113,0.017839875616400446
114,0.04617145684594681
115,0.11477536670776757
116,0.2740420167591268
117,0.628461931596288
118,1.3843125361068638
119,2.928752570058871
120,5.951474382846009
121,11.616085753084443
122,21.77651633043183
123,39.211220104619024
124,67.8149837327305
125,112.6508110095392
126,179.73652401258823
127,275.4429805607911
128,405.43425093104383
129,573.195161380063
130,778.3554153642009
131,1015.1886228694069
132,1271.7709123186526
133,1530.2570475426335
134,1768.5333093298018
135,1963.1589057668107
136,2093.105023891021
137,2143.4824926029723
138,2142.7250746863383
139,2138.9582854011032
140,2132.535339612773
141,2123.4802092244167
142,2111.8266080922476
143,2097.617782909702
144,2080.906245842914
145,2061.7534512306956
146,2040.2294191343185
147,2016.4123089638144
148,1990.3879468133584
149,1962.2493105043718
150,1932.0959766576248
151,1900.0335343916618
152,1866.172970471858
153,1830.630030910438
154,1793.5245641416843
155,1754.979850967749
156,1715.1219264890926
157,1674.0788992003775
158,1631.9802723489895
159,1588.9562725212945
160,1545.1371902437127
161,1500.6527371648187
162,1455.6314241244197
163,1410.1999641197967
164,1364.4827038523124
165,1318.6010871837877
166,1272.673153456219
167,1226.813073235293
168,1181.1307236327023
169,1135.7313049493
170,1090.714999965495
171,1046.1766767916297
172,1002.205635783905
173,958.885400634913
174,916.293553365991
175,874.5016125850005
176,833.5749540309945
177,793.572772109431
178,754.5480808304918
179,716.5477523007248
180,679.6125906861139
181,643.7774393639789
182,609.0713188124266
183,575.517592649693
184,543.1341591314902
185,511.9336653418279
186,481.92374127086975
187,453.10725096095393
188,425.4825579174848
189,399.0438020231991
190,373.7811852603734
191,349.6812636336987
192,326.72724279452433
193,304.8992749925654
194,284.174755121537
195,264.52861377802384
196,245.93360541577698
197,228.36058984809006
198,211.778805526621
199,196.15613320369854
200,181.45934876468144
201,167.65436419528825
202,154.70645582417583
203,142.5804791517139
204,131.24106974041246
205,120.65282979948125
206,110.78050024442759
207,101.58911815150046
208,93.04415965541435
209,85.11166845658494
210,77.75837021068364
211,70.95177316845913
212,64.66025551740171
213,58.85313994903053
214,53.5007560365587
215,48.57449105776953
216,44.04682993753166
217,39.89138501401185
218,36.082916352886514
219,32.59734334535632
220,29.411748329210997
221,26.504372968298327
222,23.85460811525563
223,21.442977866011198
224,19.251118493098588
225,17.261752918979905
226,15.458661361055078
227,13.826648747526203
228,12.35150946843679
229,11.019989989628353
230,9.819749819616202
231,8.73932128100702
232,7.768068499536553
233,6.896145985522916
234,6.114457144886356
235,5.414613020209423
236,4.788891526881927
237,4.230197415429685
238,3.7320231588549695
239,3.288410933370781
240,2.8939158324015963
241,2.5435704272264172
242,2.2328507631990013
243,1.9576438581097284
244,1.7142167489419766
245,1.4991871149888847
246,1.3094954889802304
247,1.1423790534537674
248,0.9953470070067767
249,0.8661574741875576
250,0.7527959235301185
251,0.6534550504899479
252,0.5665160756920765
253,0.49053140384043065
254,0.4242085847454772
