2,228.69267057638143
3,220.173370895779
4,208.77685706077543
5,194.98667674092127
6,179.3628671959772
7,162.50441185270392
8,145.01161619682702
9,127.45164577612461
10,110.3298737055311
11,94.06884516616788
12,78.99571277952768
13,65.3380621940493
14,53.227245985624485
15,42.707756743395564
16,33.75083664302895
17,26.27043981515398
18,20.139800431527977
19,15.207155961148962
20,11.309563815036917
21,8.28416478628759
22,5.976633449436567
23,4.246875516876278
24,2.9722645359580033
25,2.048851142623645
26,1.391036004683947
27,0.9301893315266182
28,0.6126456518557443
29,0.3974224305446024
30,0.2539220483672161
31,0.15979142466464294
32,0.09904020784174372
33,0.06046090388153101
34,0.03635320840852204
35,0.021528604286167825
36,0.012557235012456511
37,0.007214017436020552
38,0.004081928293404312
39,0.002274880421936164
40,0.0012486962088522741
41,0.0006750874453516391
42,0.0003594746652692276
43,0.00018853047543794716
44,9.738674617929304e-05
45,4.9547662072207244e-05
46,2.482855795226306e-05
47,1.225419661122708e-05
48,5.956939782790576e-06
49,2.8521121194574548e-06
50,1.3449774297288124e-06
51,6.246955568380943e-07
52,2.8577672561549637e-07
53,1.287627706082046e-07
54,5.7142440950031675e-08
55,2.4976540361658552e-08
56,1.0752533230756149e-08
57,4.559259622614702e-09
58,1.9040698295219577e-09
59,7.832067793316091e-10
60,3.173036169505337e-10
61,1.2661309514415672e-10
62,4.976078771786909e-11
63,1.9261978155495393e-11
64,7.343778063640729e-12
65,2.7576758723782055e-12
66,1.019933633553928e-12
67,3.715400418423057e-13
68,1.3330436061389746e-13
69,4.710728827838049e-14
70,1.6395960819351846e-14
71,5.620703250976232e-15
72,1.8977957093486933e-15
73,6.311219458585986e-16
74,2.067198217953031e-16
75,6.668927253265703e-17
76,2.1190190271284956e-17
77,6.631606535996053e-18
78,2.0441260069623063e-18
79,6.205854580568369e-19
80,1.8556691336617286e-19
81,5.465180516923769e-20
82,1.585307437513566e-20
83,4.529262598923352e-21
84,1.2745196136262145e-21
85,3.5324055921186597e-22
86,9.642721467709137e-23
87,2.5925891495301662e-23
88,6.865509843786876e-24
89,1.790675565336658e-24
90,4.600086932125931e-25
91,1.1639121151942427e-25
92,2.900543324653233e-26
93,7.11940243891902e-27
94,1.7211263257915815e-27
95,4.098141694303239e-28
96,9.610947636546246e-29
97,2.2199871991220793e-29
98,5.0505624743824385e-30
99,1.13170710698278e-30
100,2.4976602206751437e-31
101,5.429223110894379e-32
102,1.1623770841292019e-32
103,2.451102133186245e-33
104,5.09073856822632e-34
105,1.041370329436189e-34
106,2.098140770178097e-35
107,4.1636006179146965e-36
108,8.137828329068849e-37
109,1.566581529944473e-37
110,2.970314928921578e-38
111,5.5469852669935426e-39
112,1.0202733550121e-39
113,1.8483367381734763e-40
114,3.2980001026993374e-41
115,5.795958298721784e-42
116,1.0032400418305749e-42
117,1.7103676802582966e-43
118,2.8719648701643476e-44
119,4.749783161237113e-45
120,7.737015411519356e-46
121,1.2413040106389795e-46
122,1.961498017298064e-47
123,3.0528298998716335e-48
124,4.6797468208947686e-49
125,7.065568765388144e-50
126,1.0506956042121264e-50
127,1.5389046833390763e-51
128,2.2199926960929466e-52
129,3.1542520071633412e-53
130,4.414141479552242e-54
131,6.084167022005971e-55
132,8.259638214489717e-56
133,1.1043988362777113e-56
134,1.4544402142537845e-57
135,1.886560885416055e-58
136,2.4101873125021838e-59
137,3.032744224035599e-60
138,3.758597242720301e-61
139,4.587972600447531e-62
140,5.515956830845021e-63
141,6.53169534412882e-64
142,7.617912839172696e-65
143,8.750867277652224e-66
144,9.900821094452184e-67
145,1.1033069327998846e-67
146,1.2109508030250316e-68
147,1.309066382678749e-69
148,1.393804489311478e-70
149,1.4616623691401075e-71
150,1.5097230695341197e-72
151,1.5358632011159395e-73
152,1.5389084938629454e-74
153,1.518721274656607e-75
154,1.47621078850104e-76
155,1.4132652855553392e-77
156,1.3326129400470068e-78
157,1.2376258705116672e-79
158,1.1320868613489056e-80
159,1.0199412100291507e-81
160,9.050561985423723e-83
161,7.910081768827209e-84
162,6.80912672630861e-85
163,5.773070742288131e-86
164,4.8208915284092955e-87
165,3.965088257613522e-88
166,3.212057976685133e-89
167,2.5628247577669548e-90
168,2.0139999907105832e-91
169,1.5588525433562746e-92
170,1.1883807979405689e-93
171,8.92300700468029e-95
172,6.598904758563441e-96
173,4.80659471787287e-97
174,3.448324816774816e-98
175,2.436597805465799e-99
176,1.695760629408146e-100
177,1.1623857187314083e-101
178,7.847674858509906e-103
179,5.218392666672317e-104
180,3.417728243825535e-105
181,2.204668605702117e-106
182,1.4007290203772e-107
183,8.765363951058836e-109
184,5.402450526477542e-110
185,3.279568163365064e-111
186,1.9608643165836685e-112
187,1.1547379612379896e-113
188,6.697679493055266e-115
189,3.8262231717283445e-116
190,2.152887082530915e-117
191,1.1931010411473417e-118
192,6.512357233534467e-120
193,3.501097656962649e-121
194,1.8538528212764286e-122
195,9.66832627122931e-124
196,4.966293267173766e-125
197,2.5125715841311908e-126
198,1.2520150348690158e-127
199,6.144770437296385e-129
200,2.9703443485421193e-130
201,1.4142069085921266e-131
202,6.631688639911811e-133
203,3.0629529045359966e-134
204,1.3933541932148958e-135
205,6.242919815397122e-137
206,2.754983505520716e-138
207,1.197444152139949e-139
208,5.126211847613687e-141
209,2.161438340380269e-142
210,8.976234089713209e-144
211,3.671558964331255e-145
212,1.4791487907247008e-146
213,5.869190914313961e-148
214,2.293768733589897e-149
215,8.82929522973876e-151
216,3.3473988858944363e-152
217,1.249953664001438e-153
218,4.597115114196486e-155
219,1.665259277945094e-156
220,5.941325735168041e-158
221,2.0878047579414524e-159
222,7.226057628847158e-161
223,2.4633038003285134e-162
224,8.270648258622685e-164
225,2.7350555011392856e-165
226,8.908359902283991e-167
227,2.857816789891055e-168
228,9.029756323524637e-170
229,2.8101059600840206e-171
230,8.613395314088652e-173
231,2.600345658323301e-174
232,7.732017027475945e-176
233,2.2644333379118268e-177
234,6.531776211074268e-179
235,1.8557012980114073e-180
236,5.1926597293191354e-182
237,1.4311220588536677e-183
238,3.884798571404173e-185
239,1.03864073899056e-186
240,2.735062273484827e-188
241,7.093720997006167e-190
242,1.81211604464798e-191
243,4.559349937854196e-193
244,1.1298606021371345e-194
245,2.7577304997031875e-196
246,6.629546141784795e-198
247,1.5697149380860092e-199
248,3.660688736991209e-201
249,8.408331646365777e-203
250,1.90222498345561e-204
251,4.238565977817679e-206
252,9.302100611365461e-208
253,2.0107039702767057e-209
254,4.280753856931342e-211
