0,1043.6863630972048
1,1117.0043792644867
2,1193.4095023880404
3,1272.840121137291
4,1355.2142820295635
5,1440.4289204872057
6,1528.3592294289526
7,1618.8581810297528
8,1711.7562163731616
9,1806.8611165438297
10,1903.958067266901
11,2002.809927503389
12,2103.157710467997
13,2204.721283365504
14,2307.2002897658617
15,2410.2752959835702
16,2513.609160125161
17,2616.848619655415
18,2719.626090447679
19,2821.561667368751
20,2922.265313549169
21,3021.3392226519
22,3118.3803357237757
23,3212.982991641765
24,3304.7416877967494
25,3393.253925535221
26,3478.1231130458505
28,3635.393092077302
30,3773.6081449929957
32,3890.1040646987362
34,3982.581149759034
37,4072.3291455328313
39,4097.734124158021
41,4085.037927433329
43,3994.782080517502
45,3827.9758038656023
48,3456.560126703758
49,3307.1861349116193
52,2809.77046505449
54,2457.269799562136
56,2105.784545360386
58,1768.2925444452676
60,1455.0348272280917
63,1045.4736542095657
65,817.6738204835674
67,626.6516450014824
69,470.59939648730347
71,346.30250944006144
73,249.71176382102533
76,147.18882663895246
77,122.16393191812917
80,67.75106336889078
82,44.586706020148135
84,28.752376873802543
87,14.332999749517441
89,8.785230976344396
91,5.276529445437057
92,4.058243633883954
95,1.7909192412342319
98,0.7550345816478462
99,0.5604282286506478
102,0.22230442944200418
103,0.16168895945847853
106,0.060345619848041966
109,0.02151612672486163
110,0.015102879335496928
113,0.005066585388005883
114,0.0034848983619694615
117,0.0010999754761292619
119,0.0004971477260281564
123,9.554932847319816e-05
126,2.629537624139036e-05
128,1.0846453353693181e-05
131,2.766056799190229e-06
133,1.084469106688371e-06
137,1.5684354126287887e-07
140,3.487376558476682e-08
142,1.247845577043765e-08
145,2.571074372634557e-09
147,8.744286264876575e-10
150,1.669551242985265e-10
153,3.045286058128993e-11
156,5.306514921099297e-12
158,1.614002180265707e-12
161,2.60619557744149e-13
164,4.0203405697529714e-14
167,5.924771968689061e-15
169,1.611578137979903e-15
172,2.2008059611649455e-16
174,5.689959934107487e-17
177,7.200475643374322e-18
180,8.70494672524498e-19
183,1.005365560288244e-19
185,2.3245369747751803e-20
188,2.4878027064180436e-21
191,2.5435973733667437e-22
194,2.4844699844493797e-23
196,5.1372560099028334e-24
199,4.649841895882615e-25
202,4.0206671178097666e-26
204,7.664996067647192e-27
207,6.141768733745999e-28
210,4.70140794125497e-29
213,3.438075174855531e-30
216,2.401904605736075e-31
218,3.9721277672231546e-32
220,6.436796143937147e-33
224,1.5903771189465076e-34
227,9.396540831772296e-36
229,1.389698087679817e-36
232,7.608690827302633e-38
234,1.0695722315466477e-38
237,5.426517244320953e-40
240,2.630178420708169e-41
242,3.408801841472059e-42
245,1.5310429341865359e-43
254,1.0545372813115744e-47
