501.9758459676025,2.8349229006390197e-08
502.0758459676025,3.0951682476114476e-08
502.1758459676025,3.378479139919472e-08
502.27584596760255,3.686822193626823e-08
502.3758459676026,4.022324605150868e-08
502.4758459676026,4.387286635324386e-08
502.5758459676026,4.784195010357725e-08
502.67584596760264,5.215737302624209e-08
502.77584596760266,5.6848173581591694e-08
502.8758459676027,6.194571841954562e-08
502.9758459676027,6.748387976556546e-08
503.07584596760273,7.349922554143929e-08
503.17584596760275,8.003122307192903e-08
503.2758459676028,8.712245728028182e-08
503.3758459676028,9.481886433037234e-08
503.4758459676028,1.0316998173091947e-07
503.57584596760285,1.1222921597796814e-07
503.67584596760287,1.2205412887575602e-07
503.7758459676029,1.3270674374333025e-07
503.8758459676029,1.4425387278501e-07
503.97584596760294,1.567674669770915e-07
504.07584596760296,1.7032498990128464e-07
504.175845967603,1.8500981703732497e-07
504.275845967603,2.009116621132364e-07
504.375845967603,2.1812703220193908e-07
504.47584596760305,2.3675971334751374e-07
504.5758459676031,2.5692128860351634e-07
504.6758459676031,2.787316904695722e-07
504.7758459676031,3.0231978982112147e-07
504.87584596760314,3.2782402354085443e-07
504.97584596760316,3.553930631792564e-07
505.0758459676032,3.851865270958578e-07
505.1758459676032,4.1737573866257145e-07
505.27584596760323,4.521445332458677e-07
505.37584596760325,4.896901168258911e-07
505.4758459676033,5.302239792578936e-07
505.5758459676033,5.73972865334922e-07
505.6758459676033,6.21179806970574e-07
505.77584596760335,6.72105219987025e-07
505.87584596760337,7.270280691667134e-07
505.9758459676034,7.862471054059324e-07
506.0758459676034,8.500821789956225e-07
506.17584596760344,9.188756332486945e-07
506.27584596760346,9.929937828946546e-07
506.3758459676035,1.072828481871079e-06
506.4758459676035,1.158798785357897e-06
506.5758459676035,1.2513527111244282e-06
506.67584596760355,1.3509691054909728e-06
506.7758459676036,1.4581596194463743e-06
506.8758459676036,1.5734708007107091e-06
506.9758459676036,1.6974863077877695e-06
507.07584596760364,1.830829252315964e-06
507.17584596760366,1.9741646762978865e-06
507.2758459676037,2.1282021710690105e-06
507.3758459676037,2.2936986451540844e-06
507.47584596760373,2.4714612484560324e-06
507.57584596760375,2.6623504605266296e-06
507.6758459676038,2.867283350980731e-06
507.7758459676038,3.0872370204359563e-06
507.8758459676038,3.323252230688276e-06
507.97584596760385,3.576437233169592e-06
508.07584596760387,3.847971805076958e-06
508.1758459676039,4.139111502913771e-06
508.2758459676039,4.451192143541088e-06
508.37584596760394,4.785634523201873e-06
508.47584596760396,5.14394938535191e-06
508.575845967604,5.527742648508593e-06
508.675845967604,5.938720905711554e-06
508.775845967604,6.378697207577281e-06
508.87584596760405,6.849597141323348e-06
508.9758459676041,7.353465218534403e-06
509.0758459676041,7.89247158484409e-06
509.1758459676041,8.468919065110052e-06
509.27584596760414,9.085250558066567e-06
509.37584596760416,9.744056794846212e-06
509.4758459676042,1.0448084476172038e-05
509.5758459676042,1.120024480342922e-05
509.67584596760423,1.200362241923333e-05
509.77584596760425,1.2861484773518182e-05
509.8758459676043,1.3777291931568216e-05
509.9758459676043,1.4754706840819148e-05
510.0758459676043,1.5797606073642792e-05
510.17584596760435,1.6910091063719173e-05
510.27584596760437,1.809649985397548e-05
510.3758459676044,1.9361419374441525e-05
510.4758459676044,2.0709698268727884e-05
510.57584596760444,2.214646028817715e-05
510.67584596760446,2.3677118273071367e-05
510.7758459676045,2.5307388740590513e-05
510.8758459676045,2.704330709951556e-05
510.9758459676045,2.8891243511945107e-05
511.07584596760455,3.085791942255104e-05
511.1758459676046,3.295042477612734e-05
511.2758459676046,3.517623594439416e-05
511.3758459676046,3.7543234383193846e-05
511.47584596760464,4.005972604136251e-05
511.57584596760466,4.2734461542674306e-05
511.6758459676047,4.557665716233145e-05
511.7758459676047,4.859601661951503e-05
511.87584596760473,5.18027537075082e-05
511.97584596760476,5.520761578285913e-05
512.0758459676048,5.882190813496027e-05
512.1758459676048,6.265751925728122e-05
512.2758459676048,6.67269470412977e-05
512.3758459676048,7.104332591391435e-05
512.4758459676049,7.562045493887266e-05
512.5758459676049,8.047282690226808e-05
512.6758459676049,8.561565840187082e-05
512.7758459676049,9.106492095944553e-05
512.875845967605,9.683737317469398e-05
512.975845967605,0.00010295059393880564
513.075845967605,0.00010942301672487676
513.175845967605,0.00011627396497165723
513.275845967605,0.00012352368857620252
513.3758459676051,0.00013119340151003124
513.4758459676051,0.0001393053205723299
513.5758459676051,0.00014788270529258587
513.6758459676051,0.00015694989899377748
513.7758459676052,0.00016653237102589783
513.8758459676052,0.00017665676017812712
513.9758459676052,0.00018735091927640898
514.0758459676052,0.00019864396097150856
514.1758459676053,0.00021056630472084814
514.2758459676053,0.00022314972496551217
514.3758459676053,0.00023642740050179817
514.4758459676053,0.00025043396504454384
514.5758459676053,0.00026520555897720943
514.6758459676054,0.00028077988228129744
514.7758459676054,0.0002971962486351815
514.8758459676054,0.0003144956406697739
514.9758459676054,0.00033272076636568565
515.0758459676055,0.00035191611657363315
515.1758459676055,0.0003721280236367867
515.2758459676055,0.0003934047210906192
515.3758459676055,0.00041579640441246355
515.4758459676056,0.00043935529278957725
515.5758459676056,0.000464135691870919
515.6758459676056,0.00049019405746413
515.7758459676056,0.0005175890601353722
515.8758459676056,0.0005463816506656915
515.9758459676057,0.0005766351263134666
516.0758459676057,0.0006084151978282555
516.1758459676057,0.0006417900571569978
516.2758459676057,0.0006768304457790267
516.3758459676058,0.0007136097236017361
516.4758459676058,0.0007522039383440172
516.5758459676058,0.0007926918953297344
516.6758459676058,0.0008351552276085577
516.7758459676058,0.0008796784663164136
516.8758459676059,0.0009263491111826635
516.9758459676059,0.0009752577010858635
517.0758459676059,0.0010264978845546566
517.1758459676059,0.001080166490104909
517.275845967606,0.0011363635962987546
517.375845967606,0.0011951926014056621
517.475845967606,0.00125676029254007
517.575845967606,0.0013211769141444933
517.675845967606,0.0013885562356813462
517.7758459676061,0.0014590156183910878
517.8758459676061,0.0015326760809685719
517.9758459676061,0.0016096623640038238
518.0758459676061,0.0016901029930278255
518.1758459676062,0.001774130339998228
518.2758459676062,0.0018618806830543858
518.3758459676062,0.001953494264365516
518.4758459676062,0.00204911534589043
518.5758459676063,0.002148892262861853
518.6758459676063,0.002252977474803169
518.7758459676063,0.002361527613880311
518.8758459676063,0.002474703530386492
518.9758459676063,0.0025926703351527437
519.0758459676064,0.0027155974386725667
519.1758459676064,0.002843658586724556
519.2758459676064,0.0029770318922727086
519.3758459676064,0.00311589986342013
519.4758459676065,0.003260449427188122
519.5758459676065,0.0034108719488892933
519.6758459676065,0.0035673632468601452
519.7758459676065,0.0037301236023157915
519.8758459676066,0.0038993577640870723
519.9758459676066,0.00407527494799816
520.0758459676066,0.004258088830641125
520.1758459676066,0.004448017537302606
520.2758459676066,0.004645283623796832
520.3758459676067,0.00485011405195893
520.4758459676067,0.005062740158552397
520.5758459676067,0.005283397617345286
520.6758459676067,0.005512326394110648
520.7758459676068,0.005749770694308398
520.8758459676068,0.005995978903207964
520.9758459676068,0.0062512035182138055
521.0758459676068,0.0065157010731591355
521.1758459676068,0.006789732054337305
521.2758459676069,0.0070735608080446455
521.3758459676069,0.007367455439413984
521.4758459676069,0.007671687702323784
521.5758459676069,0.00798653288017451
521.675845967607,0.008312269657330939
521.775845967607,0.008649179981037267
521.875845967607,0.008997548913620257
521.975845967607,0.009357664474805355
522.075845967607,0.009729817473980521
522.1758459676071,0.010114301332253568
522.2758459676071,0.010511411894160305
522.3758459676071,0.010921447228893193
522.4758459676071,0.011344707420933126
522.5758459676072,0.011781494349981117
522.6758459676072,0.012232111460100894
522.7758459676072,0.012696863517999035
522.8758459676072,0.013176056360385146
522.9758459676073,0.013669996630371566
523.0758459676073,0.014178991502889485
523.1758459676073,0.014703348399116576
523.2758459676073,0.015243374689930466
523.3758459676073,0.01579937738842155
523.4758459676074,0.016371662831519387
523.5758459676074,0.016960536350807374
523.6758459676074,0.01756630193262263
523.7758459676074,0.018189261867559328
523.8758459676075,0.018829716389516953
523.9758459676075,0.019487963304458417
524.0758459676075,0.02016429760906583
524.1758459676075,0.020859011099507094
524.2758459676076,0.021572391970550057
524.3758459676076,0.022304724405286823
524.4758459676076,0.023056288155755753
524.5758459676076,0.02382735811477446
524.6758459676076,0.02461820387932314
524.7758459676077,0.025429089305843682
524.8758459676077,0.026260272057846288
524.9758459676077,0.027112003146241716
525.0758459676077,0.02798452646284385
525.1758459676078,0.028878078307513603
525.2758459676078,0.029792886909441527
525.3758459676078,0.03072917194309294
525.4758459676078,0.031687144039365234
525.5758459676078,0.0326670042925328
525.6758459676079,0.03366894376358063
525.7758459676079,0.03469314298055275
525.8758459676079,0.03573977143656596
525.9758459676079,0.03680898708616371
526.075845967608,0.03790093584070841
526.175845967608,0.03901575106353323
526.275845967608,0.04015355306559643
526.375845967608,0.04131444860240273
526.475845967608,0.042498530372976386
526.5758459676081,0.04370587652169033
526.6758459676081,0.044936550143773867
526.7758459676081,0.04619059879533879
526.8758459676081,0.04746805400878019
526.9758459676082,0.04876893081442246
527.0758459676082,0.050093227269295666
527.1758459676082,0.051440923993938285
527.2758459676082,0.05281198371813446
527.3758459676083,0.05420635083650226
527.4758459676083,0.055623950974857575
527.5758459676083,0.05706469056828426
527.6758459676083,0.05852845645184563
527.7758459676083,0.060015115464874945
527.8758459676084,0.06152451406978362
527.9758459676084,0.06305647798632494
528.0758459676084,0.06461081184224791
528.1758459676084,0.06618729884127181
528.2758459676085,0.0677857004493046
528.3758459676085,0.0694057560998201
528.4758459676085,0.07104718291929835
528.5758459676085,0.07270967547361991
528.6758459676086,0.07439290553629131
528.7758459676086,0.07609652187936079
528.8758459676086,0.07782015008786534
528.9758459676086,0.07956339239862824
529.0758459676086,0.08132582756420399
529.1758459676087,0.08310701074274078
529.2758459676087,0.08490647341450513
529.3758459676087,0.08672372332578195
529.4758459676087,0.08855824446083305
529.5758459676088,0.0904094970425629
529.6758459676088,0.09227691756250524
529.7758459676088,0.0941599188407057
529.8758459676088,0.09605789011603755
529.9758459676088,0.09797019716744494
530.0758459676089,0.09989618246656523
530.1758459676089,0.1018351653621375
530.2758459676089,0.10378644229655684
530.3758459676089,0.10574928705488626
530.475845967609,0.1077229510465879
530.575845967609,0.10970666362018389
530.675845967609,0.11169963241100428
530.775845967609,0.11370104372212558
530.875845967609,0.11571006293854837
530.9758459676091,0.11772583497460498
531.0758459676091,0.11974748475453216
531.1758459676091,0.12177411772608446
531.2758459676091,0.12380482040700518
531.3758459676092,0.12583866096411175
531.4758459676092,0.12787468982469263
531.5758459676092,0.12991194031985115
531.6758459676092,0.1319494293593719
531.7758459676093,0.13398615813762266
531.8758459676093,0.13602111286994448
531.9758459676093,0.13805326555892147
532.0758459676093,0.14008157478986039
532.1758459676093,0.14210498655474962
532.2758459676094,0.144122435103908
532.3758459676094,0.14613284382447303
532.4758459676094,0.14813512614482133
532.5758459676094,0.1501281864639546
532.6758459676095,0.15211092110482954
532.7758459676095,0.15408221929055368
532.8758459676095,0.1560409641423158
532.9758459676095,0.15798603369786665
533.0758459676096,0.15991630194931516
533.1758459676096,0.16183063989895669
533.2758459676096,0.16372791663180117
533.3758459676096,0.16560700040342607
533.4758459676096,0.16746675974173433
533.5758459676097,0.16930606456115735
533.6758459676097,0.17112378728780492
533.7758459676097,0.17291880399402842
533.8758459676097,0.17468999554082923
533.9758459676098,0.1764362487265153
534.0758459676098,0.17815645743998013
534.1758459676098,0.1798495238169539
534.2758459676098,0.18151435939755511
534.3758459676098,0.1831498862834514
534.4758459676099,0.1847550382929237
534.5758459676099,0.18632876211211435
534.6758459676099,0.18787001844073242
534.7758459676099,0.18937778313048073
534.87584596761,0.19085104831447025
534.97584596761,0.19228882352588475
535.07584596761,0.1936901368041662
535.17584596761,0.19505403578699626
535.27584596761,0.1963795887863627
535.3758459676101,0.19766588584701264
535.4758459676101,0.19891203978561328
535.5758459676101,0.200117187208962
535.6758459676101,0.20128048950961264
535.7758459676102,0.20240113383731298
535.8758459676102,0.20347833404467994
535.9758459676102,0.2045113316055739
536.0758459676102,0.20549939650467114
536.1758459676103,0.2064418280967757
536.2758459676103,0.2073379559344544
536.3758459676103,0.20818714056262816
536.4758459676103,0.2089887742788008
536.5758459676103,0.20974228185766108
536.6758459676104,0.21044712123884837
536.7758459676104,0.21110278417673145
536.8758459676104,0.2117087968511096
536.9758459676104,0.2122647204378094
537.0758459676105,0.21277015163821494
537.1758459676105,0.2132247231668374
537.2758459676105,0.21362810419609857
537.3758459676105,0.21398000075757415
537.4758459676106,0.21428015609901616
537.5758459676106,0.21452835099654705
537.6758459676106,0.214724404021494
537.7758459676106,0.21486817176140927
537.8758459676106,0.21495954899489889
537.9758459676107,0.21499846881996235
538.0758459676107,0.2149948892701548
538.1758459676107,0.21497252990409765
538.2758459676107,0.21493240912035683
538.3758459676108,0.21487453686442545
538.4758459676108,0.2147989274800073
538.5758459676108,0.2147055997030919
538.6758459676108,0.21459457665421663
538.7758459676108,0.21446588582892087
538.8758459676109,0.21431955908639716
538.9758459676109,0.21415563263634627
539.0758459676109,0.2139741470240438
539.1758459676109,0.21377514711362647
539.275845967611,0.21355868206960849
539.375845967611,0.21332480533663792
539.475845967611,0.21307357461750534
539.575845967611,0.21280505184941687
539.675845967611,0.21251930317854592
539.7758459676111,0.21221639893287741
539.8758459676111,0.211896413593361
539.9758459676111,0.21155942576338935
540.0758459676111,0.2112055181366188
540.1758459676112,0.21083477746315146
540.2758459676112,0.21044729451409755
540.3758459676112,0.21004316404453852
540.4758459676112,0.2096224847549121
540.5758459676113,0.20918535925084114
540.6758459676113,0.20873189400142927
540.7758459676113,0.20826219929604717
540.8758459676113,0.20777638919963384
540.9758459676113,0.20727458150653819
541.0758459676114,0.2067568976929275
541.1758459676114,0.20622346286778884
541.2758459676114,0.20567440572255238
541.3758459676114,0.20510985847936355
541.4758459676115,0.20452995683803407
541.5758459676115,0.20393483992170164
541.6758459676115,0.20332465022122817
541.7758459676115,0.20269953353836812
541.8758459676116,0.20205963892773848
541.9758459676116,0.2014051186376229
542.0758459676116,0.2007361280496424
542.1758459676116,0.20005282561732673
542.2758459676116,0.19935537280361992
542.3758459676117,0.1986439340173545
542.4758459676117,0.1979186765487295
542.5758459676117,0.19717977050382773
542.6758459676117,0.19642738873820792
542.7758459676118,0.19566170678960798
542.8758459676118,0.19488290280979628
542.9758459676118,0.19409115749560785
543.0758459676118,0.19328665401920217
543.1758459676118,0.1924695779575814
543.2758459676119,0.1916401172214057
543.3758459676119,0.19079846198314465
543.4758459676119,0.18994480460460245
543.5758459676119,0.18907933956385592
543.675845967612,0.18820226338164414
543.775845967612,0.18731377454724785
543.875845967612,0.18641407344389851
543.975845967612,0.18550336227375552
544.075845967612,0.18458184498249083
544.1758459676121,0.18364972718352038
544.2758459676121,0.18270721608192142
544.3758459676121,0.18175452039807463
544.4758459676121,0.1807918502910707
544.5758459676122,0.1798194172819202
544.6758459676122,0.1788374341766055
544.7758459676122,0.1778461149890143
544.8758459676122,0.17684567486379252
544.9758459676123,0.17583632999915635
545.0758459676123,0.17481829756970063
545.1758459676123,0.17379179564924277
545.2758459676123,0.17275704313373938
545.3758459676123,0.17171425966431386
545.4758459676124,0.17066366555043208
545.5758459676124,0.16960548169326303
545.6758459676124,0.16853992950926194
545.7758459676124,0.16746723085401127
545.8758459676125,0.16638760794635665
545.9758459676125,0.16530128329287253
546.0758459676125,0.1642084796126933
546.1758459676125,0.16310941976274465
546.2758459676126,0.16200432666340928
546.3758459676126,0.1608934232246608
546.4758459676126,0.15977693227269954
546.5758459676126,0.15865507647712287
546.6758459676126,0.15752807827866233
546.7758459676127,0.1563961598175193
546.8758459676127,0.15525954286233076
546.9758459676127,0.1541184487397953
547.0758459676127,0.1529730982649897
547.1758459676128,0.15182371167240544
547.2758459676128,0.15067050854773373
547.3758459676128,0.14951370776042766
547.4758459676128,0.14835352739706817
547.5758459676128,0.14719018469556144
547.6758459676129,0.1460238959801936
547.7758459676129,0.1448548765975675
547.8758459676129,0.14368334085344742
547.9758459676129,0.14250950195053494
548.075845967613,0.14133357192719923
548.175845967613,0.14015576159718476
548.275845967613,0.13897628049031782
548.375845967613,0.13779533679423306
548.475845967613,0.13661313729714022
548.5758459676131,0.13542988733165076
548.6758459676131,0.13424579071968284
548.7758459676131,0.13306104971846278
548.8758459676131,0.13187586496764006
548.9758459676132,0.13069043543753248
549.0758459676132,0.1295049583785166
549.1758459676132,0.1283196292715787
549.2758459676132,0.12713464178003986
549.3758459676133,0.1259501877024688
549.4758459676133,0.1247664569267942
549.5758459676133,0.12358363738562864
549.6758459676133,0.12240191501281486
549.7758459676133,0.12122147370120379
549.8758459676134,0.12004249526167414
549.9758459676134,0.1188651593834016
550.0758459676134,0.11768964359538509
550.1758459676134,0.11651612322923713
550.2758459676135,0.1153447713832441
550.3758459676135,0.11417575888770139
550.4758459676135,0.11300925427152834
550.5758459676135,0.11184542373016602
550.6758459676136,0.11068443109476092
550.7758459676136,0.10952643780263698
