501.9758459676025,0.0060632062782868795
502.0758459676025,0.0062505461933040785
502.1758459676025,0.006442923278209518
502.27584596760255,0.006640447018908708
502.3758459676026,0.006843228436811253
502.4758459676026,0.0070513800833425086
502.5758459676026,0.00726501603338187
502.67584596760264,0.007484251877599686
502.77584596760266,0.007709204713664611
502.8758459676027,0.007939993136293526
502.9758459676027,0.008176737226116077
503.07584596760273,0.008419558537326184
503.17584596760275,0.008668580084092948
503.2758459676028,0.00892392632570357
503.3758459676028,0.009185723150411254
503.4758459676028,0.009454097857961207
503.57584596760285,0.00972917914076819
503.67584596760287,0.01001109706371947
503.7758459676029,0.010299983042577291
503.8758459676029,0.010595969820955517
503.97584596760294,0.010899191445845379
504.07584596760296,0.011209783241665865
504.175845967603,0.01152788178281483
504.275845967603,0.011853624864697295
504.375845967603,0.012187151473208101
504.47584596760305,0.012528601752646874
504.5758459676031,0.012878116972043477
504.6758459676031,0.013235839489873398
504.7758459676031,0.013601912717142766
504.87584596760314,0.01397648107882387
504.97584596760316,0.014359689973622544
505.0758459676032,0.014751685732059995
505.1758459676032,0.015152615572852204
505.27584596760323,0.015562627557571276
505.37584596760325,0.015981870543573924
505.4758459676033,0.016410494135183418
505.5758459676033,0.016848648633112223
505.6758459676033,0.017296484982114033
505.77584596760335,0.017754154716854476
505.87584596760337,0.018221809905991624
505.9758459676034,0.01869960309445812
506.0758459676034,0.019187687243938437
506.17584596760344,0.01968621567153575
506.27584596760346,0.020195341986624434
506.3758459676035,0.020715220025885706
506.4758459676035,0.021246003786525126
506.5758459676035,0.021787847357672217
506.67584596760355,0.022340904849964132
506.7758459676036,0.022905330323316573
506.8758459676036,0.023481277712887084
506.9758459676036,0.0240689007532371
507.07584596760364,0.024668352900701008
507.17584596760366,0.02527978725397222
507.2758459676037,0.025903356472917652
507.3758459676037,0.026539212695634373
507.47584596760373,0.02718750745376304
507.57584596760375,0.02784839158607566
507.6758459676038,0.02852201515035594
507.7758459676038,0.029208527333593547
507.8758459676038,0.029908076360514086
507.97584596760385,0.03062080940047013
508.07584596760387,0.031346872472719084
508.1758459676039,0.03208641035011658
508.2758459676039,0.032839566461255944
508.37584596760394,0.03360648279108581
508.47584596760396,0.034387299780040584
508.575845967604,0.03518215622172013
508.675845967604,0.035991189159157215
508.775845967604,0.036814533779713186
508.87584596760405,0.03765232330864481
508.9758459676041,0.03850468890138675
509.0758459676041,0.03937175953459658
509.1758459676041,0.04025366189601133
509.27584596760414,0.04115052027316642
509.37584596760416,0.0420624564410303
509.4758459676042,0.042989589548609715
509.5758459676042,0.043932036004583036
509.67584596760423,0.04488990936202106
509.77584596760425,0.04586332020225623
509.8758459676043,0.046852376017964555
509.9758459676043,0.04785718109552475
510.0758459676043,0.048877836396723044
510.17584596760435,0.04991443943987224
510.27584596760437,0.05096708418041752
510.3758459676044,0.052035860891101376
510.4758459676044,0.053120856041763996
510.57584596760444,0.05422215217885573
510.67584596760446,0.05533982780474091
510.7758459676045,0.05647395725687428
510.8758459676045,0.05762461058693218
510.9758459676045,0.05879185343998361
511.07584596760455,0.05997574693378692
511.1758459676046,0.06117634753830014
511.2758459676046,0.06239370695549435
511.3758459676046,0.06362787199956119
511.47584596760464,0.06487888447760687
511.57584596760466,0.066146781070927
511.6758459676047,0.06743159321695684
511.7758459676047,0.06873334699199456
511.87584596760473,0.07005206299479481
511.97584596760476,0.07138775623113187
512.0758459676048,0.07274043599943264
512.1758459676048,0.07411010577758102
512.2758459676048,0.07549676311099514
512.3758459676048,0.07690039950208162
512.4758459676049,0.07832100030117022
512.5758459676049,0.07975854459903342
512.6758459676049,0.08121300512109692
512.7758459676049,0.08268434812344631
512.875845967605,0.08417253329073669
512.975845967605,0.08567751363611184
513.075845967605,0.08719923540324005
513.175845967605,0.08873763797057364
513.275845967605,0.09029265375793986
513.3758459676051,0.09186420813557006
513.4758459676051,0.09345221933567484
513.5758459676051,0.09505659836667146
513.6758459676051,0.09667724893017116
513.7758459676052,0.09831406734083149
513.8758459676052,0.09996694244918068
513.9758459676052,0.1016357555675178
514.0758459676052,0.10332038039899429
514.1758459676053,0.10502068296997939
514.2758459676053,0.10673652156581274
514.3758459676053,0.108467746670045
514.4758459676053,0.11021420090726695
514.5758459676053,0.11197571898962641
514.6758459676054,0.11375212766712968
514.7758459676054,0.11554324568182442
514.8758459676054,0.11734888372595718
514.9758459676054,0.11916884440419961
515.0758459676055,0.12100292220003236
515.1758459676055,0.1228509034463768
515.2758459676055,0.1247125663005601
515.3758459676055,0.12658768072369866
515.4758459676056,0.12847600846458163
515.5758459676056,0.13037730304813386
515.6758459676056,0.13229130976853584
515.7758459676056,0.1342177656870743
515.8758459676056,0.13615639963479537
515.9758459676057,0.1381069322200289
516.0758459676057,0.14006907584084952
516.1758459676057,0.14204253470253664
516.2758459676057,0.1440270048400937
516.3758459676058,0.14602217414588106
516.4758459676058,0.14802772240241693
516.5758459676058,0.15004332132039402
516.6758459676058,0.15206863458195793
516.7758459676058,0.15410331788928938
516.8758459676059,0.15614701901852762
516.9758459676059,0.15819937787906946
517.0758459676059,0.16026002657827457
517.1758459676059,0.162328589491602
517.275845967606,0.16440468333820113
517.375845967606,0.16648791726197434
517.475845967606,0.1685778929181248
517.575845967606,0.170674204565199
517.675845967606,0.17277643916262853
517.7758459676061,0.17488417647377164
517.8758459676061,0.17699698917445056
517.9758459676061,0.17911444296697548
518.0758459676061,0.18123609669964266
518.1758459676062,0.18336150249168734
518.2758459676062,0.18549020586367065
518.3758459676062,0.18762174587327127
518.4758459676062,0.1897556552564513
518.5758459676063,0.19189146057395806
518.6758459676063,0.1940286823631209
518.7758459676063,0.19616683529489645
518.8758459676063,0.19830542833611042
518.9758459676063,0.20044396491684016
519.0758459676064,0.20258194310287675
519.1758459676064,0.20471885577320056
519.2758459676064,0.20685419080239992
519.3758459676064,0.20898743124795702
519.4758459676065,0.21111805554232063
519.5758459676065,0.21324553768968094
519.6758459676065,0.21536934746735625
519.7758459676065,0.2174889506316971
519.8758459676066,0.2196038091284086
519.9758459676066,0.22171338130718743
520.0758459676066,0.22381712214056423
520.1758459676066,0.2259144834468396
520.2758459676066,0.22800491411699553
520.3758459676067,0.23008786034546072
520.4758459676067,0.23216276586460388
520.5758459676067,0.23422907218282477
520.6758459676067,0.23628621882610806
520.7758459676068,0.23833364358290232
520.8758459676068,0.24037078275218093
520.9758459676068,0.2423970713945388
521.0758459676068,0.24441194358617566
521.1758459676068,0.24641483267561018
521.2758459676069,0.24840517154297026
521.3758459676069,0.2503823928616964
521.4758459676069,0.25234592936249545
521.5758459676069,0.2542952140993776
521.675845967607,0.25622968071760555
521.775845967607,0.258148763723383
521.875845967607,0.2600518987551075
521.975845967607,0.2619385228560074
522.075845967607,0.2638080747479834
522.1758459676071,0.2656599951064703
522.2758459676071,0.26749372683613404
522.3758459676071,0.26930871534721595
522.4758459676071,0.2711044088323355
522.5758459676072,0.27288025854355946
522.6758459676072,0.27463571906954576
522.7758459676072,0.27637024861256754
522.8758459676072,0.2780833092652221
522.9758459676073,0.27977436728662913
523.0758459676073,0.28144289337792056
523.1758459676073,0.28308836295682477
523.2758459676073,0.2847102564311469
523.3758459676073,0.2863080594709464
523.4758459676074,0.2878812632792146
523.5758459676074,0.2894293648608516
523.6758459676074,0.29095186728974654
523.7758459676074,0.2924482799737626
523.8758459676075,0.2939181189174284
523.9758459676075,0.2953609069821423
524.0758459676075,0.2967761741436914
524.1758459676075,0.29816345774689307
524.2758459676076,0.2995223027571658
524.3758459676076,0.30085226200883786
524.4758459676076,0.3021528964500051
524.5758459676076,0.30342377538375015
524.6758459676076,0.30466447670553787
524.7758459676077,0.3058745871366037
524.8758459676077,0.3070537024531554
524.9758459676077,0.30820142771120956
525.0758459676077,0.30931737746688814
525.1758459676078,0.3104011759920037
525.2758459676078,0.3114524574847634
525.3758459676078,0.31247086627542864
525.4758459676078,0.3134560570267657
525.5758459676078,0.3144076949291317
525.6758459676079,0.3153254558900404
525.7758459676079,0.3162090267180584
525.8758459676079,0.3170581053008848
525.9758459676079,0.31787240077747314
526.075845967608,0.3186516337040587
526.175845967608,0.3193955362139579
526.275845967608,0.3201038521710121
526.375845967608,0.32077633731655275
526.475845967608,0.3214127594097701
526.5758459676081,0.32201289836137204
526.6758459676081,0.322576546360426
526.7758459676081,0.32310350799428106
526.8758459676081,0.32359360036147367
526.9758459676082,0.32404665317752546
527.0758459676082,0.32446250887354794
527.1758459676082,0.3248410226875733
527.2758459676082,0.3251820627485383
527.3758459676083,0.32548551015285165
527.4758459676083,0.3257512590334846
527.5758459676083,0.32597921662152624
527.6758459676083,0.3261693033001551
527.7758459676083,0.3263214526509826
527.8758459676084,0.32643561149273037
527.9758459676084,0.32651173991221005
528.0758459676084,0.3265498112875803
528.1758459676084,0.3265322364952867
528.2758459676085,0.3263536019173812
528.3758459676085,0.32599662112069416
528.4758459676085,0.32546187956931916
528.5758459676085,0.3247502534625251
528.6758459676086,0.32386290734237155
528.7758459676086,0.3228012909181014
528.8758459676086,0.3215671351194325
528.9758459676086,0.32016244739378835
529.0758459676086,0.31858950626535015
529.1758459676087,0.3168508551765747
529.2758459676087,0.31494929563547275
529.3758459676087,0.31288787969449194
529.4758459676087,0.3106699017892621
529.5758459676088,0.30829888996774407
529.6758459676088,0.30577859654245804
529.7758459676088,0.3031129882004449
529.8758459676088,0.3003062356074274
529.9758459676088,0.2973627025442788
530.0758459676089,0.2942869346153675
530.1758459676089,0.291083647569621
530.2758459676089,0.2877577152762417
530.3758459676089,0.2843141573978957
530.475845967609,0.2807581268048981
530.575845967609,0.2770948967744152
530.675845967609,0.27332984801900917
530.775845967609,0.26946845558895755
530.875845967609,0.26551627569269187
530.9758459676091,0.2614789324794222
531.0758459676091,0.2573621048275446
531.1758459676091,0.25317151318178355
531.2758459676091,0.24891290648119044
531.3758459676092,0.24459204921912517
531.4758459676092,0.24021470867518818
531.5758459676092,0.23578664235775462
531.6758459676092,0.2313135856943045
531.7758459676093,0.22680124000514576
531.8758459676093,0.22225526079440683
531.9758459676093,0.21768124639033767
532.0758459676093,0.21308472696501937
532.1758459676093,0.20847115396154714
532.2758459676094,0.20384588995464029
532.3758459676094,0.19921419896844808
532.4758459676094,0.19458123727308163
532.5758459676094,0.18995204467911816
532.6758459676095,0.18533153634700658
532.7758459676095,0.18072449512596594
532.8758459676095,0.17613556443462328
532.9758459676095,0.1715692416932925
533.0758459676096,0.16702987231546781
533.1758459676096,0.16252164426380222
533.2758459676096,0.15804858317357082
533.3758459676096,0.1536145480443995
533.4758459676096,0.1492232274988699
533.5758459676097,0.1448781366045106
533.6758459676097,0.1405826142536555
533.7758459676097,0.13633982109369844
533.8758459676097,0.13215273799841656
533.9758459676098,0.12802416506926448
534.0758459676098,0.12395672115387718
534.1758459676098,0.11995284386745754
534.2758459676098,0.11601479010127297
534.3758459676098,0.11214463700114778
534.4758459676099,0.10834428339761532
534.5758459676099,0.1046154516682899
534.6758459676099,0.10095969001203624
534.7758459676099,0.09737837511364857
534.87584596761,0.09387271517701128
534.97584596761,0.09044375330408937
535.07584596761,0.08709237119659441
535.17584596761,0.08381929315678605
535.27584596761,0.08062509036359766
535.3758459676101,0.0775101854001171
535.4758459676101,0.07447485700840223
535.5758459676101,0.07151924504766731
535.6758459676101,0.0686433556320315
535.7758459676102,0.06584706642427238
535.8758459676102,0.06313013206237092
535.9758459676102,0.06049218969606333
536.0758459676102,0.057932764611123795
536.1758459676103,0.055451275919687536
536.2758459676103,0.053047042295575164
536.3758459676103,0.050719287734295924
536.4758459676103,0.048467147318179395
536.5758459676103,0.04628967296790883
536.6758459676104,0.044185839162596156
536.7758459676104,0.042154548611444846
536.8758459676104,0.04019463786098543
536.9758459676104,0.038304882822831954
537.0758459676105,0.03648400420789401
537.1758459676105,0.03473067285397728
537.2758459676105,0.033043514934716314
537.3758459676105,0.03142111703879526
537.4758459676106,0.029862031109425428
537.5758459676106,0.028364779235054247
537.6758459676106,0.026927858283277158
537.7758459676106,0.02554974437090454
537.8758459676106,0.024228897164099303
537.9758459676107,0.022963764003440936
538.0758459676107,0.021752783849686808
538.1758459676107,0.020594391046887317
538.2758459676107,0.019487018900366332
538.3758459676108,0.01842910306789849
538.4758459676108,0.01741908476319966
538.5758459676108,0.01645541377159284
538.6758459676108,0.01553655127841876
538.7758459676108,0.014660972511426763
538.8758459676109,0.013827169199005217
538.9758459676109,0.013033651846693176
539.0758459676109,0.012278951834953743
539.1758459676109,0.011561623341685527
539.275845967611,0.010880245093401669
539.375845967611,0.01023342194941634
539.475845967611,0.009619786323746415
539.575845967611,0.009037999449763212
539.675845967611,0.00848675249291466
539.7758459676111,0.007964767517085204
539.8758459676111,0.007470798310368462
539.9758459676111,0.0070036310761990885
540.0758459676111,0.006562084995925083
540.1758459676112,0.0061450126690037075
540.2758459676112,0.005751300437072426
540.3758459676112,0.005379868598184621
540.4758459676112,0.0050296715175087384
540.5758459676113,0.004699697640771112
540.6758459676113,0.0043889694166792835
540.7758459676113,0.004096543134495204
540.8758459676113,0.003821508682838797
540.9758459676113,0.003562989235693483
541.0758459676114,0.003320140871458454
541.1758459676114,0.003092152130749154
541.2758459676114,0.0028782435184899484
541.3758459676114,0.0026776669556724244
541.4758459676115,0.0024897051859713586
541.5758459676115,0.0023136711422193875
541.6758459676115,0.002148907277542535
541.7758459676115,0.0019947848657535486
541.8758459676116,0.0018507032753896195
541.9758459676116,0.0017160892215672533
542.0758459676116,0.0015903959996107222
542.1758459676116,0.0014731027041931092
542.2758459676116,0.001363713437511405
542.3758459676117,0.0012617565098006608
542.4758459676117,0.0011667836352775404
542.5758459676117,0.001078369126391835
542.6758459676117,0.0009961090890563593
542.7758459676118,0.0009196206213217243
542.8758459676118,0.0008485410177636132
542.9758459676118,0.0007825269816568077
543.0758459676118,0.0007212538468228244
543.1758459676118,0.0006644148108571661
543.2758459676119,0.000611720181268054
543.3758459676119,0.0005628966358915216
543.4758459676119,0.0005176864987880976
543.5758459676119,0.00047584703267416345
543.675845967612,0.0004371497487965582
543.775845967612,0.00040137973502222586
543.875845967612,0.00036833500278565654
543.975845967612,0.00033782585341555766
544.075845967612,0.0003096742642485499
544.1758459676121,0.0002837132948316339
544.2758459676121,0.0002597865134165863
544.3758459676121,0.0002377474438581527
544.4758459676121,0.000217459032943778
544.5758459676122,0.00019879313810539776
544.6758459676122,0.0001816300353933241
544.7758459676122,0.0001658579475282477
544.8758459676122,0.000151372591789603
544.9758459676123,0.00013807674744671994
545.0758459676123,0.00012587984239309055
545.1758459676123,0.00011469755860337043
545.2758459676123,0.00010445145599721234
545.3758459676123,9.506861426331734e-05
545.4758459676124,8.648129217100203e-05
545.5758459676124,7.862660387474513e-05
545.6758459676124,7.144621169938082e-05
545.7758459676124,6.488603487954161e-05
545.8758459676125,5.889597371634772e-05
545.9758459676125,5.3429648606949914e-05
546.0758459676125,4.844415339808176e-05
546.1758459676125,4.38998225130224e-05
546.2758459676126,3.9760011302078514e-05
546.3758459676126,3.599088906962489e-05
546.4758459676126,3.2561244235681107e-05
546.5758459676126,2.9442301096732305e-05
546.6758459676126,2.660754765883214e-05
546.7758459676127,2.4032574025755453e-05
546.8758459676127,2.1694920835929073e-05
546.9758459676127,1.9573937253882216e-05
547.0758459676127,1.765064803487608e-05
547.1758459676128,1.5907629195038426e-05
547.2758459676128,1.4328891833613307e-05
547.3758459676128,1.289977366870951e-05
547.4758459676128,1.1606837863073774e-05
547.5758459676128,1.0437778731825826e-05
547.6758459676129,9.381333939665093e-06
547.7758459676129,8.427202810713362e-06
547.8758459676129,7.56597038980355e-06
547.9758459676129,6.789036909598266e-06
548.075845967613,6.088552333351089e-06
548.175845967613,5.457355658354467e-06
548.275845967613,4.888918680100246e-06
548.375845967613,4.377293931864464e-06
548.475845967613,3.917066528783777e-06
548.5758459676131,3.5033096594797404e-06
548.6758459676131,3.1315434818847696e-06
548.7758459676131,2.7976971931062186e-06
548.8758459676131,2.4980740559151584e-06
548.9758459676132,2.229319176749962e-06
549.0758459676132,1.98838984197217e-06
549.1758459676132,1.7725282304962062e-06
549.2758459676132,1.5792363318322059e-06
549.3758459676133,1.4062529090315276e-06
549.4758459676133,1.2515323560093411e-06
549.5758459676133,1.1132253082419966e-06
549.6758459676133,9.89660874904535e-07
549.7758459676133,8.793303691334111e-07
549.8758459676134,7.80872421280463e-07
549.9758459676134,6.930593677763802e-07
550.0758459676134,6.147848155575054e-07
550.1758459676134,5.450522889402449e-07
550.2758459676135,4.829648723665433e-07
550.3758459676135,4.277157686046382e-07
550.4758459676135,3.785796977862542e-07
550.5758459676135,3.3490506810846286e-07
550.6758459676136,2.9610685414028003e-07
550.7758459676136,2.6166012346524957e-07
