511.3949890236636,0.020961184394935658
511.4949890236636,0.021092395743554936
511.59498902366363,0.021224088851612543
511.69498902366365,0.021356262499734477
511.7949890236637,0.02148891543780571
511.8949890236637,0.021622046384859026
511.9949890236637,0.021755654028965593
512.0949890236637,0.021889737027127383
512.1949890236638,0.022024294005171398
512.2949890236638,0.022159323557645758
512.3949890236638,0.02229482424771766
512.4949890236638,0.022430794607073215
512.5949890236639,0.02256723313581919
512.6949890236639,0.02270413830238672
512.7949890236639,0.022841508543436966
512.8949890236639,0.022979342263768705
512.994989023664,0.023117637836227955
513.094989023664,0.02325639360161965
513.194989023664,0.023395607868621257
513.294989023664,0.023535278913698575
513.394989023664,0.02367540498102348
513.4949890236641,0.023815984282393912
513.5949890236641,0.02395701499715585
513.6949890236641,0.024098495272127506
513.7949890236641,0.02424042322152569
513.8949890236642,0.024382796926894264
513.9949890236642,0.024525614437034927
514.0949890236642,0.024668873767940084
514.1949890236642,0.024812572902728067
514.2949890236642,0.02495670979158056
514.3949890236643,0.025101282351682266
514.4949890236643,0.02524628846716297
514.5949890236643,0.02539172598904183
514.6949890236643,0.025537592735174048
514.7949890236644,0.025683886490199856
514.8949890236644,0.025830605005495933
514.9949890236644,0.02597774599912912
515.0949890236644,0.02612530715581267
515.1949890236644,0.02627328612686479
515.2949890236645,0.026421680530169727
515.3949890236645,0.026570487950141265
515.4949890236645,0.026719705937688694
515.5949890236645,0.026869332010185334
515.6949890236646,0.027019363651439487
515.7949890236646,0.027169798311668023
515.8949890236646,0.027320633407472372
515.9949890236646,0.027471866321817247
516.0949890236647,0.027623494404011798
516.1949890236647,0.027775514969693462
516.2949890236647,0.027927925300814362
516.3949890236647,0.02808072264563038
516.4949890236647,0.02823390421869283
516.5949890236648,0.02838746720084284
516.6949890236648,0.028541408739208334
516.7949890236648,0.028695725947203796
516.8949890236648,0.02885041590453265
516.9949890236649,0.029005475657192418
517.0949890236649,0.029160902217482562
517.1949890236649,0.02931669256401512
517.2949890236649,0.029472843641728055
517.394989023665,0.029629352361901413
517.494989023665,0.029786215602176244
517.594989023665,0.029943430206576326
517.694989023665,0.03010099298553272
517.794989023665,0.030258900715911117
517.8949890236651,0.03041715014104204
517.9949890236651,0.030575737970753896
518.0949890236651,0.03073466088140889
518.1949890236651,0.0308939155159418
518.2949890236652,0.031053498483901647
518.3949890236652,0.031213406361496217
518.4949890236652,0.031373635691639576
518.5949890236652,0.03153418298400242
518.6949890236652,0.031695044715065374
518.7949890236653,0.03185621732817524
518.8949890236653,0.032017697233604175
518.9949890236653,0.03217948080861182
519.0949890236653,0.03234156439751042
519.1949890236654,0.03250394431173285
519.2949890236654,0.03266661682990373
519.3949890236654,0.032829578197913434
519.4949890236654,0.03299282462899511
519.5949890236654,0.03315635230380473
519.6949890236655,0.03332015737050418
519.7949890236655,0.033484235944847264
519.8949890236655,0.033648584110268866
519.9949890236655,0.03381319791797702
520.0949890236656,0.033978073387048086
520.1949890236656,0.03414320650452501
520.2949890236656,0.034308593225518505
520.3949890236656,0.034474229473311406
520.4949890236657,0.03464011113946603
520.5949890236657,0.03480623408393458
520.6949890236657,0.03497259413517267
520.7949890236657,0.035139187090255895
520.8949890236657,0.035306008714999476
520.9949890236658,0.03547305474408094
521.0949890236658,0.03564032088116597
521.1949890236658,0.035807802799037274
521.2949890236658,0.03597549613972653
521.3949890236659,0.0361433965146495
521.4949890236659,0.03631149950474408
521.5949890236659,0.03647980066061164
521.6949890236659,0.0366482955026613
521.794989023666,0.03681697952125732
521.894989023666,0.03698584817686964
521.994989023666,0.03715489690022748
522.094989023666,0.03732412109247605
522.194989023666,0.03749351612533624
522.2949890236661,0.03766307734126759
522.3949890236661,0.03783280005363418
522.4949890236661,0.03800267954687371
522.5949890236661,0.03817271107666957
522.6949890236662,0.038342889870126066
522.7949890236662,0.03851321112594674
522.8949890236662,0.03868367001461563
522.9949890236662,0.03885426167858176
523.0949890236662,0.03902498123244661
523.1949890236663,0.03919582376315463
523.2949890236663,0.039366784330186894
523.3949890236663,0.03953785796575769
523.4949890236663,0.0397090396750143
523.5949890236664,0.03988032443623968
523.6949890236664,0.040051707201058204
523.7949890236664,0.04022318289464455
523.8949890236664,0.04039474641593545
523.9949890236664,0.04056639263784452
524.0949890236665,0.04073811640748015
524.1949890236665,0.04090991254636626
524.2949890236665,0.04108177585066616
524.3949890236665,0.04125370109140935
524.4949890236666,0.04142568301472125
524.5949890236666,0.04159771634205597
524.6949890236666,0.04176979577043195
524.7949890236666,0.04194191597267061
524.8949890236667,0.04211407159763783
524.9949890236667,0.04228625727048849
525.0949890236667,0.04245846759291379
525.1949890236667,0.04263069714339151
525.2949890236667,0.04280294047743916
525.3949890236668,0.042975192127870036
525.4949890236668,0.043147446605052014
525.5949890236668,0.043319698397169294
525.6949890236668,0.04349194197048698
525.7949890236669,0.043664171769618385
525.8949890236669,0.0438363822177952
525.9949890236669,0.04400856771714044
526.0949890236669,0.0441807226489442
526.194989023667,0.044352841373942055
526.294989023667,0.04452491823259629
526.394989023667,0.04469694754537989
526.494989023667,0.044868923613063064
526.594989023667,0.0450408407170027
526.6949890236671,0.04521269311943425
526.7949890236671,0.04538447506376646
526.8949890236671,0.04555618077487862
526.9949890236671,0.04572780445942047
527.0949890236672,0.045899340306114714
527.1949890236672,0.04607078248606208
527.2949890236672,0.04624212515304901
527.3949890236672,0.04641336244385779
527.4949890236672,0.04658448847857924
527.5949890236673,0.04675549736092797
527.6949890236673,0.04692638317856
527.7949890236673,0.047097140003392934
527.8949890236673,0.04726776189192846
527.9949890236674,0.04743824288557739
528.0949890236674,0.047608577010987
528.1949890236674,0.04777875828037076
528.2949890236674,0.04794878069184041
528.3949890236674,0.04811863822974035
528.4949890236675,0.04828832486498433
528.5949890236675,0.04845783455539444
528.6949890236675,0.04862716124604228
528.7949890236675,0.048796298869592414
528.8949890236676,0.048965241346647995
528.9949890236676,0.04913398258609856
529.0949890236676,0.04930251648546998
529.1949890236676,0.04947083693127655
529.2949890236677,0.0496389377993751
529.3949890236677,0.04980681295532126
529.4949890236677,0.049974456254727684
529.5949890236677,0.05014186154362437
529.6949890236677,0.05030902265882088
529.7949890236678,0.050475933428270586
529.8949890236678,0.05064258767143678
529.9949890236678,0.05080897919966072
530.0949890236678,0.050975101816531566
530.1949890236679,0.05114094931825808
530.2949890236679,0.05130651549404219
530.3949890236679,0.05147179412645439
530.4949890236679,0.05163677899181072
530.594989023668,0.051801463860551664
530.694989023668,0.051965842497622594
530.794989023668,0.05212990866285593
530.894989023668,0.05229365611135489
530.994989023668,0.05245707859387892
531.0949890236681,0.05262016985723058
531.1949890236681,0.05278292364464399
531.2949890236681,0.05294533369617482
531.3949890236681,0.053107393749091694
531.4949890236682,0.05326909753826904
531.5949890236682,0.053430438796581346
531.6949890236682,0.05359141125529876
531.7949890236682,0.05375200864448405
531.8949890236682,0.053912224693390826
531.9949890236683,0.05407205313086303
532.0949890236683,0.0542314876857357
532.1949890236683,0.054390522087236846
532.2949890236683,0.05454915006539056
532.3949890236684,0.05470736535142118
532.4949890236684,0.05486516167815857
532.5949890236684,0.05502253278044452
532.6949890236684,0.05517947239553999
532.7949890236684,0.055335974263533524
532.8949890236685,0.055492032127750446
532.9949890236685,0.05564763973516308
533.0949890236685,0.055802790836801765
533.1949890236685,0.05595747918816673
533.2949890236686,0.05611169854964075
533.3949890236686,0.056265442686902575
533.4949890236686,0.05641870537134104
533.5949890236686,0.05657148038046995
533.6949890236687,0.05672376149834345
533.7949890236687,0.05687554251597215
533.8949890236687,0.05702681723173974
533.9949890236687,0.05717757945182014
534.0949890236687,0.05732782299059518
534.1949890236688,0.05747754167107264
534.2949890236688,0.057626729325304805
534.3949890236688,0.05777537979480732
534.4949890236688,0.05792348693097843
534.5949890236689,0.05807104459551845
534.6949890236689,0.05821804666084954
534.7949890236689,0.058364487010535704
534.8949890236689,0.05851035953970287
534.994989023669,0.058655658155459256
535.094989023669,0.05880037677731568
535.194989023669,0.058944509337606
535.294989023669,0.05908804978190759
535.394989023669,0.05923099206946173
535.4949890236691,0.059373330173593954
535.5949890236691,0.05951505808213429
535.6949890236691,0.05965616979783733
535.7949890236691,0.05979665933880221
535.8949890236692,0.05993652073889221
535.9949890236692,0.060075748048154166
536.0949890236692,0.06021433533323758
536.1949890236692,0.06035227667781334
536.2949890236692,0.06048956618299208
536.3949890236693,0.06062619796774208
536.4949890236693,0.06076216616930671
536.5949890236693,0.060897464943621284
536.6949890236693,0.06103208846572951
536.7949890236694,0.061166030930199185
536.8949890236694,0.06129928655153732
536.9949890236694,0.06143184956460458
537.0949890236694,0.06156371422502899
537.1949890236695,0.06169487480961886
537.2949890236695,0.06182532561677496
537.3949890236695,0.06195506096690178
537.4949890236695,0.06208407520281793
537.5949890236695,0.062212362690165605
537.6949890236696,0.06233991781781912
537.7949890236696,0.062466734998292334
537.8949890236696,0.06259280866814515
537.9949890236696,0.06271813328838877
538.0949890236697,0.06284270334488994
538.1949890236697,0.062966513348774
538.2949890236697,0.06308955783682661
538.3949890236697,0.06321183137189433
538.4949890236697,0.06333332854328387
538.5949890236698,0.06345404396715998
538.6949890236698,0.06357397228694193
538.7949890236698,0.06369310817369868
538.8949890236698,0.0638114463265424
538.9949890236699,0.06392898147302067
539.0949890236699,0.06404570836950708
539.1949890236699,0.06416162180159014
539.2949890236699,0.06427671658446067
539.39498902367,0.06439098756329756
539.49498902367,0.0645044296136517
539.59498902367,0.06461703764182823
539.69498902367,0.06472880658526703
539.79498902367,0.06483973141292136
539.8949890236701,0.06494980712563457
539.9949890236701,0.06505902875651506
540.0949890236701,0.0651673913713091
540.1949890236701,0.06527489006877187
540.2949890236702,0.06538151998103628
540.3949890236702,0.06548727627397989
540.4949890236702,0.06559215414758966
540.5949890236702,0.06569614883632453
540.6949890236702,0.0657992556094759
540.7949890236703,0.06590146977152586
540.8949890236703,0.06600278666250312
540.9949890236703,0.0661032016583367
541.0949890236703,0.06620271017120742
541.1949890236704,0.06630130764989665
541.2949890236704,0.06639898958013313
541.3949890236704,0.06649575148493697
541.4949890236704,0.0665915889249614
541.5949890236705,0.06668649749883193
541.6949890236705,0.06678047284348292
541.7949890236705,0.06687351063449165
541.8949890236705,0.06696560658640972
541.9949890236705,0.06705675645309184
542.0949890236706,0.0671469560280218
542.1949890236706,0.0672362011446359
542.2949890236706,0.06732448767664347
542.3949890236706,0.0674118115383447
542.4949890236707,0.06749816868494557
542.5949890236707,0.06758355511286991
542.6949890236707,0.06766796686006862
542.7949890236707,0.06775140000632597
542.8949890236707,0.06783385067356278
542.9949890236708,0.06791531502613685
543.0949890236708,0.06799578927114015
543.1949890236708,0.0680752696586931
543.2949890236708,0.06815375248223556
543.3949890236709,0.06823123407881497
543.4949890236709,0.06830771082937112
543.5949890236709,0.06838317915901773
543.6949890236709,0.06845763553732105
543.794989023671,0.06853107647857486
543.894989023671,0.06860349854207244
543.994989023671,0.06867489833237528
544.094989023671,0.06874527249957811
544.194989023671,0.06881461773957102
544.2949890236711,0.0688829307942978
544.3949890236711,0.06895020845201108
544.4949890236711,0.06901644754752397
544.5949890236711,0.06908164496245811
544.6949890236712,0.06914579762548845
544.7949890236712,0.06920890251258421
544.8949890236712,0.06927095664724657
544.9949890236712,0.06933195710074247
545.0949890236712,0.06939190099233507
545.1949890236713,0.06945078548951047
545.2949890236713,0.06950860780820067
545.3949890236713,0.06956536521300302
545.4949890236713,0.06962105501739582
545.5949890236714,0.06967567458395026
545.6949890236714,0.06972922132453857
545.7949890236714,0.06978169270053845
545.8949890236714,0.0698330862230336
545.9949890236715,0.0698833994530104
546.0949890236715,0.06993263000155103
546.1949890236715,0.06998077553002227
546.2949890236715,0.07002783375026078
546.3949890236715,0.07007380242475432
546.4949890236716,0.07011867936681904
546.5949890236716,0.07016246244077283
546.6949890236716,0.07020514956210472
546.7949890236716,0.07024673869764028
546.8949890236717,0.07028722786570304
546.9949890236717,0.07032661513627181
547.0949890236717,0.07036489863113404
547.1949890236717,0.07040207652403507
547.2949890236717,0.07043814704082338
547.3949890236718,0.07047310845959161
547.4949890236718,0.07050695911081359
547.5949890236718,0.07053969737747727
547.6949890236718,0.07057132169521337
547.7949890236719,0.07060183055242
547.8949890236719,0.07063122249038313
547.9949890236719,0.07065949610339273
548.0949890236719,0.07068665003885488
548.194989023672,0.07071268299739965
548.294989023672,0.07073759373298465
548.394989023672,0.07076138105299444
548.494989023672,0.07078404381833577
548.594989023672,0.0708055809435284
548.6949890236721,0.07082599139679181
548.7949890236721,0.07084527420012757
548.8949890236721,0.07086342842939738
548.9949890236721,0.07088045321439702
549.0949890236722,0.07089634773892571
549.1949890236722,0.07091111124085149
549.2949890236722,0.07092474301217197
549.3949890236722,0.07093724239907102
549.4949890236722,0.07094860880197101
549.5949890236723,0.07095884167558077
549.6949890236723,0.0709679405289391
549.7949890236723,0.0709759049254541
549.8949890236723,0.07098273448293811
549.9949890236724,0.07098842887363822
550.0949890236724,0.07099298782426253
550.1949890236724,0.07099641111600191
550.2949890236724,0.07099869858454767
550.3949890236725,0.07099985012010455
550.4949890236725,0.07099955515995154
550.5949890236725,0.07099584491266826
550.6949890236725,0.07098837352335624
550.7949890236725,0.07097714217948985
550.8949890236726,0.07096215266597962
550.9949890236726,0.07094340736469955
551.0949890236726,0.0709209092538562
551.1949890236726,0.07089466190720022
551.2949890236727,0.0708646694930801
551.3949890236727,0.070830936773339
551.4949890236727,0.07079346910205468
551.5949890236727,0.0707522724241232
551.6949890236727,0.07070735327368681
551.7949890236728,0.07065871877240676
551.8949890236728,0.07060637662758147
551.9949890236728,0.07055033513011093
552.0949890236728,0.07049060315230792
552.1949890236729,0.07042719014555707
552.2949890236729,0.07036010613782238
552.3949890236729,0.07028936173100439
552.4949890236729,0.07021496809814762
552.594989023673,0.0701369369804997
552.694989023673,0.07005528068442309
552.794989023673,0.06997001207816034
552.894989023673,0.0698811445884545
552.994989023673,0.06978869219702555
553.0949890236731,0.06969266943690436
553.1949890236731,0.06959309138862532
553.2949890236731,0.06948997367627945
553.3949890236731,0.06938333246342876
553.4949890236732,0.06927318444888411
553.5949890236732,0.06915954686234756
553.6949890236732,0.06904243745992104
553.7949890236732,0.06892187451948292
553.8949890236732,0.06879787683593422
553.9949890236733,0.06867046371631613
554.0949890236733,0.0685396549748006
554.1949890236733,0.06840547092755593
554.2949890236733,0.06826793238748909
554.3949890236734,0.0681270606588667
554.4949890236734,0.06798287753181675
554.5949890236734,0.06783540527671293
554.6949890236734,0.06768466663844343
554.7949890236735,0.0675306848305667
554.8949890236735,0.06737348352935592
554.9949890236735,0.06721308686773433
555.0949890236735,0.06704951942910387
555.1949890236735,0.066882806241069
555.2949890236736,0.06671297276905819
555.3949890236736,0.06654004490984519
555.4949890236736,0.06636404898497253
555.5949890236736,0.06618501173407948
555.6949890236737,0.06600296030813682
555.7949890236737,0.06581792226259098
555.8949890236737,0.06562992555041973
555.9949890236737,0.06543899851510207
556.0949890236737,0.06524516988350469
556.1949890236738,0.06504846875868753
556.2949890236738,0.0648489246126309
556.3949890236738,0.06464656727888686
556.4949890236738,0.06444142694515718
556.5949890236739,0.06423353414580073
556.6949890236739,0.06402291975427256
556.7949890236739,0.06380961497549778
556.8949890236739,0.06359365133818227
556.994989023674,0.06337506068706339
557.094989023674,0.06315387517510301
557.194989023674,0.06293012725562581
557.294989023674,0.06270384967440512
557.394989023674,0.062475075461699545
557.4949890236741,0.06224383792424259
557.5949890236741,0.06201017063718826
557.6949890236741,0.06177410743601528
557.7949890236741,0.061535682408392675
557.8949890236742,0.06129492988600938
557.9949890236742,0.061051884436370656
558.0949890236742,0.0608065808545641
558.1949890236742,0.06055905415499781
558.2949890236742,0.060309339563113656
558.3949890236743,0.0600574725070782
558.4949890236743,0.059803488609454065
558.5949890236743,0.05954742367885454
558.6949890236743,0.059289313701583995
558.7949890236744,0.05902919483326693
558.8949890236744,0.05876710339046838
558.9949890236744,0.058503075842308246
559.0949890236744,0.05823714880207229
559.1949890236745,0.05796935901882266
559.2949890236745,0.057699743369010195
559.3949890236745,0.05742833884809163
559.4949890236745,0.057155182562154
559.5949890236745,0.05688031171954897
559.6949890236746,0.056603763622539785
559.7949890236746,0.05632557565896327
559.8949890236746,0.05604578529390961
559.9949890236746,0.05576443006142232
560.0949890236747,0.055481547556221054
560.1949890236747,0.05519717542544966
560.2949890236747,0.05491135136045211
560.3949890236747,0.05462411308857858
560.4949890236747,0.05433549836502427
560.5949890236748,0.05404554496470346
560.6949890236748,0.05375429067416082
560.7949890236748,0.05346177328352289
560.8949890236748,0.05316803057849151
560.9949890236749,0.05287310033238198
561.0949890236749,0.05257702029820791
561.1949890236749,0.052279828200815184
561.2949890236749,0.051981561729067136
561.394989023675,0.051682258528083336
561.494989023675,0.05138195619153384
561.594989023675,0.051080692253991304
561.694989023675,0.05077850418334293
561.794989023675,0.05047542937326426
561.8949890236751,0.050171505135756946
561.9949890236751,0.04986676869375245
562.0949890236751,0.04956125717378353
562.1949890236751,0.049255007598725586
562.2949890236752,0.048948056880609624
562.3949890236752,0.048640441813508704
562.4949890236752,0.0483321990664997
562.5949890236752,0.04802336517670212
562.6949890236752,0.04771397654239563
562.7949890236753,0.04740406941621818
562.8949890236753,0.0470936798984461
562.9949890236753,0.04678284393035792
563.0949890236753,0.046471597287683505
563.1949890236754,0.04615997557413992
563.2949890236754,0.04584801421505552
563.3949890236754,0.04553574845108379
563.4949890236754,0.04522321333200824
563.5949890236755,0.04491044371063964
563.6949890236755,0.04459747423680716
563.7949890236755,0.044284339351444255
563.8949890236755,0.043971073280771
563.9949890236755,0.04365771003057358
564.0949890236756,0.043344283380582466
564.1949890236756,0.04303082687895001
564.2949890236756,0.04271737383682885
564.3949890236756,0.042403957323051744
564.4949890236757,0.04209061015891416
564.5949890236757,0.04177736491306015
564.6949890236757,0.04146425389647277
564.7949890236757,0.04115130915756945
564.8949890236757,0.040838562477403445
564.9949890236758,0.0405260453649719
565.0949890236758,0.0402137890526311
565.1949890236758,0.03990182449161997
565.2949890236758,0.039590182347691835
565.3949890236759,0.039278892996855476
565.4949890236759,0.03896798652122577
565.5949890236759,0.038657492704984274
565.6949890236759,0.03834744103045048
565.794989023676,0.03803786067426374
565.894989023676,0.037728780503676444
565.994989023676,0.03742022907295869
566.094989023676,0.03711223461991457
566.194989023676,0.03680482506251039
566.2949890236761,0.03649802799561494
566.3949890236761,0.036191870687851874
566.4949890236761,0.035886380078564345
566.5949890236761,0.03558158277489188
566.6949890236762,0.0352775050489595
566.7949890236762,0.03497417283517892
566.8949890236762,0.034671611727661956
566.9949890236762,0.03436984697774578
567.0949890236762,0.03406890349162997
567.1949890236763,0.033768805828125
567.2949890236763,0.03346957819651218
567.3949890236763,0.03317124445451442
567.4949890236763,0.03287382810637771
567.5949890236764,0.03257735230106285
567.6949890236764,0.03228183983054709
567.7949890236764,0.0319873131282351
567.8949890236764,0.03169379426747891
567.9949890236765,0.03140130496020633
568.0949890236765,0.031109866555657083
568.1949890236765,0.030819500039226302
568.2949890236765,0.03053022603141469
568.3949890236765,0.030242064786884543
568.4949890236766,0.02995503619362121
568.5949890236766,0.029669159772199014
568.6949890236766,0.029384454675151047
568.7949890236766,0.029100939686441986
568.8949890236767,0.028818633221043076
568.9949890236767,0.028537553324608573
569.0949890236767,0.028257717673252587
569.1949890236767,0.027979143573425545
569.2949890236767,0.027701847961889337
569.3949890236768,0.027425847405790113
569.4949890236768,0.02715115810282781
569.5949890236768,0.026877795881521376
569.6949890236768,0.026605776201568655
569.7949890236769,0.02633511415429987
569.8949890236769,0.02606582446322361
569.9949890236769,0.025797921484664196
570.0949890236769,0.025531419208489402
570.194989023677,0.025266331258927216
570.294989023677,0.025002670895470553
570.394989023677,0.024740451013868743
570.494989023677,0.024479684147204576
570.594989023677,0.024220382467055563
570.6949890236771,0.023962557784738353
570.7949890236771,0.023706221552634847
570.8949890236771,0.023451384865598886
570.9949890236771,0.023198058462442057
571.0949890236772,0.022946252727497406
571.1949890236772,0.022695977692259756
571.2949890236772,0.022447243037101123
571.3949890236772,0.022200058093060047
571.4949890236772,0.021954431843703368
571.5949890236773,0.021710372927059105
571.6949890236773,0.021467889637618996
571.7949890236773,0.021226989928409403
571.8949890236773,0.020987681413128973
571.9949890236774,0.02074997136835189
572.0949890236774,0.02051386673579504
572.1949890236774,0.020279374124647843
572.2949890236774,0.02004649981396314
572.3949890236775,0.019815249755107844
572.4949890236775,0.01958562957427181
572.5949890236775,0.019357644575033417
572.6949890236775,0.019131299740980514
572.7949890236775,0.018906599738385207
572.8949890236776,0.01868354891893093
572.9949890236776,0.018462151322490506
573.0949890236776,0.018242410679953552
573.1949890236776,0.018024330416101863
573.2949890236777,0.017807913652531194
573.3949890236777,0.017593163210618115
573.4949890236777,0.01738008161453031
573.5949890236777,0.017168671094278914
573.6949890236777,0.016958933588811457
573.7949890236778,0.016750870749143852
573.8949890236778,0.016544483941530044
573.9949890236778,0.016339774250667842
574.0949890236778,0.016136742482939403
574.1949890236779,0.015935389169685045
574.2949890236779,0.015735714570508836
574.3949890236779,0.015537718676614591
574.4949890236779,0.015341401214170752
574.594989023678,0.01514676164770286
574.694989023678,0.014953799183512069
574.794989023678,0.014762512773118389
574.894989023678,0.014572901116727184
574.994989023678,0.01438496266671761
575.0949890236781,0.014198695631151503
575.1949890236781,0.0140140979773015
575.2949890236781,0.013831167435196853
575.3949890236781,0.01364990150118574
575.4949890236782,0.013470297441512638
575.5949890236782,0.013292352295909476
575.6949890236782,0.013116062881199236
575.7949890236782,0.012941425794910703
575.8949890236782,0.012768437418903078
575.9949890236783,0.012597093922999186
576.0949890236783,0.012427391268625992
576.1949890236783,0.012259325212461224
576.2949890236783,0.012092891310084803
576.3949890236784,0.01192808491963392
576.4949890236784,0.011764901205460553
576.5949890236784,0.011603335141790178
576.6949890236784,0.011443381516380599
576.7949890236785,0.011285034934179617
576.8949890236785,0.011128289820980533
576.9949890236785,0.010973140427074268
577.0949890236785,0.010819580830897
577.1949890236785,0.0106676049426723
577.2949890236786,0.010517206508046599
577.3949890236786,0.010368379111716999
577.4949890236786,0.010221116181050363
577.5949890236786,0.010075410989692682
577.6949890236787,0.009931256661167667
577.7949890236787,0.009788646172463694
577.8949890236787,0.009647572357607973
577.9949890236787,0.009508027911227167
578.0949890236787,0.009370005392093404
578.1949890236788,0.009233497226654836
578.2949890236788,0.009098495712549828
578.3949890236788,0.008964993022103941
578.4949890236788,0.00883298120580881
578.5949890236789,0.008702452195782114
578.6949890236789,0.008573397809207808
578.7949890236789,0.008445809751755847
578.8949890236789,0.008319679620980592
578.994989023679,0.008194998909697155
579.094989023679,0.008071759009334972
579.194989023679,0.007949951213267843
579.294989023679,0.007829566720119767
579.394989023679,0.007710596637045895
579.4949890236791,0.007593031982987922
579.5949890236791,0.007476863691903292
579.6949890236791,0.00736208261596761
579.7949890236791,0.007248679528749616
579.8949890236792,0.007136645128358192
579.9949890236792,0.007025970040560786
580.0949890236792,0.006916644821872757
580.1949890236792,0.006808659962617095
580.2949890236792,0.006702005889953984
580.3949890236793,0.006596672970879788
580.4949890236793,0.006492651515194909
580.5949890236793,0.006389931778440158
580.6949890236793,0.006288503964801113
580.7949890236794,0.0061883582299801345
580.8949890236794,0.0060894846840356025
580.9949890236794,0.005991873394187989
581.0949890236794,0.005895514387592459
581.1949890236795,0.005800397654077618
581.2949890236795,0.005706513148850077
581.3949890236795,0.005613850795164585
581.4949890236795,0.00552240048695938
581.5949890236795,0.005432152091456548
581.6949890236796,0.0053430954517270784
581.7949890236796,0.005255220389220438
581.8949890236796,0.005168516706258418
581.9949890236796,0.0050829741884930455
582.0949890236797,0.004998582607328399
582.1949890236797,0.004915331722306144
582.2949890236797,0.00483321128345464
582.3949890236797,0.004752211033601492
582.4949890236798,0.004672320710649402
582.5949890236798,0.0045935300498152545
582.6949890236798,0.0045158287858323085
582.7949890236798,0.0044392066551154526
582.8949890236798,0.004363653397889431
582.9949890236799,0.004289158760280028
583.0949890236799,0.004215712496368172
583.1949890236799,0.0041433043702069185
583.2949890236799,0.004071924157801344
583.39498902368,0.004001561649051348
583.49498902368,0.003932206649657372
583.59498902368,0.003863848982989108
583.69498902368,0.003796478491917209
583.79498902368,0.0037300850406081104
583.8949890236801,0.0036646585162819745
583.9949890236801,0.003600188830933917
584.0949890236801,0.0035366659230185726
584.1949890236801,0.003474079759098121
584.2949890236802,0.0034124203354538897
584.3949890236802,0.0033516776796616915
584.4949890236802,0.0032918418521310257
584.5949890236802,0.003232902947608284
584.6949890236803,0.003174851096644174
584.7949890236803,0.003117676467025474
584.8949890236803,0.0030613692651713796
584.9949890236803,0.003005919737494553
585.0949890236803,0.0029513181717271777
585.1949890236804,0.0028975548982121493
585.2949890236804,0.002844620291159665
585.3949890236804,0.0027925047698694598
585.4949890236804,0.002741198799918888
585.5949890236805,0.0026906928943171366
585.6949890236805,0.002640977614625809
585.7949890236805,0.0025920435720461544
585.8949890236805,0.0025438814284731953
585.9949890236805,0.002496481897517066
586.0949890236806,0.0024498357454918094
586.1949890236806,0.0024039337923719615
586.2949890236806,0.0023587669127171948
586.3949890236806,0.002314326036565339
586.4949890236807,0.0022706021502940906
586.5949890236807,0.0022275862974517275
586.6949890236807,0.0021852695795571385
586.7949890236807,0.002143643156869528
586.8949890236808,0.002102698249128085
586.9949890236808,0.0020624261362619844
587.0949890236808,0.0020228181590710567
587.1949890236808,0.001983865719877464
587.2949890236808,0.001945560283148741
587.3949890236809,0.0019078933760925411
587.4949890236809,0.001870856589223474
587.5949890236809,0.0018344415769023551
587.6949890236809,0.001798640057848266
587.794989023681,0.0017634438156237742
587.894989023681,0.0017288446990936892
587.994989023681,0.001694834622857718
588.094989023681,0.0016614055676574084
588.194989023681,0.0016285495807577452
588.2949890236811,0.0015962587763037788
588.3949890236811,0.0015645253356526753
588.4949890236811,0.0015333415076815597
588.5949890236811,0.0015026996090715381
588.6949890236812,0.0014725920245682864
588.7949890236812,0.0014430112072195869
588.8949890236812,0.001413949678590199
588.9949890236812,0.0013854000289544573
589.0949890236813,0.0013573549174669658
589.1949890236813,0.0013298070723118025
589.2949890236813,0.0013027492908305944
589.3949890236813,0.0012761744396298724
589.4949890236813,0.0012500754546680732
589.5949890236814,0.0012244453413225928
589.6949890236814,0.0011992771744372688
589.7949890236814,0.0011745640983506702
589.8949890236814,0.0011502993269055944
589.9949890236815,0.0011264761434401443
590.0949890236815,0.0011030879007607648
590.1949890236815,0.0010801280210976398
590.2949890236815,0.0010575899960427945
590.3949890236815,0.0010354673864713198
590.4949890236816,0.0010137538224460675
590.5949890236816,0.0009924430031062015
590.6949890236816,0.0009715286965399748
590.7949890236816,0.000951004739642114
590.8949890236817,0.0009308650379561595
590.9949890236817,0.0009111035655021439
591.0949890236817,0.0008917143645899714
591.1949890236817,0.0008726915456188474
591.2949890236818,0.0008540292868631356
591.3949890236818,0.0008357218342449847
591.4949890236818,0.0008177635010940827
591.5949890236818,0.0008001486678948884
591.6949890236818,0.0007828717820216985
591.7949890236819,0.0007659273574618758
591.8949890236819,0.0007493099745275948
591.9949890236819,0.0007330142795564425
592.0949890236819,0.0007170349846012016
592.194989023682,0.0007013668671091563
592.294989023682,0.0006860047695912457
592.394989023682,0.0006709435992813919
592.494989023682,0.000656178327786321
592.594989023682,0.000641703990726202
592.6949890236821,0.0006275156873664091
592.7949890236821,0.0006136085802407271
592.8949890236821,0.0005999778947663036
592.9949890236821,0.0005866189188506472
593.0949890236822,0.0005735270024909824
593.1949890236822,0.000560697557366244
593.2949890236822,0.0005481260564220126
593.3949890236822,0.0005358080334486746
593.4949890236823,0.0005237390826530947
593.5949890236823,0.0005119148582240747
593.6949890236823,0.000500331073891881
593.7949890236823,0.0004889835024821112
593.8949890236823,0.0004778679754641643
593.9949890236824,0.00046698038249458313
594.0949890236824,0.0004563166709555274
594.1949890236824,0.000445872845488632
594.2949890236824,0.00043564496752450095
594.3949890236825,0.0004256291548080887
594.4949890236825,0.00041582158092021176
594.5949890236825,0.0004062184747954209
594.6949890236825,0.00039681612023648345
594.7949890236825,0.0003876108554256936
594.8949890236826,0.0003785990724332466
594.9949890236826,0.00036977721672289035
595.0949890236826,0.000361141786655085
595.1949890236826,0.00035268933298787024
595.2949890236827,0.0003444164583756629
595.3949890236827,0.000336319816866184
595.4949890236827,0.00032839611339571643
595.5949890236827,0.0003206421032828973
595.6949890236828,0.00031305459172123034
595.7949890236828,0.0003056304332705149
595.8949890236828,0.0002983665313473713
595.9949890236828,0.00029125983771504787
596.0949890236828,0.0002843073519726871
596.1949890236829,0.0002775061210442171
596.2949890236829,0.00027085323866705144
596.3949890236829,0.00026434584488074667
596.4949890236829,0.00025798112551579243
596.594989023683,0.00025175631168268374
596.694989023683,0.00024566867926143084
596.794989023683,0.00023971554839165857
596.894989023683,0.00023389428296343728
596.994989023683,0.000228202290108994
597.0949890236831,0.0002226370196954323
597.1949890236831,0.00021719596381860525
597.2949890236831,0.00021187665629826725
597.3949890236831,0.00020667667217463272
597.4949890236832,0.0002015936272064658
597.5949890236832,0.00019662517737082248
597.6949890236832,0.00019176901836455738
597.7949890236832,0.0001870228851077151
597.8949890236833,0.00018238455124890764
597.9949890236833,0.00017785182867279206
598.0949890236833,0.00017342256700974445
598.1949890236833,0.00016909465314783254
598.2949890236833,0.00016486601074718537
598.3949890236834,0.00016073459975684667
598.4949890236834,0.00015669841593420866
598.5949890236834,0.00015275549036710624
598.6949890236834,0.0001489038889986597
598.7949890236835,0.00014514171215494387
598.8949890236835,0.00014146709407556038
598.9949890236835,0.00013787820244718892
599.0949890236835,0.00013437323794018746
599.1949890236835,0.000130950433748309
599.2949890236836,0.00012760805513160217
599.3949890236836,0.00012434439896255746
599.4949890236836,0.00012115779327555636
599.5949890236836,0.00011804659681968605
599.6949890236837,0.00011500919861496723
599.7949890236837,0.00011204401751205196
599.8949890236837,0.00010914950175543881
599.9949890236837,0.00010632412855025081
600.0949890236838,0.00010356640363262234
600.1949890236838,0.00010087486084373474
600.2949890236838,9.824806170754093e-05
600.3949890236838,9.568459501221543e-05
600.4949890236838,9.318307639536453e-05
600.5949890236839,9.074214793302822e-05
600.6949890236839,8.836047773250456e-05
600.7949890236839,8.603675952902454e-05
600.8949890236839,8.376971228630144e-05
600.994989023684,8.155807980098051e-05
601.094989023684,7.940063031100915e-05
601.194989023684,7.729615610794711e-05
601.294989023684,7.524347315323508e-05
601.394989023684,7.324142069843674e-05
601.4949890236841,7.128886090946745e-05
601.5949890236841,6.938467849482373e-05
601.6949890236841,6.7527780337821e-05
601.7949890236841,6.571709513285004e-05
601.8949890236842,6.395157302565763e-05
601.9949890236842,6.223018525765766e-05
602.0949890236842,6.055192381427536e-05
602.1949890236842,5.89158010773263e-05
602.2949890236843,5.732084948143196e-05
602.3949890236843,5.5766121174469006e-05
602.4949890236843,5.42506876820515e-05
602.5949890236843,5.277363957603995e-05
602.6949890236843,5.133408614707459e-05
602.7949890236844,4.993115508112348e-05
602.8949890236844,4.856399214003995e-05
602.9949890236844,4.723176084611808e-05
603.0949890236844,4.593364217063746e-05
603.1949890236845,4.466883422638497e-05
603.2949890236845,4.3436551964140385e-05
603.3949890236845,4.223602687311344e-05
603.4949890236845,4.106650668531578e-05
603.5949890236845,3.9927255083853256e-05
603.6949890236846,3.8817551415120803e-05
603.7949890236846,3.773669040488249e-05
603.8949890236846,3.6683981878217845e-05
603.9949890236846,3.565875048331501e-05
604.0949890236847,3.466033541908942e-05
604.1949890236847,3.3688090166607674e-05
604.2949890236847,3.274138222429401e-05
604.3949890236847,3.1819592846895925e-05
604.4949890236848,3.0922116788186414e-05
604.5949890236848,3.004836204737729e-05
604.6949890236848,2.9197749619219703e-05
604.7949890236848,2.8369713247765143e-05
604.8949890236848,2.7563699183761252e-05
604.9949890236849,2.6779165945655738e-05
605.0949890236849,2.6015584084180274e-05
605.1949890236849,2.527243595048709e-05
605.2949890236849,2.4549215467809432e-05
