511.3949890236636,0.008433299238249795
511.4949890236636,0.00846218373183202
511.59498902366363,0.008491215774284308
511.69498902366365,0.008520396364617046
511.7949890236637,0.008549726510243254
511.8949890236637,0.008579207227062834
511.9949890236637,0.008608839539547806
512.0949890236637,0.008638624480828515
512.1949890236638,0.008668563092780877
512.2949890236638,0.008698656426114617
512.3949890236638,0.008728905540462526
512.4949890236638,0.008759311504470818
512.5949890236639,0.00878987539589047
512.6949890236639,0.008820598301669716
512.7949890236639,0.00885148131804754
512.8949890236639,0.008882525550648362
512.994989023664,0.00891373211457777
513.094989023664,0.008945102134519415
513.194989023664,0.008976636744833047
513.294989023664,0.009008337089653722
513.394989023664,0.009040204322992153
513.4949890236641,0.009072239608836314
513.5949890236641,0.009104444121254187
513.6949890236641,0.009136819044497778
513.7949890236641,0.00916936557310837
513.8949890236642,0.009202084912023012
513.9949890236642,0.00923497827668232
514.0949890236642,0.009268046893139533
514.1949890236642,0.009301291998170919
514.2949890236642,0.009334714839387465
514.3949890236643,0.009368316675347968
514.4949890236643,0.00940209877567344
514.5949890236643,0.009436062421162935
514.6949890236643,0.009470208903910749
514.7949890236644,0.009504539527425075
514.8949890236644,0.009539055606748078
514.9949890236644,0.009573758468577418
515.0949890236644,0.009608649451389305
515.1949890236644,0.009643729905562995
515.2949890236645,0.009679001193506861
515.3949890236645,0.009714464689785974
515.4949890236645,0.009750121781251269
515.5949890236645,0.009785973867170287
515.6949890236646,0.009822022359359538
515.7949890236646,0.009858268682318474
515.8949890236646,0.00989471427336516
515.9949890236646,0.009931360582773562
516.0949890236647,0.009968209073912602
516.1949890236647,0.010005261223386878
516.2949890236647,0.010042518521179183
516.3949890236647,0.010079982470794766
516.4949890236647,0.0101176545894074
516.5949890236648,0.010155536408007296
516.6949890236648,0.010193629471550818
516.7949890236648,0.010231935339112147
516.8949890236648,0.010270455584036761
516.9949890236649,0.010309191794096935
517.0949890236649,0.010348145571649115
517.1949890236649,0.010387318533793351
517.2949890236649,0.010426712312534687
517.394989023665,0.010466328554946634
517.494989023665,0.01050616892333668
517.594989023665,0.010546235095413933
517.694989023665,0.010586528764458888
517.794989023665,0.010627051639495325
517.8949890236651,0.010667805445464461
517.9949890236651,0.010708791923401259
518.0949890236651,0.010750012830613062
518.1949890236651,0.01079146994086045
518.2949890236652,0.010833165044540483
518.3949890236652,0.010875099948872249
518.4949890236652,0.01091727647808485
518.5949890236652,0.01095969647360776
518.6949890236652,0.011002361794263713
518.7949890236653,0.01104527431646401
518.8949890236653,0.011088435934406435
518.9949890236653,0.011131848560275685
519.0949890236653,0.011175514124446452
519.1949890236654,0.011219434575689122
519.2949890236654,0.01126361188137815
519.3949890236654,0.01130804802770324
519.4949890236654,0.011352745019883162
519.5949890236654,0.011397704882382509
519.6949890236655,0.011442929659131197
519.7949890236655,0.011488421413746936
519.8949890236655,0.011534182229760569
519.9949890236655,0.011580214210844453
520.0949890236656,0.01162651948104379
520.1949890236656,0.011673100185011113
520.2949890236656,0.011719958488243785
520.3949890236656,0.01176709657732476
520.4949890236657,0.01181451666016647
520.5949890236657,0.01186222096625801
520.6949890236657,0.011910211746915625
520.7949890236657,0.011958491275536531
520.8949890236657,0.012007061847856172
520.9949890236658,0.012055925782208907
521.0949890236658,0.012105085419792222
521.1949890236658,0.012154543124934492
521.2949890236658,0.012204301285366386
521.3949890236659,0.012254362312495904
521.4949890236659,0.012304728641687189
521.5949890236659,0.012355402732543071
521.6949890236659,0.012406387069191522
521.794989023666,0.012457684160575924
521.894989023666,0.012509296540749403
521.994989023666,0.0125612267691731
522.094989023666,0.012613477431018552
522.194989023666,0.012666051137474266
522.2949890236661,0.012718950526056429
522.3949890236661,0.012772178260923963
522.4949890236661,0.012825737033197875
522.5949890236661,0.01287962956128506
522.6949890236662,0.01293385859120654
522.7949890236662,0.0129884268969303
522.8949890236662,0.013043337280708698
522.9949890236662,0.013098592573420617
523.0949890236662,0.013154195634918335
523.1949890236663,0.013210149354379272
523.2949890236663,0.013266456650662652
523.3949890236663,0.013323120472671122
523.4949890236663,0.013380143799717513
523.5949890236664,0.013437529641896677
523.6949890236664,0.01349528104046264
523.7949890236664,0.01355340106821099
523.8949890236664,0.013611892829866754
523.9949890236664,0.013670759462477677
524.0949890236665,0.013730004135813169
524.1949890236665,0.013789630052768818
524.2949890236665,0.01384964044977677
524.3949890236665,0.013910038597221832
524.4949890236666,0.01397082779986365
524.5949890236666,0.014032011397264796
524.6949890236666,0.0140935927642251
524.7949890236666,0.014155575311222144
524.8949890236667,0.014217962484858095
524.9949890236667,0.014280757768313035
525.0949890236667,0.014343964681804738
525.1949890236667,0.014407586783055185
525.2949890236667,0.01447162766776376
525.3949890236668,0.01453609097008737
525.4949890236668,0.014600980363127477
525.5949890236668,0.014666299559424306
525.6949890236668,0.014732052311458152
525.7949890236669,0.014798242412158122
525.8949890236669,0.014864873695418224
525.9949890236669,0.0149319500366211
526.0949890236669,0.014999475353169403
526.194989023667,0.01506745360502499
526.294989023667,0.015135888795256115
526.394989023667,0.015204784970592617
526.494989023667,0.015274146221989414
526.594989023667,0.015343976685198256
526.6949890236671,0.015414280541348043
526.7949890236671,0.015485062017533704
526.8949890236671,0.01555632538741391
526.9949890236671,0.01562807497181765
527.0949890236672,0.01570031513935993
527.1949890236672,0.01577305030706664
527.2949890236672,0.015846284941008842
527.3949890236672,0.015920023556946557
527.4949890236672,0.015994270720982254
527.5949890236673,0.01606903105022422
527.6949890236673,0.0161443092134599
527.7949890236673,0.016220109931839515
527.8949890236673,0.016296437979569926
527.9949890236674,0.01637329818461918
528.0949890236674,0.016450695429431634
528.1949890236674,0.016528634651654123
528.2949890236674,0.01660712084487309
528.3949890236674,0.016686159059363097
528.4949890236675,0.016765754402846722
528.5949890236675,0.016845912041266214
528.6949890236675,0.01692663719956693
528.7949890236675,0.017007935162492927
528.8949890236676,0.017089811275394752
528.9949890236676,0.01717227094504979
529.0949890236676,0.017255319640495315
529.1949890236676,0.017338962893874415
529.2949890236677,0.017423206301295163
529.3949890236677,0.017508055523703048
529.4949890236677,0.01759351628776717
529.5949890236677,0.017679594386780132
529.6949890236677,0.017766295681572168
529.7949890236678,0.01785362610143947
529.8949890236678,0.017941591645087244
529.9949890236678,0.018030198381587505
530.0949890236678,0.01811945245135205
530.1949890236679,0.018209360067120758
530.2949890236679,0.018299927514965536
530.3949890236679,0.018391161155310247
530.4949890236679,0.018483067423966736
530.594989023668,0.01857565283318745
530.694989023668,0.01866892397273474
530.794989023668,0.01876288751096733
530.894989023668,0.018857550195944095
530.994989023668,0.018952918856545584
531.0949890236681,0.019049000403613497
531.1949890236681,0.019145801831108557
531.2949890236681,0.01924333021728696
531.3949890236681,0.01934159272589589
531.4949890236682,0.019440596607388293
531.5949890236682,0.01954034920015742
531.6949890236682,0.019640857931791295
531.7949890236682,0.01974213032034764
531.8949890236682,0.019844173975649596
531.9949890236683,0.019946996600602476
532.0949890236683,0.020050605992532142
532.1949890236683,0.020155010044545223
532.2949890236683,0.02026021674691169
532.3949890236684,0.020366234188470098
532.4949890236684,0.02047307055805599
532.5949890236684,0.020580734145953825
532.6949890236684,0.020689233345372933
532.7949890236684,0.02079857665394779
532.8949890236685,0.02090877267526329
532.9949890236685,0.02101983012040522
533.0949890236685,0.021131757809536574
533.1949890236685,0.02124456467350016
533.2949890236686,0.021358259755447844
533.3949890236686,0.021472852212497187
533.4949890236686,0.021588351317415648
533.5949890236686,0.02170476646033322
533.6949890236687,0.021822107150483664
533.7949890236687,0.02194038301797522
533.8949890236687,0.02205960381559102
533.9949890236687,0.02217977942062008
534.0949890236687,0.02230091983671907
534.1949890236688,0.022423035195805845
534.2949890236688,0.02254613575998492
534.3949890236688,0.022670231923505896
534.4949890236688,0.022795334214755048
534.5949890236689,0.022921453298281005
534.6949890236689,0.023048599976855075
534.7949890236689,0.023176785193566734
534.8949890236689,0.023306020033955124
534.994989023669,0.02343631572817719
535.094989023669,0.023567683653213035
535.194989023669,0.02370013533510933
535.294989023669,0.023833682451261447
535.394989023669,0.02396833683273505
535.4949890236691,0.02410411046662789
535.5949890236691,0.02424101549847253
535.6949890236691,0.024379064234680895
535.7949890236691,0.024518269145031264
535.8949890236692,0.024658642865198723
535.9949890236692,0.024800198199329677
536.0949890236692,0.024942948122661457
536.1949890236692,0.02508690578418778
536.2949890236692,0.025232084509370964
536.3949890236693,0.02537849780290177
536.4949890236693,0.02552615935150787
536.5949890236693,0.0256750830268117
536.6949890236693,0.025825282888238852
536.7949890236694,0.025976773185977835
536.8949890236694,0.026129568363992203
536.9949890236694,0.026283683063086156
537.0949890236694,0.026439132124024527
537.1949890236695,0.026595930590708226
537.2949890236695,0.026754093713406327
537.3949890236695,0.026913636952045693
537.4949890236695,0.02707457597955944
537.5949890236695,0.027236926685295225
537.6949890236696,0.027400705178484648
537.7949890236696,0.02756592779177484
537.8949890236696,0.027732611084823503
537.9949890236696,0.027900771847958618
538.0949890236697,0.02807042710590406
538.1949890236697,0.028241594121572434
538.2949890236697,0.028414290399926406
538.3949890236697,0.028588533691909834
538.4949890236697,0.028764341998450134
538.5949890236698,0.028941733574533203
538.6949890236698,0.0291207269333523
538.7949890236698,0.029301340850532404
538.8949890236698,0.029483594368431374
538.9949890236699,0.0296675068005196
539.0949890236699,0.029853097735839478
539.1949890236699,0.030040387043546404
539.2949890236699,0.030229394877532772
539.39498902367,0.03042014168113668
539.49498902367,0.030612648191936945
539.59498902367,0.03080693544663611
539.69498902367,0.031003024786033128
539.79498902367,0.03120093786008757
539.8949890236701,0.03140069663307701
539.9949890236701,0.03160232338884948
540.0949890236701,0.03180584073617282
540.1949890236701,0.03201127161418281
540.2949890236702,0.032218639297932006
540.3949890236702,0.03242796740404121
540.4949890236702,0.03263927989645565
540.5949890236702,0.032852601092307754
540.6949890236702,0.03306795566788871
540.7949890236703,0.03328536866473093
540.8949890236703,0.03350486549580342
540.9949890236703,0.033726471951822413
541.0949890236703,0.03395021420767935
541.1949890236704,0.03417611882898862
541.2949890236704,0.034404212778757146
541.3949890236704,0.03463452342417848
541.4949890236704,0.03486707854355343
541.5949890236705,0.03510190633334
541.6949890236705,0.03533903541533484
541.7949890236705,0.0355784948439889
541.8949890236705,0.0358203141138598
541.9949890236705,0.03606452316720345
542.0949890236706,0.03631115240170768
542.1949890236706,0.03656023267837053
542.2949890236706,0.036811795329525936
542.3949890236706,0.03706587216701952
542.4949890236707,0.03732249549053754
542.5949890236707,0.037581698096091534
542.6949890236707,0.03784351328466194
542.7949890236707,0.038107974871003425
542.8949890236707,0.03837511719261491
542.9949890236708,0.03864497511887761
543.0949890236708,0.03891758406036382
543.1949890236708,0.03919297997832
543.2949890236708,0.03947119939432693
543.3949890236709,0.03975227940014061
543.4949890236709,0.040036257667716756
543.5949890236709,0.04032317245942257
543.6949890236709,0.04061306263843899
543.794989023671,0.0409059676793568
543.894989023671,0.04120192767897022
543.994989023671,0.041500983367271205
544.094989023671,0.041803176118648366
544.194989023671,0.04210854796329365
544.2949890236711,0.042417141598820825
544.3949890236711,0.04272900040209904
544.4949890236711,0.04304416844130546
544.5949890236711,0.043362690488200455
544.6949890236712,0.04368461203062927
544.7949890236712,0.04400997928525386
544.8949890236712,0.04433883921051866
544.9949890236712,0.04467123951985432
545.0949890236712,0.045007228695122914
545.1949890236713,0.04534685600030898
545.2949890236713,0.04569017149545975
545.3949890236713,0.04603722605087888
545.4949890236713,0.046388071361577334
545.5949890236714,0.04674275996198562
545.6949890236714,0.047101345240930875
545.7949890236714,0.04746388145688314
545.8949890236714,0.04783042375347444
545.9949890236715,0.04820102817529472
546.0949890236715,0.048575751683968396
546.1949890236715,0.04895465217451544
546.2949890236715,0.04933778849200066
546.3949890236715,0.049725220448475244
546.4949890236716,0.05011700884021387
546.5949890236716,0.050513215465251435
546.6949890236716,0.05091390314122273
546.7949890236716,0.05131913572350865
546.8949890236717,0.05172897812369245
546.9949890236717,0.05214349632832926
547.0949890236717,0.05256275741803221
547.1949890236717,0.05298682958687812
547.2949890236717,0.053415782162135876
547.3949890236718,0.053849685624320236
547.4949890236718,0.054288611627573716
547.5949890236718,0.054732633020379166
547.6949890236718,0.05518182386660505
547.7949890236719,0.05563625946688584
547.8949890236719,0.056096016380339155
547.9949890236719,0.05656117244662124
548.0949890236719,0.05703180680832224
548.194989023672,0.05750799993370205
548.294989023672,0.057989833639767736
548.394989023672,0.05847739111569259
548.494989023672,0.05897075694657695
548.594989023672,0.05947001713755033
548.6949890236721,0.059975259138214
548.7949890236721,0.06048657186742254
548.8949890236721,0.06100404573840282
548.9949890236721,0.06152777268420771
549.0949890236722,0.06205784618350179
549.1949890236722,0.06259436128667531
549.2949890236722,0.06313741464228236
549.3949890236722,0.06368710452379815
549.4949890236722,0.06424353085668967
549.5949890236723,0.06480679524579337
549.6949890236723,0.06537700100299235
549.7949890236723,0.06595425317518477
549.8949890236723,0.06653865857253422
549.9949890236724,0.06713032579699174
550.0949890236724,0.067729365271078
550.1949890236724,0.06833588926691293
550.2949890236724,0.06895001193547921
550.3949890236725,0.06957184933610375
550.4949890236725,0.07020151946614123
550.5949890236725,0.07083914229084096
550.6949890236725,0.07148483977337758
550.7949890236725,0.07213873590502377
550.8949890236726,0.07280095673544196
550.9949890236726,0.0734716304030695
551.0949890236726,0.07415088716557038
551.1949890236726,0.07483885943032333
551.2949890236727,0.07553568178491542
551.3949890236727,0.07624149102760629
551.4949890236727,0.0769564261977265
551.5949890236727,0.07768062860597051
551.6949890236727,0.07841424186454206
551.7949890236728,0.07915741191710594
551.8949890236728,0.07991028706849851
551.9949890236728,0.0806730180141439
552.0949890236728,0.08144575786912105
552.1949890236729,0.0822286621968215
552.2949890236729,0.08302188903713506
552.3949890236729,0.0838255989340952
552.4949890236729,0.08463995496291227
552.594989023673,0.08546512275631767
552.694989023673,0.08630127053013685
552.794989023673,0.08714856910800453
552.894989023673,0.08800719194512904
552.994989023673,0.08887731515100769
553.0949890236731,0.08975911751098854
553.1949890236731,0.09065278050656761
553.2949890236731,0.09155848833430362
553.3949890236731,0.0924764279232256
553.4949890236732,0.09340678895060085
553.5949890236732,0.09434976385592295
553.6949890236732,0.09530554785297139
553.7949890236732,0.09627433893978564
553.8949890236732,0.097256337906387
553.9949890236733,0.09825174834007294
554.0949890236733,0.09926077662809717
554.1949890236733,0.10028363195754005
554.2949890236733,0.10132052631216082
554.3949890236734,0.10237167446601358
554.4949890236734,0.10343729397359552
554.5949890236734,0.104517605156284
554.6949890236734,0.1056128310848056
554.7949890236735,0.1067231975574667
554.8949890236735,0.10784893307386081
554.9949890236735,0.10899026880375241
555.0949890236735,0.11014743855082232
555.1949890236735,0.11132067871094267
555.2949890236736,0.1125102282246328
555.3949890236736,0.11371632852333009
555.4949890236736,0.11493922346909115
555.5949890236736,0.11617915928732003
555.6949890236737,0.11743638449210039
555.7949890236737,0.11871114980368828
555.8949890236737,0.12000370805770107
555.9949890236737,0.12131431410551645
556.0949890236737,0.12264322470537285
556.1949890236738,0.12399069840363942
556.2949890236738,0.12535699540570033
556.3949890236738,0.12674237743587322
556.4949890236738,0.12814710758575673
556.5949890236739,0.1295714501503768
556.6949890236739,0.1310156704514744
556.7949890236739,0.13248003464725105
556.8949890236739,0.13396480952786205
556.994989023674,0.13547026229591783
557.094989023674,0.13699666033122815
557.194989023674,0.13854427093899446
557.294989023674,0.14011336108062752
557.394989023674,0.14170419708633958
557.4949890236741,0.14331704434863188
557.5949890236741,0.1449521669957709
557.6949890236741,0.14660982754431795
557.7949890236741,0.14829028652975135
557.8949890236742,0.1499938021141936
557.9949890236742,0.15172062967023026
558.0949890236742,0.15347102133978427
558.1949890236742,0.15524522556698658
558.2949890236742,0.15704348660396394
558.3949890236743,0.1588660439884448
558.4949890236743,0.16071313199207066
558.5949890236743,0.1625849790382849
558.6949890236743,0.1644818070886629
558.7949890236744,0.16640383099654033
558.8949890236744,0.1683512578267954
558.9949890236744,0.17032428614064302
559.0949890236744,0.17232310524430808
559.1949890236745,0.1743478944004585
559.2949890236745,0.17639882200130044
559.3949890236745,0.17847604470226525
559.4949890236745,0.1805797065152545
559.5949890236745,0.18270993786045486
559.6949890236746,0.1848668545757883
559.7949890236746,0.18705055688312885
559.8949890236746,0.18926112831049421
559.9949890236746,0.19149863456950844
560.0949890236747,0.1937631223875356
560.1949890236747,0.19605461829399976
560.2949890236747,0.19837312736054036
560.3949890236747,0.20071863189479988
560.4949890236747,0.2030910900878072
560.5949890236748,0.20549043461510652
560.6949890236748,0.20791657119198445
560.7949890236748,0.210369377083377
560.8949890236748,0.21284869956928407
560.9949890236749,0.21535435436679062
561.0949890236749,0.21788612401009086
561.1949890236749,0.22044375619022938
561.2949890236749,0.22302696205662276
561.394989023675,0.2256354144827943
561.494989023675,0.22826874629915853
561.594989023675,0.23092654849611696
561.694989023675,0.23360836840118285
561.794989023675,0.2363137078343375
561.8949890236751,0.23904202124632906
561.9949890236751,0.2417927138451655
562.0949890236751,0.2445651397166155
562.1949890236751,0.2473585999451213
562.2949890236752,0.25017234074214056
562.3949890236752,0.25300555158956545
562.4949890236752,0.2558573634065223
562.5949890236752,0.25872684674852153
562.6949890236752,0.26161301004860527
562.7949890236753,0.264514797910831
562.8949890236753,0.26743108946711297
562.9949890236753,0.27036069680913566
563.0949890236753,0.27330236350772397
563.1949890236754,0.27625476323271864
563.2949890236754,0.2792164984870401
563.3949890236754,0.2821860994692243
563.4949890236754,0.2851620230792779
563.5949890236755,0.2881426520832064
563.6949890236755,0.29112629445201355
563.7949890236755,0.29411118289134525
563.8949890236755,0.2970954745782345
563.9949890236755,0.30007725112159384
564.0949890236756,0.30305451876317985
564.1949890236756,0.30602520883570944
564.2949890236756,0.3089871784946295
564.3949890236756,0.3119382117397104
564.4949890236757,0.31487602074215015
564.5949890236757,0.31779824749221286
564.6949890236757,0.3207024657815857
564.7949890236757,0.32358618353360397
564.8949890236757,0.32644684549326064
564.9949890236758,0.3292818362874751
565.0949890236758,0.33208848386444545
565.1949890236758,0.3348640633190433
565.2949890236758,0.3376058011091296
565.3949890236759,0.3403108796653842
565.4949890236759,0.3429764423947466
565.5949890236759,0.3455995990748795
565.6949890236759,0.34817743163419773
565.794989023676,0.3507070003089737
565.894989023676,0.3531853501658513
565.994989023676,0.35560951797480733
566.094989023676,0.35797653941420937
566.194989023676,0.3602834565861754
566.2949890236761,0.36252732581696845
566.3949890236761,0.36470522571370495
566.4949890236761,0.3668142654452562
566.5949890236761,0.3688515932119234
566.6949890236762,0.37081440486531125
566.7949890236762,0.37269995263686434
566.8949890236762,0.3745055539308053
566.9949890236762,0.37622860013477677
567.0949890236762,0.37786656539937863
567.1949890236763,0.3794170153360583
567.2949890236763,0.38087761558149114
567.3949890236763,0.3822461401757108
567.4949890236763,0.3835204797008629
567.5949890236764,0.38469864912756263
567.6949890236764,0.3857787953164799
567.7949890236764,0.3867592041239461
567.8949890236764,0.38763830706209396
567.9949890236765,0.38841468746629537
568.0949890236765,0.3890870861254384
568.1949890236765,0.3896544063338694
568.2949890236765,0.39011571832758496
568.3949890236765,0.3904702630714594
568.4949890236766,0.390717455368888
568.5949890236766,0.3908568862701697
568.6949890236766,0.3908863129948612
568.7949890236766,0.39074446220568937
568.8949890236767,0.3904029757309797
568.9949890236767,0.3898628993972148
569.0949890236767,0.38912588163308165
569.1949890236767,0.3881941609374548
569.2949890236767,0.3870705489822752
569.3949890236768,0.3857584095868799
569.4949890236768,0.3842616338545135
569.5949890236768,0.3825846118095304
569.6949890236768,0.3807322009142721
569.7949890236769,0.37870969187710407
569.8949890236769,0.37652277218717245
569.9949890236769,0.3741774878269124
570.0949890236769,0.371680203620245
570.194989023677,0.36903756267301646
570.294989023677,0.36625644535303337
570.394989023677,0.36334392824068534
570.494989023677,0.3603072434584136
570.594989023677,0.3571537387590853
570.6949890236771,0.3538908387206352
570.7949890236771,0.3505260073581641
570.8949890236771,0.3470667124260264
570.9949890236771,0.3435203916423102
571.0949890236772,0.33989442102741557
571.1949890236772,0.33619608550805075
571.2949890236772,0.33243255189863663
571.3949890236772,0.32861084433450916
571.4949890236772,0.32473782219598013
571.5949890236773,0.3208201605296984
571.6949890236773,0.3168643329441733
571.7949890236773,0.31287659692999387
571.8949890236773,0.30886298153232866
571.9949890236774,0.3048292772837492
572.0949890236774,0.30078102828924136
572.1949890236774,0.29672352634234217
572.2949890236774,0.2926618069414945
572.3949890236775,0.28860064706874866
572.4949890236775,0.2845445645886092
572.5949890236775,0.2804978191228757
572.6949890236775,0.2764644142574813
572.7949890236775,0.2724481009393186
572.8949890236776,0.2684523819245919
572.9949890236776,0.26448051714507986
573.0949890236776,0.26053552986458817
573.1949890236776,0.25662021350459013
573.2949890236777,0.25273713902537426
573.3949890236777,0.24888866275675958
573.4949890236777,0.2450769345804238
573.5949890236777,0.241303906373978
573.6949890236777,0.23757134063497676
573.7949890236778,0.23388081921097434
573.8949890236778,0.2302337520694369
573.9949890236778,0.2266313860487248
574.0949890236778,0.22307481353841083
574.1949890236779,0.2195649810438679
574.2949890236779,0.2161026975963019
574.3949890236779,0.21268864297521745
574.4949890236779,0.20932337571566723
574.594989023678,0.20600734087755915
574.694989023678,0.20274087755877634
574.794989023678,0.19952422613792378
574.894989023678,0.19635753523616004
574.994989023678,0.19324086839082835
575.0949890236781,0.19017421043648494
575.1949890236781,0.1871574735914598
575.2949890236781,0.18419050325029762
575.3949890236781,0.18127308348434074
575.4949890236782,0.17840494225435397
575.5949890236782,0.1755857563404778
575.6949890236782,0.17281515599595296
575.7949890236782,0.17009272933201328
575.8949890236782,0.16741802644210638
575.9949890236783,0.16479056327420397
576.0949890236783,0.16220982526041638
576.1949890236783,0.159675270713448
576.2949890236783,0.1571863339996417
576.3949890236784,0.15474242849847059
576.4949890236784,0.15234294935836037
576.5949890236784,0.1499872760586776
576.6949890236784,0.1476747747876102
576.7949890236785,0.14540480064550296
576.8949890236785,0.14317669968300548
576.9949890236785,0.14098981078315012
577.0949890236785,0.1388434673962065
577.1949890236785,0.1367369991358701
577.2949890236786,0.13466973324503242
577.3949890236786,0.13264099593906345
577.4949890236786,0.1306501136342064
577.5949890236786,0.12869641406835708
577.6949890236787,0.1267792273211657
577.7949890236787,0.12489788674006803
577.8949890236787,0.1230517297785279
577.9949890236787,0.12124009875244886
578.0949890236787,0.11946234152040076
578.1949890236788,0.11771781209299936
578.2949890236788,0.11600587117648047
578.3949890236788,0.11432588665522372
578.4949890236788,0.11267723401770358
578.5949890236789,0.11105929673007991
578.6949890236789,0.10947146656138576
578.7949890236789,0.10791314386402667
578.8949890236789,0.1063837378130732
578.994989023679,0.1048826666076074
579.094989023679,0.10340935763717399
579.194989023679,0.1019632476161875
579.294989023679,0.10054378268895736
579.394989023679,0.0991504185078151
579.4949890236791,0.09778262028665828
579.5949890236791,0.09643986283206728
579.6949890236791,0.09512163055400019
579.7949890236791,0.09382741745793133
579.8949890236792,0.09255672712016437
579.9949890236792,0.09130907264792833
580.0949890236792,0.09008397662574595
580.1949890236792,0.0888809710494562
580.2949890236792,0.08769959724916782
580.3949890236793,0.08653940580232719
580.4949890236793,0.08539995643799171
580.5949890236793,0.08428081793331746
580.6949890236793,0.08318156800319086
580.7949890236794,0.0821017931838611
580.8949890236794,0.08104108871136177
580.9949890236794,0.07999905839544699
581.0949890236794,0.07897531448970788
581.1949890236795,0.07796947755847998
581.2949890236795,0.07698117634110199
581.3949890236795,0.07601004761403732
581.4949890236795,0.07505573605132695
581.5949890236795,0.07411789408380051
581.6949890236796,0.0731961817574346
581.7949890236796,0.07229026659121232
581.8949890236796,0.07139982343480505
581.9949890236796,0.07052453432636743
582.0949890236797,0.06966408835070884
582.1949890236797,0.06881818149807825
582.2949890236797,0.06798651652377598
582.3949890236797,0.06716880280878365
582.4949890236798,0.06636475622158314
582.5949890236798,0.0655740989813169
582.6949890236798,0.0647965595224245
582.7949890236798,0.0640318723608746
582.8949890236798,0.06327977796209648
582.9949890236799,0.06254002261070263
583.0949890236799,0.06181235828208063
583.1949890236799,0.06109654251592194
583.2949890236799,0.06039233829174468
583.39498902368,0.05969951390645778
583.49498902368,0.059017842854005485
583.59498902368,0.05834710370712341
583.69498902368,0.057687080001229546
583.79498902368,0.05703756012046771
583.8949890236801,0.0563983371859147
583.9949890236801,0.05576920894595691
584.0949890236801,0.055149977668837384
584.1949890236801,0.054540450037370014
584.2949890236802,0.05394043704581318
584.3949890236802,0.053349753898891926
584.4949890236802,0.05276821991295447
584.5949890236802,0.05219565841924581
584.6949890236803,0.05163189666927875
584.7949890236803,0.05107676574228049
584.8949890236803,0.050530100454690675
584.9949890236803,0.04999173927168523
585.0949890236803,0.04946152422069871
585.1949890236804,0.04893930080691658
585.2949890236804,0.0484249179307076
585.3949890236804,0.047918227806965724
585.4949890236804,0.04741908588632991
585.5949890236805,0.046927350778249534
585.6949890236805,0.046442884175862835
585.7949890236805,0.04596555078265523
585.8949890236805,0.0454952182408638
585.9949890236805,0.04503175706159455
586.0949890236806,0.044575040556618505
586.1949890236806,0.044124944771812655
586.2949890236806,0.04368134842221229
586.3949890236806,0.04324413282864061
586.4949890236807,0.04281318185588235
586.5949890236807,0.04238838185236795
586.6949890236807,0.04196962159133517
586.7949890236807,0.041556792213435396
586.8949890236808,0.041149787170752225
586.9949890236808,0.04074850217220017
587.0949890236808,0.0403528351302719
587.1949890236808,0.039962686109102655
587.2949890236808,0.039577957273821275
587.3949890236809,0.03919855284115715
587.4949890236809,0.03882437903127359
587.5949890236809,0.03845534402079806
587.6949890236809,0.038091357897020596
587.794989023681,0.03773233261323185
587.894989023681,0.037378181945173276
587.994989023681,0.03702882144857195
588.094989023681,0.03668416841773335
588.194989023681,0.03634414184516605
588.2949890236811,0.036008662382212425
588.3949890236811,0.03567765230066042
588.4949890236811,0.035351035455311805
588.5949890236811,0.03502873724748276
588.6949890236812,0.03471068458941331
588.7949890236812,0.03439680586956265
588.8949890236812,0.034087030918767885
588.9949890236812,0.033781290977244124
589.0949890236813,0.033479518662404624
589.1949890236813,0.03318164793747991
589.2949890236813,0.032887614080915485
589.3949890236813,0.03259735365652818
589.4949890236813,0.03231080448440159
589.5949890236814,0.0320279056125016
589.6949890236814,0.031748597288993624
589.7949890236814,0.03147282093524316
589.8949890236814,0.031200519119482316
589.9949890236815,0.030931635531124952
590.0949890236815,0.03066611495571372
590.1949890236815,0.030403903250482617
590.2949890236815,0.030144947320519262
590.3949890236815,0.029889195095511155
590.4949890236816,0.029636595507061034
590.5949890236816,0.029387098466556374
590.6949890236816,0.029140654843578882
590.7949890236816,0.028897216444839814
590.8949890236817,0.02865673599362769
590.9949890236817,0.028419167109754947
591.0949890236817,0.028184464289990777
591.1949890236817,0.02795258288896749
591.2949890236818,0.02772347910054814
591.3949890236818,0.027497109939643563
591.4949890236818,0.027273433224467136
591.5949890236818,0.02705240755921606
591.6949890236818,0.026833992317167984
591.7949890236819,0.02661814762418249
591.8949890236819,0.026404834342596783
591.9949890236819,0.026194014055505636
592.0949890236819,0.02598564905141553
592.194989023682,0.025779702309263533
592.294989023682,0.025576137483791447
592.394989023682,0.025374918891266127
592.494989023682,0.02517601149553718
592.594989023682,0.02497938089442331
592.6949890236821,0.02478499330641896
592.7949890236821,0.024592815557713133
592.8949890236821,0.024402815069512283
592.9949890236821,0.024214959845659703
593.0949890236822,0.024029218460543737
593.1949890236822,0.02384556004728759
593.2949890236822,0.023663954286213488
593.3949890236822,0.023484371393574364
593.4949890236823,0.0233067821105462
593.5949890236823,0.02313115769247444
593.6949890236823,0.02295746989836823
593.7949890236823,0.022785690980636028
593.8949890236823,0.02261579367505666
593.9949890236824,0.022447751190979887
594.0949890236824,0.022281537201750714
594.1949890236824,0.022117125835351817
594.2949890236824,0.02195449166525878
594.3949890236825,0.02179360970150261
594.4949890236825,0.02163445538193463
594.5949890236825,0.021477004563688458
594.6949890236825,0.021321233514834465
594.7949890236825,0.021167118906221697
594.8949890236826,0.02101463780350275
594.9949890236826,0.020863767659337173
595.0949890236826,0.020714486305768737
595.1949890236826,0.02056677194677262
595.2949890236827,0.02042060315096807
595.3949890236827,0.02027595884449269
595.4949890236827,0.02013281830403428
595.5949890236827,0.019991161150016392
595.6949890236828,0.01985096733993399
595.7949890236828,0.019712217161835348
595.8949890236828,0.01957489122794689
595.9949890236828,0.019438970468437265
596.0949890236828,0.01930443612531749
596.1949890236829,0.019171269746473797
596.2949890236829,0.019039453179829968
596.3949890236829,0.018908968567636113
596.4949890236829,0.018779798340880793
596.594989023683,0.018651925213823594
596.694989023683,0.0185253321786453
596.794989023683,0.018400002500212696
596.894989023683,0.018275919710955563
596.994989023683,0.018153067605852894
597.0949890236831,0.018031430237525996
597.1949890236831,0.017910991911435796
597.2949890236831,0.01779173718118196
597.3949890236831,0.017673650843901448
597.4949890236832,0.01755671793576407
597.5949890236832,0.017440923727562944
597.6949890236832,0.017326253720397408
597.7949890236832,0.0172126936414465
597.8949890236833,0.017100229439830614
597.9949890236833,0.016988847282559512
598.0949890236833,0.016878533550564602
598.1949890236833,0.016769274834813445
598.2949890236833,0.016661057932504813
598.3949890236834,0.016553869843342176
598.4949890236834,0.016447697765884037
598.5949890236834,0.01634252909396925
598.6949890236834,0.01623835141321557
598.7949890236835,0.016135152497589886
598.8949890236835,0.01603292030604835
598.9949890236835,0.015931642979244976
599.0949890236835,0.015831308836306995
599.1949890236835,0.01573190637167557
599.2949890236836,0.015633424252010364
599.3949890236836,0.015535851313156471
599.4949890236836,0.015439176557172413
599.5949890236836,0.01534338914941769
599.6949890236837,0.01524847841569868
599.7949890236837,0.015154433839471548
599.8949890236837,0.015061245059100808
599.9949890236837,0.014968901865172453
600.0949890236838,0.014877394197860272
600.1949890236838,0.01478671214434435
600.2949890236838,0.014696845936280427
600.3949890236838,0.014607785947319131
600.4949890236838,0.014519522690673924
600.5949890236839,0.014432046816736656
600.6949890236839,0.014345349110739812
600.7949890236839,0.01425942049046424
600.8949890236839,0.014174252003991574
600.994989023684,0.01408983482750022
601.094989023684,0.014006160263104028
601.194989023684,0.01392321973673274
601.294989023684,0.013841004796053236
601.394989023684,0.013759507108430817
601.4949890236841,0.013678718458929524
601.5949890236841,0.01359863074835076
601.6949890236841,0.013519235991309369
601.7949890236841,0.013440526314346314
601.8949890236842,0.013362493954077275
601.9949890236842,0.013285131255376293
602.0949890236842,0.013208430669593796
602.1949890236842,0.01313238475280826
602.2949890236843,0.013056986164110744
602.3949890236843,0.01298222766392169
602.4949890236843,0.01290810211233921
602.5949890236843,0.012834602467518321
602.6949890236843,0.012761721784080327
602.7949890236844,0.012689453211551863
602.8949890236844,0.012617789992832893
602.9949890236844,0.012546725462693068
603.0949890236844,0.012476253046295908
603.1949890236845,0.012406366257750146
603.2949890236845,0.012337058698687765
603.3949890236845,0.012268324056868084
603.4949890236845,0.012200156104807435
603.5949890236845,0.012132548698433875
603.6949890236846,0.012065495775766369
603.7949890236846,0.011998991355618063
603.8949890236846,0.011933029536323006
603.9949890236846,0.011867604494485975
604.0949890236847,0.011802710483754862
604.1949890236847,0.01173834183361515
604.2949890236847,0.01167449294820612
604.3949890236847,0.01161115830515822
604.4949890236848,0.011548332454451308
604.5949890236848,0.011486010017293226
604.6949890236848,0.011424185685018377
604.7949890236848,0.011362854218005893
604.8949890236848,0.011302010444616945
604.9949890236849,0.011241649260150904
605.0949890236849,0.011181765625819897
605.1949890236849,0.01112235456774143
605.2949890236849,0.011063411175948744
