511.3949890236636,0.32843940566036983
511.4949890236636,0.32859950150257133
511.59498902366363,0.3287602266530812
511.69498902366365,0.3289215808915359
511.7949890236637,0.3290835639752333
511.8949890236637,0.3292461756391062
511.9949890236637,0.32940941559569775
512.0949890236637,0.32957328353514026
512.1949890236638,0.32973777912513663
512.2949890236638,0.32990290201094474
512.3949890236638,0.33006865181536454
512.4949890236638,0.3302350281387284
512.5949890236639,0.330402030558894
512.6949890236639,0.33056965863124077
512.7949890236639,0.33073791188866886
512.8949890236639,0.33090678984160143
512.994989023664,0.3310762919779901
513.094989023664,0.3312464177633234
513.194989023664,0.33141716664063864
513.294989023664,0.3315885380305367
513.394989023664,0.3317605313312
513.4949890236641,0.3319331459184146
513.5949890236641,0.3321063811455944
513.6949890236641,0.33228023634380965
513.7949890236641,0.33245471082181843
513.8949890236642,0.33262980386610164
513.9949890236642,0.3328055147409016
514.0949890236642,0.332981842688264
514.1949890236642,0.3331587869280833
514.2949890236642,0.33333634665815237
514.3949890236643,0.3335145210542146
514.4949890236643,0.3336933092700208
514.5949890236643,0.33387271043738914
514.6949890236643,0.33405272366626915
514.7949890236644,0.3342333480448093
514.8949890236644,0.33441458263942836
514.9949890236644,0.3345964264948909
515.0949890236644,0.3347788786343863
515.1949890236644,0.33496193805961216
515.2949890236645,0.33514560375086094
515.3949890236645,0.3353298746671116
515.4949890236645,0.33551474974612433
515.5949890236645,0.33570022790453996
515.6949890236646,0.33588630803798336
515.7949890236646,0.33607298902117083
515.8949890236646,0.3362602697080219
515.9949890236646,0.33644814893177516
516.0949890236647,0.33663662550510876
516.1949890236647,0.3368256982202647
516.2949890236647,0.3370153658491779
516.3949890236647,0.3372056271436095
516.4949890236647,0.33739648083528456
516.5949890236648,0.3375879256360345
516.6949890236648,0.3377799602379435
516.7949890236648,0.33797258331350033
516.8949890236648,0.33816579351575377
516.9949890236649,0.3383595894784737
517.0949890236649,0.338553969816316
517.1949890236649,0.3387489331249928
517.2949890236649,0.3389444779814471
517.394989023665,0.3391406029440324
517.494989023665,0.3393373065526973
517.594989023665,0.33953458732917463
517.694989023665,0.339732443777176
517.794989023665,0.3399308743825908
517.8949890236651,0.34012987761369085
517.9949890236651,0.3403294519213395
518.0949890236651,0.3405295957392063
518.1949890236651,0.3407303074839866
518.2949890236652,0.34093158555562647
518.3949890236652,0.34113342833755284
518.4949890236652,0.34133583419690877
518.5949890236652,0.34153880148479454
518.6949890236652,0.34174232853651343
518.7949890236653,0.3419464136718236
518.8949890236653,0.34215105519519495
518.9949890236653,0.34235625139607184
519.0949890236653,0.3425620005491412
519.1949890236654,0.3427683009146063
519.2949890236654,0.34297515073846624
519.3949890236654,0.34318254825280103
519.4949890236654,0.3433904916760626
519.5949890236654,0.34359897921337157
519.6949890236655,0.34380800905681974
519.7949890236655,0.34401757938577854
519.8949890236655,0.3442276883672138
519.9949890236655,0.34443833415600583
520.0949890236656,0.34464951489527623
520.1949890236656,0.3448612287167205
520.2949890236656,0.34507347374094666
520.3949890236656,0.34528624807782055
520.4949890236657,0.34549954982681685
520.5949890236657,0.3457133770773769
520.6949890236657,0.3459277279092726
520.7949890236657,0.3461426003929768
520.8949890236657,0.34635799259004
520.9949890236658,0.3465739025534742
521.0949890236658,0.34679032832814255
521.1949890236658,0.3470072679511561
521.2949890236658,0.3472247194522773
521.3949890236659,0.3474426808543298
521.4949890236659,0.34766115017361565
521.5949890236659,0.3478801254203391
521.6949890236659,0.34809960459903716
521.794989023666,0.3483195857090176
521.894989023666,0.3485400667448034
521.994989023666,0.34876104569658495
522.094989023666,0.34898252055067897
522.194989023666,0.34920448928999487
522.2949890236661,0.3494269498945084
522.3949890236661,0.3496499003417425
522.4949890236661,0.34987333860725595
522.5949890236661,0.35009726266513896
522.6949890236662,0.350321670488517
522.7949890236662,0.3505465600500614
522.8949890236662,0.35077192932250867
522.9949890236662,0.3509977762791867
523.0949890236662,0.3512240988945493
523.1949890236663,0.3514508951447183
523.2949890236663,0.3516781630080339
523.3949890236663,0.35190590046561315
523.4949890236663,0.35213410550191615
523.5949890236664,0.35236277610532074
523.6949890236664,0.3525919102687052
523.7949890236664,0.3528215059900399
523.8949890236664,0.35305156127298654
523.9949890236664,0.35328207412750656
524.0949890236665,0.35351304257047766
524.1949890236665,0.3537444646263194
524.2949890236665,0.3539763383276273
524.3949890236665,0.35420866171581555
524.4949890236666,0.35444143284176927
524.5949890236666,0.3546746497665051
524.6949890236666,0.3549083105618414
524.7949890236666,0.3551424133110771
524.8949890236667,0.3553769561096803
524.9949890236667,0.3556119370659859
525.0949890236667,0.3558473543019029
525.1949890236667,0.3560832059536311
525.2949890236667,0.3563194901723873
525.3949890236668,0.35655620512514175
525.4949890236668,0.35679334899536386
525.5949890236668,0.35703091998377795
525.6949890236668,0.3572689163091295
525.7949890236669,0.35750733620896086
525.8949890236669,0.35774617794039776
525.9949890236669,0.3579854397809459
526.0949890236669,0.35822512002929796
526.194989023667,0.3584652170061514
526.294989023667,0.3587057290550368
526.394989023667,0.3589466545431569
526.494989023667,0.3591879918622368
526.594989023667,0.35942973942938533
526.6949890236671,0.35967189568796665
526.7949890236671,0.3599144591084845
526.8949890236671,0.3601574281894769
526.9949890236671,0.36040080145842246
527.0949890236672,0.360644577472659
527.1949890236672,0.3608887548203131
527.2949890236672,0.3611333321212422
527.3949890236672,0.3613783080279887
527.4949890236672,0.3616236812267458
527.5949890236673,0.3618694504383365
527.6949890236673,0.36211561441920426
527.7949890236673,0.3623621719624168
527.8949890236673,0.3626091218986828
527.9949890236674,0.36285646309738095
528.0949890236674,0.363104194467603
528.1949890236674,0.3633523149592092
528.2949890236674,0.3636008235638979
528.3949890236674,0.3638497193162878
528.4949890236675,0.3640990012950154
528.5949890236675,0.364348668623845
528.6949890236675,0.36459872047279357
528.7949890236675,0.3648491560592697
528.8949890236676,0.3650999746492271
528.9949890236676,0.3653511755583327
529.0949890236676,0.3656027581531497
529.1949890236676,0.3658547218523353
529.2949890236677,0.3661070661278546
529.3949890236677,0.36635979050620865
529.4949890236677,0.3666128945696792
529.5949890236677,0.36686637795758886
529.6949890236677,0.3671202403675774
529.7949890236678,0.3673744815568944
529.8949890236678,0.3676291013437084
529.9949890236678,0.3678840996084326
530.0949890236678,0.368139476295068
530.1949890236679,0.3683952314125632
530.2949890236679,0.3686513650361921
530.3949890236679,0.36890787730894903
530.4949890236679,0.3691647684429618
530.594989023668,0.3694220387209235
530.694989023668,0.3696796884975417
530.794989023668,0.3699377182010076
530.894989023668,0.37019612833448334
530.994989023668,0.3704549194776089
531.0949890236681,0.37071409228802843
531.1949890236681,0.37097364750293693
531.2949890236681,0.37123358594064615
531.3949890236681,0.37149390850217195
531.4949890236682,0.37175461617284167
531.5949890236682,0.37201571002392314
531.6949890236682,0.3722771912142744
531.7949890236682,0.37253906099201606
531.8949890236682,0.3728013206962248
531.9949890236683,0.37306397175864986
532.0949890236683,0.3733270157054522
532.1949890236683,0.3735904541589664
532.2949890236683,0.37385428883948657
532.3949890236684,0.37411852156707565
532.4949890236684,0.3743831542633989
532.5949890236684,0.3746481889535827
532.6949890236684,0.3749136277680973
532.7949890236684,0.3751794729446657
532.8949890236685,0.37544572683019806
532.9949890236685,0.3757123918827526
533.0949890236685,0.37597947067352266
533.1949890236685,0.37624696588885126
533.2949890236686,0.376514880332273
533.3949890236686,0.3767832169265841
533.4949890236686,0.37705197871594104
533.5949890236686,0.3773211688679875
533.6949890236687,0.3775907906760115
533.7949890236687,0.3778608475611317
533.8949890236687,0.3781313430745151
533.9949890236687,0.3784022808996246
534.0949890236687,0.3786736648544986
534.1949890236688,0.3789454988940628
534.2949890236688,0.3792177871124741
534.3949890236688,0.37949053374549757
534.4949890236688,0.37976374317291783
534.5949890236689,0.38003741992098383
534.6949890236689,0.38031156866488897
534.7949890236689,0.3805861942312868
534.8949890236689,0.38086130160084236
534.994989023669,0.3811368959108208
535.094989023669,0.38141298245771305
535.194989023669,0.3816895666998997
535.294989023669,0.38196665426035337
535.394989023669,0.38224425092938114
535.4949890236691,0.3825223626674062
535.5949890236691,0.3828009956077912
535.6949890236691,0.3830801560597026
535.7949890236691,0.38335985051101784
535.8949890236692,0.3836400856312753
535.9949890236692,0.3839208682746682
536.0949890236692,0.38420220548308337
536.1949890236692,0.38448410448918546
536.2949890236692,0.3847665727195474
536.3949890236693,0.3850496177978282
536.4949890236693,0.3853332475479989
536.5949890236693,0.38561746999761737
536.6949890236693,0.38590229338115273
536.7949890236694,0.3861877261433614
536.8949890236694,0.3864737769427139
536.9949890236694,0.3867604546548751
537.0949890236694,0.3870477683762379
537.1949890236695,0.38733572742751143
537.2949890236695,0.3876243413573657
537.3949890236695,0.3879136199461318
537.4949890236695,0.3882035732095617
537.5949890236695,0.3884942114026452
537.6949890236696,0.3887855450234881
537.7949890236696,0.3890775848172515
537.8949890236696,0.389370341780153
537.9949890236696,0.38966382716353176
538.0949890236697,0.3899580524779783
538.1949890236697,0.3902530294975308
538.2949890236697,0.39054877026393736
538.3949890236697,0.39084528709098854
538.4949890236697,0.39114259256891837
538.5949890236698,0.3914406995688775
538.6949890236698,0.3917396212474786
538.7949890236698,0.39203937105141545
538.8949890236698,0.3923399627221581
538.9949890236699,0.39264141030072464
539.0949890236699,0.3929437281325309
539.1949890236699,0.3932469308723209
539.2949890236699,0.3935510334891778
539.39498902367,0.3938560512716186
539.49498902367,0.394161999832773
539.59498902367,0.3944688951156487
539.69498902367,0.3947767533984845
539.79498902367,0.3950855913001933
539.8949890236701,0.3953954257858959
539.9949890236701,0.3957062741725489
540.0949890236701,0.3960181541346663
540.1949890236701,0.39633108371013903
540.2949890236702,0.3966450813061526
540.3949890236702,0.3969601657052054
540.4949890236702,0.3972763560712297
540.5949890236702,0.39759367195581663
540.6949890236702,0.397912133304549
540.7949890236703,0.39823176046344116
540.8949890236703,0.3985525741854909
540.9949890236703,0.3988745956373435
541.0949890236703,0.39919784640607114
541.1949890236704,0.3995223485060696
541.2949890236704,0.39984812438607464
541.3949890236704,0.40017519693629977
541.4949890236704,0.4005035894956992
541.5949890236705,0.40083332585935627
541.6949890236705,0.4011644302860021
541.7949890236705,0.4014969275056649
541.8949890236705,0.4018308427274539
541.9949890236705,0.4021662016474796
542.0949890236706,0.4025030304569138
542.1949890236706,0.40284135585019076
542.2949890236706,0.40318120503335375
542.3949890236706,0.4035226057325486
542.4949890236707,0.40386558620266744
542.5949890236707,0.4042101752361458
542.6949890236707,0.4045564021719149
542.7949890236707,0.40490429690451374
542.8949890236707,0.40525388989336203
542.9949890236708,0.4056052121721988
543.0949890236708,0.4059582953586883
543.1949890236708,0.40631317166419745
543.2949890236708,0.40666987390374687
543.3949890236709,0.40702843550613993
543.4949890236709,0.40738889052427224
543.5949890236709,0.4077512736456247
543.6949890236709,0.4081156202029444
543.794989023671,0.408481966185116
543.894989023671,0.408850348248227
543.994989023671,0.40922080372683084
544.094989023671,0.40959337064541085
544.194989023671,0.409968087730049
544.2949890236711,0.410344994420303
544.3949890236711,0.41072413088129445
544.4949890236711,0.4111055380160138
544.5949890236711,0.41148925747784293
544.6949890236712,0.41187533168330204
544.7949890236712,0.4122638038250224
544.8949890236712,0.41265471788494956
544.9949890236712,0.4130481186477811
545.0949890236712,0.4134440517146423
545.1949890236713,0.4138425635170038
545.2949890236713,0.41424370133084476
545.3949890236713,0.41464751329106625
545.4949890236713,0.4150540484061575
545.5949890236714,0.4154633565731202
545.6949890236714,0.4158754885926538
545.7949890236714,0.41629049618460595
545.8949890236714,0.4167084320036924
545.9949890236715,0.4171293496554895
546.0949890236715,0.41755330371270377
546.1949890236715,0.41798034973172205
546.2949890236715,0.4184105442694458
546.3949890236715,0.41884394490041393
546.4949890236716,0.41928061023421725
546.5949890236716,0.41972059993320865
546.6949890236716,0.4201639747305118
546.7949890236716,0.4206107964483333
546.8949890236717,0.42106112801657986
546.9949890236717,0.42151503349178543
547.0949890236717,0.4219725780763506
547.1949890236717,0.42243382813809754
547.2949890236717,0.4228988512301436
547.3949890236718,0.4233677161110962
547.4949890236718,0.4238404927655717
547.5949890236718,0.4243172524250408
547.6949890236718,0.42479806758900274
547.7949890236719,0.4252830120464902
547.8949890236719,0.42577216089790665
547.9949890236719,0.4262655905771983
548.0949890236719,0.42676337887436144
548.194989023672,0.427265604958286
548.294989023672,0.42777234939993675
548.394989023672,0.4282836941958714
548.494989023672,0.4287997227920971
548.594989023672,0.4293205201082631
548.6949890236721,0.42984617256219015
548.7949890236721,0.43037676809473446
548.8949890236721,0.43091239619498456
548.9949890236721,0.4314531479257891
549.0949890236722,0.4319991159496118
549.1949890236722,0.43255039455471117
549.2949890236722,0.4331070796816387
549.3949890236722,0.43366926895005353
549.4949890236722,0.434237061685845
549.5949890236723,0.43481055894855847
549.6949890236723,0.4353898635591158
549.7949890236723,0.4359750801278232
549.8949890236723,0.4365663150826567
549.9949890236724,0.4371636766978143
550.0949890236724,0.4377672751225249
550.1949890236724,0.4383772224100992
550.2949890236724,0.43899363254721124
550.3949890236725,0.43961662148339264
550.4949890236725,0.4402459966532771
550.5949890236725,0.4408799092306936
550.6949890236725,0.44151813532391815
550.7949890236725,0.442160800111698
550.8949890236726,0.4428080314286059
550.9949890236726,0.4434599597949534
551.0949890236726,0.44411671844661094
551.1949890236726,0.4447784433647079
551.2949890236727,0.44544527330517986
551.3949890236727,0.4461173498281297
551.4949890236727,0.4467948173269655
551.5949890236727,0.44747782305727807
551.6949890236727,0.4481665171654132
551.7949890236728,0.4488610527166971
551.8949890236728,0.4495615857232643
551.9949890236728,0.4502682751714392
552.0949890236728,0.4509812830486133
552.1949890236729,0.4517007743695629
552.2949890236729,0.4524269172021418
552.3949890236729,0.45315988269228397
552.4949890236729,0.4538998450882442
552.594989023673,0.45464698176400176
552.694989023673,0.4554014732417443
552.794989023673,0.4561635032133492
552.894989023673,0.4569332585607679
552.994989023673,0.4577109293752176
553.0949890236731,0.45849670897507727
553.1949890236731,0.45929079392237726
553.2949890236731,0.46009338403776745
553.3949890236731,0.4609046824138387
553.4949890236732,0.46172489542666934
553.5949890236732,0.4625542327454549
553.6949890236732,0.46339290734007677
553.7949890236732,0.4642411354864529
553.8949890236732,0.4650991367695056
553.9949890236733,0.46596713408357343
554.0949890236733,0.4668453536300821
554.1949890236733,0.46773402491228033
554.2949890236733,0.46863338072683425
554.3949890236734,0.46954365715206464
554.4949890236734,0.47046509353259663
554.5949890236734,0.4713979324601813
554.6949890236734,0.4723424197504334
554.7949890236735,0.47329880441521777
554.8949890236735,0.4742673386304011
554.9949890236735,0.4752482776986711
555.0949890236735,0.47624188000711054
555.1949890236735,0.477248406979196
555.2949890236736,0.47826812302087535
555.3949890236736,0.47930129546035966
555.4949890236736,0.48034819448124805
555.5949890236736,0.48140909304858387
555.6949890236737,0.48248426682742157
555.7949890236737,0.48357399409346363
555.8949890236737,0.48467855563530515
555.9949890236737,0.48579823464780286
556.0949890236737,0.4869333166160619
556.1949890236738,0.4880840891895113
556.2949890236738,0.4892508420455156
556.3949890236738,0.49043386674194445
556.4949890236738,0.49163345655809826
556.5949890236739,0.4928499063233619
556.6949890236739,0.4940835122329313
556.7949890236739,0.4953345716499332
556.8949890236739,0.4966033828932287
556.994989023674,0.49789024501016554
557.094989023674,0.4991954575335155
557.194989023674,0.5005193202218046
557.294989023674,0.501862132782217
557.394989023674,0.5032241945752235
557.4949890236741,0.5046058043000589
557.5949890236741,0.5060072596601435
557.6949890236741,0.5074288570075176
557.7949890236741,0.5088708909653283
557.8949890236742,0.5103336540273873
557.9949890236742,0.5118174361337853
558.0949890236742,0.5133225242215327
558.1949890236742,0.5148492017491688
558.2949890236742,0.516397748194262
558.3949890236743,0.5179684385227074
558.4949890236743,0.519561542628709
558.5949890236743,0.5211773247443238
558.6949890236743,0.5228160428174312
558.7949890236744,0.5244779478569916
558.8949890236744,0.526163283244448
558.9949890236744,0.5278722840101356
559.0949890236744,0.5296051760735647
559.1949890236745,0.5313621754464655
559.2949890236745,0.533143487397495
559.3949890236745,0.5349493055775412
559.4949890236745,0.5367798111045929
559.5949890236745,0.5386351716071882
559.6949890236746,0.5405155402255124
559.7949890236746,0.5424210545692765
559.8949890236746,0.5443518356315882
559.9949890236746,0.5463079866581151
560.0949890236747,0.548289591970941
560.1949890236747,0.5502967157466337
560.2949890236747,0.5523294007481768
560.3949890236747,0.5543876670105627
560.4949890236747,0.5564715104800159
560.5949890236748,0.5585809016069944
560.6949890236748,0.5607157838933297
560.7949890236748,0.5628760723940842
560.8949890236748,0.56506165217496
560.9949890236749,0.567272376726357
561.0949890236749,0.5695080663354831
561.1949890236749,0.571768506418229
561.2949890236749,0.5740534458128743
561.394989023675,0.576362595038062
561.494989023675,0.5786956245178767
561.594989023675,0.5810521627772927
561.694989023675,0.5834317946117101
561.794989023675,0.5858340592347862
561.8949890236751,0.5882584484092703
561.9949890236751,0.5907044045661023
562.0949890236751,0.5931713189175833
562.1949890236751,0.5956585295710313
562.2949890236752,0.5981653196499346
562.3949890236752,0.6006909154302584
562.4949890236752,0.6032344845002064
562.5949890236752,0.605795133952408
562.6949890236752,0.6083719086181852
562.7949890236753,0.6109637893542335
562.8949890236753,0.6135696913927434
562.9949890236753,0.6161884627666779
563.0949890236753,0.6188188828225918
563.1949890236754,0.6214596608340429
563.2949890236754,0.6241094347292799
563.3949890236754,0.6267667699474924
563.4949890236754,0.6294301584384705
563.5949890236755,0.6320980178210304
563.6949890236755,0.6347686907160051
563.7949890236755,0.6374404442699739
563.8949890236755,0.6401114698861898
563.9949890236755,0.6427798831793518
564.0949890236756,0.6454437241709466
564.1949890236756,0.6481009577418437
564.2949890236756,0.6507494743586426
564.3949890236756,0.6533870910899465
564.4949890236757,0.6560115529282486
564.5949890236757,0.6586205344324574
564.6949890236757,0.6612116417052428
564.7949890236757,0.6637824147183577
564.8949890236757,0.6663303299978485
564.9949890236758,0.6688528036796313
565.0949890236758,0.6713471949442609
565.1949890236758,0.6738108098378476
565.2949890236758,0.6762409054840057
565.3949890236759,0.6786346946894241
565.4949890236759,0.6809893509431567
565.5949890236759,0.6833020138070481
565.6949890236759,0.6855697946918325
565.794989023676,0.6877897830104218
565.894989023676,0.6899590526967121
565.994989023676,0.6920746690749504
566.094989023676,0.6941336960613083
566.194989023676,0.6961332036758701
566.2949890236761,0.6980702758397678
566.3949890236761,0.6999420184287412
566.4949890236761,0.7017455675510049
566.5949890236761,0.7034780980139996
566.6949890236762,0.705136831941455
566.7949890236762,0.7067190474992275
566.8949890236762,0.7082220876856516
566.9949890236762,0.7096433691397069
567.0949890236762,0.710980390918193
567.1949890236763,0.7122307431913677
567.2949890236763,0.7133921158051877
567.3949890236763,0.7144623066574096
567.4949890236763,0.715439229834425
567.5949890236764,0.7163209234558099
567.6949890236764,0.7171055571742113
567.7949890236764,0.7177914392793656
567.8949890236764,0.7183770233567572
567.9949890236765,0.718860914453686
568.0949890236765,0.7192418747082798
568.1949890236765,0.71951882840028
568.2949890236765,0.7196908663861841
568.3949890236765,0.7197572498855282
568.4949890236766,0.7197174135896935
568.5949890236766,0.719570968069553
568.6949890236766,0.7193156896971966
568.7949890236766,0.7188903239193157
568.8949890236767,0.7182665309792071
568.9949890236767,0.7174453747490077
569.0949890236767,0.7164285213335186
569.1949890236767,0.7152182265380647
569.2949890236767,0.7138173189713489
569.3949890236768,0.7122291790198544
569.4949890236768,0.7104577139845256
569.5949890236768,0.7085073297182362
569.6949890236768,0.7063828991430252
569.7949890236769,0.7040897280585883
569.8949890236769,0.7016335186775804
569.9949890236769,0.699020331338761
570.0949890236769,0.6962565448559188
570.194989023677,0.693348815959128
570.294989023677,0.6903040382756882
570.394989023677,0.6871293012817384
570.494989023677,0.6838318496328025
570.594989023677,0.6804190432533253
570.6949890236771,0.6768983185325579
570.7949890236771,0.6732771509379833
570.8949890236771,0.6695630193188096
570.9949890236771,0.6657633721319366
571.0949890236772,0.6618855957820973
571.1949890236772,0.6579369852274949
571.2949890236772,0.6539247169629221
571.3949890236772,0.6498558244547535
571.4949890236772,0.6457371760668679
571.5949890236773,0.6415754554839419
571.6949890236773,0.6373771446089767
571.7949890236773,0.6331485088855876
571.8949890236773,0.628895584972642
571.9949890236774,0.6246241706792854
572.0949890236774,0.6203398170522207
572.1949890236774,0.6160478224941743
572.2949890236774,0.6117532287826419
572.3949890236775,0.6074608188510409
572.4949890236775,0.6031751161900654
572.5949890236775,0.5989003857250934
572.6949890236775,0.5946406360256462
572.7949890236775,0.5903996227048882
572.8949890236776,0.5861808528707072
572.9949890236776,0.5819875904947547
573.0949890236776,0.5778228625717261
573.1949890236776,0.5736894659478764
573.2949890236777,0.5695899747050899
573.3949890236777,0.565526747994562
573.4949890236777,0.5615019382221385
573.5949890236777,0.5575174994954413
573.6949890236777,0.5535751962509725
573.7949890236778,0.5496766119873026
573.8949890236778,0.5458231580381513
573.9949890236778,0.5420160823265769
574.0949890236778,0.5382564780485346
574.1949890236779,0.5345452922407373
574.2949890236779,0.5308833341939951
574.3949890236779,0.5272712836790164
574.4949890236779,0.5237096989570224
574.594989023678,0.5201990245524464
574.694989023678,0.5167395987694727
574.794989023678,0.5133316609382266
574.894989023678,0.5099753583800716
574.994989023678,0.5066707530847303
575.0949890236781,0.5034178280948208
575.1949890236781,0.5002164935959457
575.2949890236781,0.49706659271267883
575.3949890236781,0.49396790701271087
575.4949890236782,0.490920161723051
575.5949890236782,0.4879230306635716
575.6949890236782,0.48497614090433655
575.7949890236782,0.48207907715410836
575.8949890236782,0.4792313858881938
575.9949890236783,0.47643257922438753
576.0949890236783,0.47368213855622676
576.1949890236783,0.47097951795309356
576.2949890236783,0.46832414733691086
576.3949890236784,0.4657154354452889
576.4949890236784,0.4631527725910053
576.5949890236784,0.46063553322765216
576.6949890236784,0.4581630783311752
576.7949890236785,0.45573475760686694
576.8949890236785,0.4533499115311704
576.9949890236785,0.45100787323740876
577.0949890236785,0.4487079702542879
577.1949890236785,0.44644952610572675
577.2949890236786,0.4442318617802634
577.3949890236786,0.44205429707796484
577.4949890236786,0.43991615184244115
577.5949890236786,0.4378167470852341
577.6949890236787,0.43575540600951773
577.7949890236787,0.4337314549397161
577.8949890236787,0.43174422416332026
577.9949890236787,0.4297930486908604
578.0949890236787,0.42787726893967853
578.1949890236788,0.42599623134683856
578.2949890236788,0.4241492889162146
578.3949890236788,0.422335801704512
578.4949890236788,0.4205551372506967
578.5949890236789,0.41880667095304636
578.6949890236789,0.41708978639777794
578.7949890236789,0.4154038756429669
578.8949890236789,0.4137483394612381
578.994989023679,0.41212258754448894
579.094989023679,0.4105260386736933
579.194989023679,0.4089581208566397
579.294989023679,0.40741827143626147
579.394989023679,0.4059059371720454
579.4949890236791,0.40442057429683054
579.5949890236791,0.4029616485511549
579.6949890236791,0.40152863519715215
579.7949890236791,0.4001210190138653
579.8949890236792,0.39873829427570695
579.9949890236792,0.3973799647156735
580.0949890236792,0.39604554347480303
580.1949890236792,0.39473455303925764
580.2949890236792,0.3934465251663062
580.3949890236793,0.3921810008003913
580.4949890236793,0.39093752998037096
580.5949890236793,0.38971567173894195
580.6949890236793,0.3885149939951763
580.7949890236794,0.3873350734410256
580.8949890236794,0.3861754954225817
580.9949890236794,0.3850358538168193
581.0949890236794,0.3839157509044847
581.1949890236795,0.382814797239742
581.2949890236795,0.38173261151713644
581.3949890236795,0.3806688204363863
581.4949890236795,0.3796230585654707
581.5949890236795,0.37859496820244143
581.6949890236796,0.377584199236346
581.7949890236796,0.3765904090076171
581.8949890236796,0.37561326216824786
581.9949890236796,0.37465243054204483
582.0949890236797,0.3737075929852216
582.1949890236797,0.37277843524756876
582.2949890236797,0.371864649834415
582.3949890236797,0.3709659358695695
582.4949890236798,0.3700819989594169
582.5949890236798,0.3692125510583165
582.6949890236798,0.36835731033544117
582.7949890236798,0.3675160010431744
582.8949890236798,0.36668835338717026
582.9949890236799,0.365874103398167
583.0949890236799,0.36507299280563316
583.1949890236799,0.3642847689133132
583.2949890236799,0.36350918447673036
583.39498902368,0.3627459975826935
583.49498902368,0.3619949715308472
583.59498902368,0.36125587471729687
583.69498902368,0.3605284805203311
583.79498902368,0.35981256718826016
583.8949890236801,0.35910791772938105
583.9949890236801,0.3584143198040752
584.0949890236801,0.3577315656190403
584.1949890236801,0.3570594518236525
584.2949890236802,0.3563977794084514
584.3949890236802,0.355746353605738
584.4949890236802,0.35510498379226985
584.5949890236802,0.35447348339403845
584.6949890236803,0.3538516697931073
584.7949890236803,0.3532393642364903
584.8949890236803,0.3526363917470464
584.9949890236803,0.35204258103636416
585.0949890236803,0.35145776441961024
585.1949890236804,0.3508817777323131
585.2949890236804,0.3503144602490516
585.3949890236804,0.34975565460401953
585.4949890236804,0.34920520671343314
585.5949890236805,0.348662965699751
585.6949890236805,0.348128783817673
585.7949890236805,0.3476025163818858
585.8949890236805,0.34708402169652136
585.9949890236805,0.346573160986296
586.0949890236806,0.3460697983292947
586.1949890236806,0.345573800591369
586.2949890236806,0.3450850373621138
586.3949890236806,0.3446033808923903
586.4949890236807,0.3441287060333608
586.5949890236807,0.343660890177004
586.6949890236807,0.3431998131980767
586.7949890236807,0.3427453573974893
586.8949890236808,0.34229740744706466
586.9949890236808,0.3418558503356465
587.0949890236808,0.3414205753165273
587.1949890236808,0.34099147385616446
587.2949890236808,0.3405684395841544
587.3949890236809,0.34015136824443404
587.4949890236809,0.3397401576476814
587.5949890236809,0.33933470762488477
587.6949890236809,0.3389349199820532
587.794989023681,0.33854069845603996
587.894989023681,0.3381519486714513
587.994989023681,0.33776857809861405
588.094989023681,0.3373904960125751
588.194989023681,0.33701761345310816
588.2949890236811,0.33664984318570057
588.3949890236811,0.33628709966349746
588.4949890236811,0.3359292989901777
588.5949890236811,0.33557635888373866
588.6949890236812,0.33522819864116593
588.7949890236812,0.3348847391039666
588.8949890236812,0.3345459026245424
588.9949890236812,0.3342116130333829
589.0949890236813,0.33388179560705594
589.1949890236813,0.33355637703697605
589.2949890236813,0.33323528539893044
589.3949890236813,0.3329184501233424
589.4949890236813,0.332605801966254
589.5949890236814,0.33229727298100853
589.6949890236814,0.33199279649061525
589.7949890236814,0.3316923070607782
589.8949890236814,0.3313957404735723
589.9949890236815,0.3311030337017494
590.0949890236815,0.33081412488365886
590.1949890236815,0.33052895329876464
590.2949890236815,0.33024745934374644
590.3949890236815,0.3299695845091668
590.4949890236816,0.32969527135669147
590.5949890236816,0.32942446349684695
590.6949890236816,0.3291571055673032
590.7949890236816,0.3288931432116663
590.8949890236817,0.3286325230587682
590.9949890236817,0.3283751927024414
591.0949890236817,0.3281211006817651
591.1949890236817,0.3278701964617707
591.2949890236818,0.32762243041459566
591.3949890236818,0.3273777538010729
591.4949890236818,0.32713611875274556
591.5949890236818,0.3268974782542953
591.6949890236818,0.32666178612637403
591.7949890236819,0.3264289970088287
591.8949890236819,0.32619906634430873
591.9949890236819,0.3259719503622464
592.0949890236819,0.3257476060632011
592.194989023682,0.3255259912035571
592.294989023682,0.32530706428056705
592.394989023682,0.3250907845177319
592.494989023682,0.3248771118505078
592.594989023682,0.3246660069123339
592.6949890236821,0.32445743102096974
592.7949890236821,0.32425134616513823
592.8949890236821,0.32404771499146295
592.9949890236821,0.3238465007916947
593.0949890236822,0.32364766749021906
593.1949890236822,0.32345117963183817
593.2949890236822,0.32325700236981986
593.3949890236822,0.3230651014542074
593.4949890236823,0.32287544322038364
593.5949890236823,0.3226879945778829
593.6949890236823,0.3225027229994445
593.7949890236823,0.3223195965103025
593.8949890236823,0.3221385836777052
593.9949890236824,0.3219596536006588
594.0949890236824,0.32178277589989057
594.1949890236824,0.3216079207080248
594.2949890236824,0.32143505865996763
594.3949890236825,0.3212641608834951
594.4949890236825,0.3210951989900392
594.5949890236825,0.32092814506566825
594.6949890236825,0.3207629716622553
594.7949890236825,0.32059965178883176
594.8949890236826,0.32043815890312033
594.9949890236826,0.3202784669032444
595.0949890236826,0.32012055011960816
595.1949890236826,0.3199643833069448
595.2949890236827,0.3198099416365281
595.3949890236827,0.31965720068854325
595.4949890236827,0.31950613644461434
595.5949890236827,0.31935672528048364
595.6949890236828,0.3192089439588396
595.7949890236828,0.31906276962229024
595.8949890236828,0.31891817978647863
595.9949890236828,0.31877515233333664
596.0949890236828,0.31863366550447453
596.1949890236829,0.3184936978947024
596.2949890236829,0.31835522844568137
596.3949890236829,0.3182182364397012
596.4949890236829,0.3180827014935809
596.594989023683,0.3179486035526906
596.694989023683,0.3178159228850911
596.794989023683,0.3176846400757887
596.894989023683,0.31755473602110335
596.994989023683,0.31742619192314625
597.0949890236831,0.3172989892844058
597.1949890236831,0.31717310990243874
597.2949890236831,0.3170485358646646
597.3949890236831,0.31692524954326046
597.4949890236832,0.3168032335901549
597.5949890236832,0.3166824709321181
597.6949890236832,0.3165629447659463
597.7949890236832,0.31644463855373856
597.8949890236833,0.31632753601826386
597.9949890236833,0.31621162113841667
598.0949890236833,0.31609687814475873
598.1949890236833,0.31598329151514565
598.2949890236833,0.31587084597043635
598.3949890236834,0.3157595264702834
598.4949890236834,0.3156493182090026
598.5949890236834,0.3155402066115207
598.6949890236834,0.3154321773293986
598.7949890236835,0.31532521623692916
598.8949890236835,0.31521930942730825
598.9949890236835,0.3151144432088765
599.0949890236835,0.31501060410143156
599.1949890236835,0.31490777883260823
599.2949890236836,0.31480595433432634
599.3949890236836,0.3147051177393034
599.4949890236836,0.3146052563776323
599.5949890236836,0.31450635777342173
599.6949890236837,0.314408409641498
599.7949890236837,0.31431139988416795
599.8949890236837,0.3142153165880406
599.9949890236837,0.31412014802090704
600.0949890236838,0.31402588262867726
600.1949890236838,0.31393250903237246
600.2949890236838,0.3138400160251723
600.3949890236838,0.3137483925695157
600.4949890236838,0.31365762779425366
600.5949890236839,0.31356771099185404
600.6949890236839,0.3134786316156567
600.7949890236839,0.3133903792771776
600.8949890236839,0.31330294374346224
600.994989023684,0.31321631493448554
601.094989023684,0.3131304829205994
601.194989023684,0.31304543792002504
601.294989023684,0.3129611702963908
601.394989023684,0.3128776705563136
601.4949890236841,0.31279492934702335
601.5949890236841,0.31271293745402995
601.6949890236841,0.31263168579883155
601.7949890236841,0.3125511654366635
601.8949890236842,0.3124713675542873
601.9949890236842,0.31239228346781833
602.0949890236842,0.31231390462059244
602.1949890236842,0.3122362225810699
602.2949890236843,0.31215922904077653
602.3949890236843,0.31208291581228054
602.4949890236843,0.31200727482720564
602.5949890236843,0.3119322981342787
602.6949890236843,0.31185797789741176
602.7949890236844,0.3117843063938173
602.8949890236844,0.3117112760121573
602.9949890236844,0.31163887925072353
603.0949890236844,0.3115671087156509
603.1949890236845,0.3114959571191609
603.2949890236845,0.31142541727783624
603.3949890236845,0.31135548211092556
603.4949890236845,0.3112861446386771
603.5949890236845,0.3112173979807021
603.6949890236846,0.31114923535436584
603.7949890236846,0.3110816500732073
603.8949890236846,0.31101463554538555
603.9949890236846,0.3109481852721536
604.0949890236847,0.3108822928463583
604.1949890236847,0.3108169519509661
604.2949890236847,0.3107521563576148
604.3949890236847,0.31068789992518947
604.4949890236848,0.31062417659842384
604.5949890236848,0.31056098040652497
604.6949890236848,0.31049830546182194
604.7949890236848,0.310436145958438
604.8949890236848,0.31037449617098506
604.9949890236849,0.3103133504532809
605.0949890236849,0.3102527032370884
605.1949890236849,0.3101925490308763
605.2949890236849,0.31013288241860093
